2	1	-5414.037	904.8473	0
3	1	-5411.671	905.02	0
4	1	-5408.353	905.2623	0
5	1	-5404.208	905.5649	0
6	1	-5400.191	906.0915	0
6	2	-4433.017	709.2029	0
7	1	-5396.306	906.8173	0
7	2	-4423.165	707.2701	0
8	1	-5392.544	907.7206	0
8	2	-4409.38	704.5637	0
9	1	-5388.901	908.782	0
9	2	-4392.227	701.1939	0
10	1	-5385.37	909.9844	0
10	2	-4372.206	697.2576	0
11	1	-5381.94	911.3127	0
11	2	-4349.756	692.8407	0
12	1	-5378.6	912.7529	0
12	2	-4325.266	688.0182	0
13	1	-5375.338	914.2924	0
13	2	-4299.071	682.8563	0
13	3	-2893.987	234.2064	0
14	1	-5372.142	915.9201	0
14	2	-4271.47	677.4128	0
14	3	-2892.953	234.3566	0
15	1	-5368.994	917.625	0
15	2	-4242.717	671.7378	0
15	3	-2891.502	234.5673	0
16	1	-5365.883	919.3976	0
16	2	-4213.038	665.8752	0
16	3	-2889.69	234.8304	0
17	1	-5362.791	921.2287	0
17	2	-4182.626	659.8634	0
17	3	-2887.563	235.1392	0
17	4	-3815.038	719.9669	0
18	1	-5359.703	923.11	0
18	2	-4151.647	653.7352	0
18	3	-2885.162	235.4877	0
18	4	-3806.906	718.1624	0
19	1	-5356.604	925.0336	0
19	2	-4120.248	647.5197	0
19	3	-2882.524	235.8707	0
19	4	-3795.541	715.6403	0
20	1	-5353.478	926.9923	0
20	2	-4088.553	641.2414	0
20	3	-2879.679	236.2838	0
20	4	-3781.411	712.5047	0
21	1	-5350.308	928.9789	0
21	2	-4056.669	634.9219	0
21	3	-2876.655	236.723	0
21	4	-3764.929	708.8472	0
22	1	-5347.081	930.9872	0
22	2	-4024.688	628.5798	0
22	3	-2873.472	237.1851	0
22	4	-3746.457	704.748	0
23	1	-5343.781	933.011	0
23	2	-3992.688	622.231	0
23	3	-2870.153	237.667	0
23	4	-3726.309	700.2768	0
24	1	-5340.396	935.0448	0
24	2	-3960.737	615.889	0
24	3	-2866.713	238.1664	0
24	4	-3704.757	695.4943	0
25	1	-5349.844	939.6963	0
25	2	-3927.671	609.2754	0
25	3	-2863.169	238.6809	0
25	4	-3682.04	690.453	0
25	5	-5091.289	884.7451	2
26	1	-5374.324	947.6035	0
26	2	-3893.813	602.4669	0
26	3	-2859.534	239.2088	0
26	4	-3658.362	685.1985	0
26	5	-5047.154	875.5597	2
26	6	-5125.945	891.8131	2
27	1	-5412.081	958.573	0
27	2	-3859.432	595.5259	0
27	3	-2855.818	239.7483	0
27	4	-3633.899	679.77	0
27	5	-4985.232	862.6627	2
27	6	-5134.35	893.2662	2
28	1	-5460.843	972.2444	0
28	2	-3824.746	588.5033	0
28	3	-2852.032	240.2982	0
28	4	-3608.804	674.2011	0
28	5	-4916.241	848.3029	2
28	6	-5135.11	892.9363	2
29	1	-5515.741	987.573	0
29	2	-3789.933	581.4406	0
29	3	-2848.183	240.857	0
29	4	-3583.207	668.5209	0
29	5	-4848.646	834.2625	2
29	6	-5125.185	890.2684	2
30	1	-5571.717	1003.379	0
30	2	-3755.138	574.3714	0
30	3	-2844.279	241.4237	0
30	4	-3557.221	662.7543	0
30	5	-4788.9	821.8749	2
30	6	-5106.075	885.5858	2
31	1	-5627.581	1019.375	0
31	2	-3720.482	567.3236	0
31	3	-2840.328	241.9975	0
31	4	-3530.942	656.9225	0
31	5	-4736.002	810.9244	2
31	6	-5079.476	879.2911	2
32	1	-5682.083	1035.241	0
32	2	-3686.063	560.3201	0
32	3	-2836.333	242.5776	0
32	4	-3504.45	651.0438	0
32	5	-4688.992	801.2051	2
32	6	-5047.136	871.8041	2
33	1	-5733.991	1050.651	0
33	2	-3651.96	553.3798	0
33	3	-2832.051	243.1046	0
33	4	-3477.817	645.1335	0
33	5	-4646.974	792.525	2
33	6	-5010.737	863.5295	2
33	7	-3812.251	471.7042	3
34	1	-5782.133	1065.291	0
34	2	-3618.235	546.5179	0
34	3	-2827.519	243.586	0
34	4	-3451.102	639.2051	0
34	5	-4609.127	784.7097	2
34	6	-4971.48	854.7476	2
34	7	-3809.133	472.4488	3
34	8	-3816.998	470.5693	3
35	1	-5826.471	1079.134	0
35	2	-3584.941	539.7466	0
35	3	-2822.773	244.0287	0
35	4	-3424.355	633.2696	0
35	5	-4574.713	777.6029	2
35	6	-4929.883	845.5601	2
35	7	-3804.377	473.5835	3
35	8	-3819.79	469.8986	3
36	1	-5867.23	1092.225	0
36	2	-3552.114	533.0754	0
36	3	-2817.842	244.4387	0
36	4	-3397.619	627.3367	0
36	5	-4543.075	771.0658	2
36	6	-4886.469	836.069	2
36	7	-3798.839	474.9035	3
36	8	-3822.175	469.3198	3
37	1	-5904.666	1104.615	0
37	2	-3519.76	526.5057	0
37	3	-2812.755	244.8218	0
37	4	-3370.931	621.4141	0
37	5	-4513.627	764.9772	2
37	6	-4841.739	826.3725	2
37	7	-3793.236	476.2377	3
37	8	-3823.547	468.9744	3
38	1	-5939.045	1116.359	0
38	2	-3487.873	520.0364	0
38	3	-2807.538	245.1829	0
38	4	-3344.32	615.5089	0
38	5	-4485.863	759.232	2
38	6	-4796.162	816.5615	2
38	7	-3788.11	477.4558	3
38	8	-3824.019	468.8338	3
39	1	-5970.613	1127.506	0
39	2	-3456.445	513.6661	0
39	3	-2802.213	245.5262	0
39	4	-3317.813	609.6267	0
39	5	-4459.345	753.7408	2
39	6	-4750.171	806.7203	2
39	7	-3783.434	478.5609	3
39	8	-3823.694	468.871	3
40	1	-5999.588	1138.103	0
40	2	-3425.578	507.4195	0
40	3	-2796.8	245.8554	0
40	4	-3291.431	603.7722	0
40	5	-4433.703	748.4289	2
40	6	-4704.157	796.9254	2
40	7	-3779.167	479.5579	3
40	8	-3822.651	469.0638	3
40	9	-2439.234	265.2777	0
41	1	-6026.17	1148.189	0
41	2	-3395.299	501.304	0
41	3	-2791.314	246.1738	0
41	4	-3265.193	597.9496	0
41	5	-4408.631	743.2356	2
41	6	-4658.445	787.2393	2
41	7	-3775.262	480.4544	3
41	8	-3820.94	469.3988	3
41	9	-2440.937	265.6063	0
42	1	-6050.536	1157.801	0
42	2	-3365.618	495.3224	0
42	3	-2785.769	246.4838	0
42	4	-3239.112	592.1619	0
42	5	-4383.884	738.113	2
42	6	-4613.306	777.7123	2
42	7	-3771.668	481.2607	3
42	8	-3818.618	469.8618	3
42	9	-2443.493	266.0997	0
43	1	-6072.843	1166.971	0
43	2	-3336.531	489.4742	0
43	3	-2780.177	246.7877	0
43	4	-3213.201	586.4121	0
43	5	-4359.271	733.0245	2
43	6	-4568.95	768.3826	2
43	7	-3768.333	481.988	3
43	8	-3815.745	470.4381	3
43	9	-2446.906	266.7584	0
44	1	-6093.234	1175.728	0
44	2	-3308.057	483.765	0
44	3	-2774.547	247.0872	0
44	4	-3187.471	580.7021	0
44	5	-4334.648	727.9446	2
44	6	-4525.536	759.277	2
44	7	-3765.206	482.6485	3
44	8	-3812.278	471.1389	3
44	9	-2451.179	267.5832	0
45	1	-6111.833	1184.097	0
45	2	-3280.196	478.1952	0
45	3	-2768.887	247.3839	0
45	4	-3161.929	575.034	0
45	5	-4309.92	722.8566	2
45	6	-4483.176	750.4133	2
45	7	-3762.235	483.2546	3
45	8	-3808.405	471.9194	3
45	9	-2456.318	268.575	0
46	1	-6128.754	1192.1	0
46	2	-3252.815	472.6827	0
46	3	-2763.204	247.679	0
46	4	-3136.008	569.3301	0
46	5	-4285.155	717.7687	2
46	6	-4441.942	741.8005	2
46	7	-3759.373	483.818	3
46	8	-3804.189	472.7656	3
46	9	-2462.328	269.735	0
46	10	-3549.91	628.3802	4
47	1	-6144.096	1199.758	0
47	2	-3225.913	467.2341	0
47	3	-2757.502	247.9732	0
47	4	-3109.814	563.6023	0
47	5	-4260.313	712.6765	2
47	6	-4401.869	733.4412	2
47	7	-3756.573	484.3493	3
47	8	-3799.689	473.6642	3
47	9	-2469.217	271.0645	0
47	10	-3530.487	624.3279	4
47	11	-3580.877	634.8508	4
48	1	-6157.947	1207.088	0
48	2	-3199.53	461.8657	0
48	3	-2751.786	248.2675	0
48	4	-3083.439	557.8628	0
48	5	-4235.377	707.5801	2
48	6	-4362.97	725.3328	2
48	7	-3753.795	484.8585	3
48	8	-3794.962	474.6025	3
48	9	-2476.993	272.5648	0
48	10	-3501.115	618.201	4
48	11	-3599.647	638.7857	4
49	1	-6170.388	1214.105	0
49	2	-3173.734	456.6007	0
49	3	-2746.06	248.5625	0
49	4	-3056.985	552.129	0
49	5	-4210.348	702.4832	2
49	6	-4325.247	717.4695	2
49	7	-3751.005	485.3546	3
49	8	-3790.06	475.5692	3
49	9	-2485.664	274.2379	0
49	10	-3467.408	611.1707	4
49	11	-3616.07	642.2474	4
50	1	-6181.488	1220.825	0
50	2	-3148.571	451.4568	0
50	3	-2740.326	248.8588	0
50	4	-3030.545	546.4198	0
50	5	-4183.644	697.184	2
50	6	-4288.651	709.8378	2
50	7	-3748.174	485.8458	3
50	8	-3785.031	476.5539	3
50	9	-2495.24	276.0852	0
50	10	-3433.88	604.1772	4
50	11	-3626.081	644.3907	4
51	1	-6191.309	1227.257	0
51	2	-3124.083	446.4501	0
51	3	-2734.588	249.1567	0
51	4	-3004.21	540.7543	0
51	5	-4155.645	691.7563	2
51	6	-4253.1	702.4195	2
51	7	-3745.277	486.3392	3
51	8	-3779.917	477.5474	3
51	9	-2505.733	278.1091	0
51	10	-3403.785	597.9004	4
51	11	-3630.342	645.355	4
52	1	-6199.904	1233.411	0
52	2	-3100.298	441.594	0
52	3	-2728.847	249.4569	0
52	4	-2978.063	535.1505	0
52	5	-4126.802	686.2773	2
52	6	-4218.49	695.1942	2
52	7	-3742.294	486.8407	3
52	8	-3774.756	478.5416	3
52	9	-2517.154	280.3115	0
52	10	-3376.86	592.2844	4
52	11	-3629.533	645.2823	4
53	1	-6207.323	1239.298	0
53	2	-3077.574	436.9753	0
53	3	-2723.106	249.7595	0
53	4	-2952.215	529.6431	0
53	5	-4097.57	680.8169	2
53	6	-4184.715	688.1424	2
53	7	-3739.214	487.3551	3
53	8	-3769.579	479.5297	3
53	9	-2529.51	282.6926	0
53	10	-3352.916	587.3032	4
53	11	-3624.244	644.3006	4
53	12	-2418.968	297.8912	0
54	1	-6213.605	1244.923	0
54	2	-3056.023	432.6292	0
54	3	-2717.368	250.0647	0
54	4	-2926.722	524.244	0
54	5	-4069.489	675.5248	2
54	6	-4151.692	681.2492	2
54	7	-3736.025	487.8861	3
54	8	-3764.411	480.5061	3
54	9	-2542.813	285.2533	0
54	10	-3331.586	582.8795	4
54	11	-3614.844	642.486	4
54	12	-2420.836	298.4497	0
55	1	-6218.792	1250.293	0
55	2	-3035.166	428.437	0
55	3	-2711.639	250.3719	0
55	4	-2901.631	518.9639	0
55	5	-4042.397	670.3808	2
55	6	-4119.358	674.5041	2
55	7	-3732.72	488.4362	3
55	8	-3759.273	481.466	3
55	9	-2572.446	290.9161	0
55	10	-3312.5	578.9357	4
55	11	-3601.766	639.9269	4
55	12	-2423.643	299.2888	0
56	1	-6222.923	1255.417	0
56	2	-3015.005	424.4061	0
56	3	-2705.923	250.6797	0
56	4	-2876.982	513.8121	0
56	5	-4016.16	665.3678	2
56	6	-4087.663	667.8992	2
56	7	-3729.295	489.0067	3
56	8	-3754.177	482.4044	3
56	9	-2611.25	298.3061	0
56	10	-3295.29	575.3949	4
56	11	-3585.476	636.7189	4
56	12	-2427.395	300.4101	0
57	1	-6226.033	1260.3	0
57	2	-2995.529	420.5396	0
57	3	-2700.221	250.9861	0
57	4	-2852.811	508.7972	0
57	5	-3990.665	660.4718	2
57	6	-4056.565	661.4279	2
57	7	-3725.752	489.5983	3
57	8	-3749.137	483.3173	3
57	9	-2652.708	306.1728	0
57	10	-3279.6	572.1835	4
57	11	-3566.457	632.961	4
57	12	-2432.096	301.8158	0
58	1	-6228.154	1264.948	0
58	2	-2976.701	416.8351	0
58	3	-2694.532	251.2881	0
58	4	-2829.144	503.9261	0
58	5	-3965.816	655.6811	2
58	6	-4026.033	655.0845	2
58	7	-3721.711	490.3134	3
58	8	-3744.149	484.2036	3
58	9	-2661.577	307.8285	0
58	10	-3265.096	569.2318	4
58	11	-3545.19	628.7518	4
58	12	-2437.758	303.5085	0
59	1	-6229.316	1269.367	0
59	2	-2958.672	413.3773	0
59	3	-2688.818	251.5627	0
59	4	-2806.006	499.205	0
59	5	-3941.798	651.0587	2
59	6	-3996.26	648.9229	2
59	7	-3717.218	491.1446	3
59	8	-3739.21	485.0638	3
59	9	-2670.04	309.343	0
59	10	-3251.469	566.4758	4
59	11	-3522.142	624.1871	4
59	12	-2444.39	305.4916	0
59	13	-2842.998	348.0391	0
60	1	-6229.551	1273.561	0
60	2	-2941.529	410.1801	0
60	3	-2683.079	251.8099	0
60	4	-2783.414	494.639	0
60	5	-3918.538	646.5948	2
60	6	-3967.227	642.9403	2
60	7	-3712.35	492.0762	3
60	8	-3734.309	485.9001	3
60	9	-2677.312	310.5666	0
60	10	-3238.44	563.8573	4
60	11	-3497.751	619.3569	4
60	12	-2452.004	307.7689	0
60	13	-2841.036	347.7088	0
61	1	-6228.886	1277.537	0
61	2	-2925.434	407.2745	0
61	3	-2677.312	252.0295	0
61	4	-2761.383	490.232	0
61	5	-3895.968	642.2804	2
61	6	-3938.918	637.1351	2
61	7	-3707.203	493.0879	3
61	8	-3729.431	486.7161	3
61	9	-2682.845	311.3925	0
61	10	-3225.812	561.3409	4
61	11	-3472.419	614.3448	4
61	12	-2460.612	310.345	0
61	13	-2838.494	347.3024	0
62	1	-6227.351	1281.299	0
62	2	-2910.637	404.7128	0
62	3	-2671.515	252.2217	0
62	4	-2739.921	485.9868	0
62	5	-3874.031	638.1077	2
62	6	-3911.312	631.504	2
62	7	-3701.878	494.1563	3
62	8	-3724.561	487.5152	3
62	9	-2686.302	311.7538	0
62	10	-3213.359	558.8784	4
62	11	-3446.511	609.2261	4
62	12	-2470.233	313.2248	0
62	13	-2835.562	346.8647	0
63	1	-6224.971	1284.852	0
63	2	-2897.326	402.534	0
63	3	-2665.691	252.3862	0
63	4	-2719.036	481.9058	0
63	5	-3852.677	634.0695	2
63	6	-3884.382	626.0424	2
63	7	-3696.474	495.2587	3
63	8	-3719.684	488.3015	3
63	9	-2687.552	311.6226	0
63	10	-3200.9	556.4332	4
63	11	-3420.343	604.067	4
63	12	-2480.885	316.4142	0
63	13	-2832.37	346.4281	0
64	1	-6221.772	1288.202	0
64	2	-2885.661	400.7705	0
64	3	-2659.845	252.524	0
64	4	-2698.729	477.9899	0
64	5	-3831.859	630.1589	2
64	6	-3858.103	620.7451	2
64	7	-3691.385	496.2806	3
64	8	-3714.792	489.0775	3
64	9	-2686.632	311.0025	0
64	10	-3188.279	553.9714	4
64	11	-3394.188	598.925	4
64	12	-2492.588	319.9197	0
64	13	-2841.572	347.9001	0
65	1	-6217.781	1291.352	0
65	2	-2875.733	399.4384	0
65	3	-2653.98	252.6341	0
65	4	-2679.001	474.2399	0
65	5	-3811.543	626.3714	2
65	6	-3832.453	615.6088	2
65	7	-3686.584	497.2395	3
65	8	-3709.888	489.8458	3
65	9	-2683.903	309.9835	0
65	10	-3175.38	551.4697	4
65	11	-3368.275	593.8482	4
65	12	-2505.361	323.7484	0
65	13	-2859.599	350.7848	0
66	1	-6213.022	1294.309	0
66	2	-2868.346	398.7227	0
66	3	-2648.069	252.711	0
66	4	-2659.85	470.6553	0
66	5	-3791.697	622.7031	2
66	6	-3807.416	610.6307	2
66	7	-3682.145	498.1904	3
66	8	-3705.171	490.6741	3
66	9	-2679.89	308.6958	0
66	10	-3162.169	548.9266	4
66	11	-3342.785	588.8762	4
66	12	-2519.229	327.908	0
66	13	-2884.349	354.7451	0
66	14	-3314.717	345.9091	0
67	1	-6207.52	1297.076	0
67	2	-2863.62	398.6462	0
67	3	-2642.12	252.7542	0
67	4	-2641.27	467.2356	0
67	5	-3772.296	619.1508	2
67	6	-3782.973	605.8083	2
67	7	-3678.043	499.1411	3
67	8	-3700.642	491.5563	3
67	9	-2675.196	307.2827	0
67	10	-3148.512	546.3063	4
67	11	-3317.863	584.04	4
67	12	-2534.217	332.4073	0
67	13	-2909.414	358.7473	0
67	14	-3313.201	345.9508	0
68	1	-6201.297	1299.659	0
68	2	-2861.628	399.2235	0
68	3	-2636.137	252.7631	0
68	4	-2623.254	463.9789	0
68	5	-3753.312	615.7102	2
68	6	-3759.099	601.1367	2
68	7	-3674.262	500.0998	3
68	8	-3696.303	492.4874	3
68	9	-2670.43	305.8759	0
68	10	-3134.377	543.6022	4
68	11	-3293.612	579.3631	4
68	12	-2550.352	337.2556	0
68	13	-2933.719	362.585	0
68	14	-3311.084	346.0139	0
69	1	-6194.378	1302.062	0
69	2	-2862.317	400.4364	0
69	3	-2630.127	252.7381	0
69	4	-2605.794	460.8834	0
69	5	-3734.735	612.3817	2
69	6	-3735.761	596.6096	2
69	7	-3670.784	501.0745	3
69	8	-3692.165	493.4626	3
69	9	-2665.887	304.5363	0
69	10	-3119.75	540.811	4
69	11	-3270.101	574.8615	4
69	12	-2567.663	342.4633	0
69	13	-2958.125	366.4077	0
69	14	-3308.448	346.0978	0
70	1	-6186.787	1304.289	0
70	2	-2865.652	402.2759	0
70	3	-2624.095	252.6799	0
70	4	-2588.881	457.9467	0
70	5	-3716.572	609.1666	2
70	6	-3712.925	592.2192	2
70	7	-3667.598	502.0733	3
70	8	-3688.235	494.4783	3
70	9	-2661.636	303.2742	0
70	10	-3102.442	537.4426	4
70	11	-3247.337	570.5379	4
70	12	-2586.177	348.0413	0
70	13	-2980.818	369.9231	0
70	14	-3305.369	346.2027	0
71	1	-6178.561	1306.36	0
71	2	-2871.481	404.7012	0
71	3	-2618.046	252.5903	0
71	4	-2572.501	455.1657	0
71	5	-3698.819	606.0646	2
71	6	-3690.572	587.961	2
71	7	-3664.363	503.2032	3
71	8	-3684.504	495.5287	3
71	9	-2657.752	302.1004	0
71	10	-3082.583	533.5126	4
71	11	-3225.278	566.3839	4
71	12	-2621.986	359.0399	0
71	13	-3001.459	373.0742	0
71	14	-3301.914	346.3282	0
71	15	-5867.961	1057.071	0
72	1	-6169.745	1308.282	0
72	2	-2880.038	407.7336	0
72	3	-2611.989	252.4716	0
72	4	-2556.642	452.5379	0
72	5	-3681.487	603.0778	2
72	6	-3668.687	583.8299	2
72	7	-3661.136	504.4534	3
72	8	-3680.971	496.6138	3
72	9	-2654.238	301.0137	0
72	10	-3060.585	529.11	4
72	11	-3203.854	562.387	4
72	12	-2665.023	372.4328	0
72	13	-3018.936	375.6772	0
72	14	-3298.138	346.4738	0
72	15	-5854.711	1054.362	0
73	1	-6160.386	1310.063	0
73	2	-2891.228	411.2934	0
73	3	-2605.933	252.3272	0
73	4	-2541.286	450.06	0
73	5	-3664.584	600.2075	2
73	6	-3647.257	579.8203	2
73	7	-3657.979	505.8102	3
73	8	-3677.633	497.7338	3
73	9	-2651.094	300.0118	0
73	10	-3037.102	524.3979	4
73	11	-3184.089	558.8873	4
73	12	-2706.572	385.5977	0
73	13	-3033.344	377.747	0
73	14	-3294.089	346.6388	0
73	15	-5836.243	1050.591	0
74	1	-6150.519	1311.711	0
74	2	-2904.57	415.2169	0
74	3	-2599.895	252.1613	0
74	4	-2526.42	447.7284	0
74	5	-3648.114	597.4532	2
74	6	-3626.259	575.9247	2
74	7	-3654.946	507.2576	3
74	8	-3674.484	498.8906	3
74	9	-2648.321	299.0932	0
74	10	-3012.88	519.5663	4
74	11	-3165.927	555.8752	4
74	12	-2742.513	397.2831	0
74	13	-3044.814	379.3047	0
74	14	-3289.806	346.8224	0
74	15	-5813.362	1045.924	0
75	1	-6140.188	1313.232	0
75	2	-2916.079	418.6593	0
75	3	-2593.889	251.9781	0
75	4	-2512.023	445.5389	0
75	5	-3632.062	594.8108	2
75	6	-3605.661	572.1328	2
75	7	-3652.326	508.678	3
75	8	-3671.53	500.086	3
75	9	-2645.872	298.2484	0
75	10	-2988.119	514.6017	4
75	11	-3149.334	553.3435	4
75	12	-2773.055	407.5297	0
75	13	-3053.514	380.3776	0
75	14	-3285.324	347.0236	0
75	15	-5786.775	1040.507	0
76	1	-6129.426	1314.637	0
76	2	-2924.27	421.3243	0
76	3	-2587.938	251.7855	0
76	4	-2498.081	443.4872	0
76	5	-3616.408	592.2734	2
76	6	-3585.422	568.4329	2
76	7	-3650.076	510.0854	3
76	8	-3668.773	501.3209	3
76	9	-2643.696	297.4679	0
76	10	-2965.198	510.0728	4
76	11	-3134.282	551.2858	4
76	12	-2798.516	416.4142	0
76	13	-3058.984	380.8867	0
76	14	-3280.811	347.2736	0
76	15	-5757.108	1034.469	0
76	16	-2488.542	159.851	0
77	1	-6118.271	1315.935	0
77	2	-2929.452	423.2803	0
77	3	-2582.058	251.5863	0
77	4	-2484.575	441.5689	0
77	5	-3601.12	589.8321	2
77	6	-3565.499	564.8125	2
77	7	-3648.152	511.4913	3
77	8	-3666.214	502.5952	3
77	9	-2641.753	296.7433	0
77	10	-2943.83	505.9145	4
77	11	-3120.75	549.6972	4
77	12	-2819.26	424.0266	0
77	13	-3061.577	380.8917	0
77	14	-3276.272	347.5663	0
77	15	-5724.91	1027.922	0
77	16	-2485.107	159.3292	0
78	1	-6106.767	1317.138	0
78	2	-2931.923	424.5942	0
78	3	-2576.263	251.3832	0
78	4	-2471.489	439.7796	0
78	5	-3585.659	587.3954	2
78	6	-3545.854	561.2606	2
78	7	-3646.513	512.9042	3
78	8	-3663.852	503.9077	3
78	9	-2640.009	296.0681	0
78	10	-2923.778	502.0746	4
78	11	-3108.704	548.5734	4
78	12	-2835.677	430.4651	0
78	13	-3061.633	380.4505	0
78	14	-3271.711	347.8954	0
78	15	-5690.656	1020.965	0
78	16	-2480.3	158.6001	0
79	1	-6094.959	1318.26	0
79	2	-2931.966	425.3309	0
79	3	-2570.568	251.179	0
79	4	-2458.803	438.1145	0
79	5	-3570.071	584.9656	2
79	6	-3526.449	557.7678	2
79	7	-3645.117	514.3302	3
79	8	-3661.68	505.2565	3
79	9	-2638.418	295.4336	0
79	10	-2904.858	498.5117	4
79	11	-3098.125	547.9116	4
79	12	-2848.164	435.8311	0
79	13	-3059.472	379.6187	0
79	14	-3267.132	348.2552	0
79	15	-5654.763	1013.683	0
79	16	-2474.317	157.6932	0
80	1	-6082.889	1319.31	0
80	2	-2929.901	425.5681	0
80	3	-2564.985	250.9762	0
80	4	-2446.501	436.5688	0
80	5	-3554.388	582.5422	2
80	6	-3507.253	554.3257	2
80	7	-3643.922	515.7736	3
80	8	-3659.69	506.6392	3
80	9	-2636.935	294.8319	0
80	10	-2886.931	495.1956	4
80	11	-3088.998	547.7101	4
80	12	-2857.115	440.2261	0
80	13	-3055.399	378.4494	0
80	14	-3262.533	348.6404	0
80	15	-5617.589	1006.151	0
80	16	-2467.326	156.6345	0
81	1	-6070.587	1320.298	0
81	2	-2925.971	425.3622	0
81	3	-2559.526	250.7774	0
81	4	-2434.563	435.1372	0
81	5	-3538.634	580.1222	2
81	6	-3488.236	550.9274	2
81	7	-3642.67	517.3661	3
81	8	-3657.869	508.0547	3
81	9	-2635.524	294.256	0
81	10	-2869.894	492.1048	4
81	11	-3081.294	547.9676	4
81	12	-2862.908	443.7488	0
81	13	-3050.294	377.0923	0
81	14	-3257.914	349.0463	0
81	15	-5579.445	998.4332	0
81	16	-2459.478	155.4465	0
82	1	-6058.085	1321.232	0
82	2	-2920.451	424.7811	0
82	3	-2554.202	250.585	0
82	4	-2422.974	433.8148	0
82	5	-3522.818	577.7015	2
82	6	-3469.371	547.5673	2
82	7	-3641.382	519.0844	3
82	8	-3656.198	509.5029	3
82	9	-2634.148	293.6998	0
82	10	-2853.676	489.2264	4
82	11	-3099.53	556.6323	4
82	12	-2865.893	446.4926	0
82	13	-3044.357	375.5828	0
82	14	-3253.273	349.4686	0
82	15	-5540.595	990.5839	0
82	16	-2450.9	154.1492	0
83	1	-6045.409	1322.12	0
83	2	-2913.534	423.8713	0
83	3	-2549.018	250.4009	0
83	4	-2411.716	432.5961	0
83	5	-3506.944	575.2739	2
83	6	-3450.639	544.2415	2
83	7	-3640.284	520.7735	3
83	8	-3654.663	510.9824	3
83	9	-2632.781	293.158	0
83	10	-2838.465	486.6213	4
83	11	-3126.138	568.1527	4
83	12	-2866.413	448.553	0
83	13	-3037.775	373.9542	0
83	14	-3248.608	349.9034	0
83	15	-5501.266	982.65	0
83	16	-2441.707	152.7599	0
84	1	-6032.579	1322.968	0
84	2	-2905.575	422.7253	0
84	3	-2544.041	250.2319	0
84	4	-2400.775	431.4757	0
84	5	-3491.006	572.8322	2
84	6	-3432.02	540.946	2
84	7	-3639.338	522.4407	3
84	8	-3653.246	512.4913	3
84	9	-2631.584	292.6576	0
84	10	-2824.055	484.2978	4
84	11	-3145.382	577.426	4
84	12	-2864.846	450.0371	0
84	13	-3030.721	372.238	0
84	14	-3243.918	350.347	0
84	15	-5461.652	974.6718	0
84	16	-2431.995	151.2938	0
84	17	-2178.895	217.9003	0
85	1	-6019.615	1323.78	0
85	2	-2896.773	421.3933	0
85	3	-2539.271	250.0792	0
85	4	-2390.135	430.4484	0
85	5	-3474.999	570.3702	2
85	6	-3413.509	537.6806	2
85	7	-3638.509	524.0912	3
85	8	-3651.93	514.0267	3
85	9	-2630.523	292.1916	0
85	10	-2810.756	482.3445	4
85	11	-3156.794	584.3099	4
85	12	-2861.47	451.0214	0
85	13	-3022.536	370.322	0
85	14	-3239.201	350.7964	0
85	15	-5421.918	966.6834	0
85	16	-2421.851	149.764	0
85	17	-2177.167	217.9268	0
86	1	-6006.536	1324.561	0
86	2	-2887.305	419.9207	0
86	3	-2534.705	249.9436	0
86	4	-2379.778	429.5089	0
86	5	-3458.92	567.8831	2
86	6	-3395.095	534.4437	2
86	7	-3637.763	525.7289	3
86	8	-3650.7	515.5851	3
86	9	-2629.557	291.7521	0
86	10	-2799.237	480.9599	4
86	11	-3161.245	589.0423	4
86	12	-2856.522	451.5706	0
86	13	-3014.06	368.347	0
86	14	-3234.453	351.2486	0
86	15	-5382.203	958.7134	0
86	16	-2411.348	148.1818	0
86	17	-2174.745	217.9645	0
87	1	-5993.352	1325.316	0
87	2	-2877.283	418.332	0
87	3	-2530.34	249.8256	0
87	4	-2369.688	428.6518	0
87	5	-3442.767	565.3665	2
87	6	-3376.783	531.2371	2
87	7	-3636.892	527.4957	3
87	8	-3649.537	517.1648	3
87	9	-2628.695	291.3502	0
87	10	-2789.251	480.0739	4
87	11	-3159.571	591.8564	4
87	12	-2850.234	451.7488	0
87	13	-3005.48	366.3471	0
87	14	-3229.675	351.7012	0
87	15	-5342.622	950.7857	0
87	16	-2400.548	146.5573	0
87	17	-2171.724	218.0126	0
88	1	-5980.079	1326.049	0
88	2	-2866.855	416.6655	0
88	3	-2526.119	249.7037	0
88	4	-2359.846	427.8717	0
88	5	-3426.535	562.8176	2
88	6	-3358.569	528.0596	2
88	7	-3636.085	529.2253	3
88	8	-3648.423	518.763	3
88	9	-2627.95	290.9995	0
88	10	-2780.584	479.6239	4
88	11	-3152.555	592.9752	4
88	12	-2842.798	451.608	0
88	13	-2996.952	364.3511	0
88	14	-3224.863	352.152	0
88	15	-5303.271	942.9203	0
88	16	-2389.509	144.8988	0
88	17	-2168.186	218.0702	0
89	1	-5966.728	1326.761	0
89	2	-2856.154	414.9544	0
89	3	-2522.003	249.5592	0
89	4	-2350.236	427.1634	0
89	5	-3419.742	562.9901	2
89	6	-3340.474	524.922	2
89	7	-3635.312	530.923	3
89	8	-3647.342	520.3765	3
89	9	-2627.342	290.713	0
89	10	-2773.049	479.5547	4
89	11	-3140.917	592.6077	4
89	12	-2834.398	451.1993	0
89	13	-2988.61	362.3841	0
89	14	-3220.018	352.5992	0
89	15	-5264.234	935.134	0
89	16	-2378.277	143.2139	0
89	17	-2164.203	218.1366	0
90	1	-5953.306	1327.456	0
90	2	-2845.253	413.2136	0
90	3	-2517.94	249.3773	0
90	4	-2340.837	426.5215	0
90	5	-3420.279	565.1932	2
90	6	-3323.68	522.1282	2
90	7	-3634.54	532.5917	3
90	8	-3646.276	522.0012	3
90	9	-2626.899	290.5024	0
90	10	-2766.484	479.8173	4
90	11	-3125.313	590.9465	4
90	12	-2825.188	450.5629	0
90	13	-2981.266	360.5775	0
90	14	-3215.138	353.0411	0
90	15	-5225.574	927.4402	0
90	16	-2366.893	141.509	0
90	17	-2159.84	218.2111	0
91	1	-5939.823	1328.137	0
91	2	-2834.268	411.4726	0
91	3	-2513.883	249.1475	0
91	4	-2331.633	425.941	0
91	5	-3418.282	566.5591	2
91	6	-3306.756	519.3213	2
91	7	-3633.584	534.38	3
91	8	-3645.208	523.6354	3
91	9	-2626.65	290.3761	0
91	10	-2760.749	480.3684	4
91	11	-3106.335	588.1676	4
91	12	-2815.315	449.7394	0
91	13	-2974.001	358.7795	0
91	14	-3210.229	353.4771	0
91	15	-5187.347	919.8499	0
91	16	-2355.392	139.7894	0
91	17	-2155.152	218.2932	0
92	1	-5926.285	1328.804	0
92	2	-2822.613	409.6247	0
92	3	-2509.762	248.8501	0
92	4	-2322.606	425.4167	0
92	5	-3414.821	567.4354	2
92	6	-3291.756	517.0367	2
92	7	-3632.782	536.1366	3
92	8	-3644.206	525.2857	3
92	9	-2626.503	290.2947	0
92	10	-2755.709	481.1705	4
92	11	-3084.511	584.4318	4
92	12	-2804.768	448.7584	0
92	13	-2966.924	356.9931	0
92	14	-3205.293	353.9066	0
92	15	-5149.596	912.3718	0
92	16	-2343.805	138.06	0
92	17	-2150.144	218.3708	0
92	18	-3061.468	455.5207	0
93	1	-5912.701	1329.46	0
93	2	-2810.662	407.7473	0
93	3	-2505.554	248.4839	0
93	4	-2313.739	424.9436	0
93	5	-3410.043	567.8822	2
93	6	-3278.685	515.2917	2
93	7	-3632.086	537.8655	3
93	8	-3643.252	526.9484	3
93	9	-2626.499	290.2679	0
93	10	-2751.265	482.1891	4
93	11	-3060.308	579.8796	4
93	12	-2793.683	447.6512	0
93	13	-2959.149	355.0797	0
93	14	-3200.334	354.3292	0
93	15	-5112.354	905.0128	0
93	16	-2332.158	136.3248	0
93	17	-2144.87	218.4465	0
93	18	-3070.112	457.695	0
94	1	-5899.072	1330.107	0
94	2	-2798.52	405.8581	0
94	3	-2501.244	248.0507	0
94	4	-2305.015	424.5172	0
94	5	-3404.069	567.9515	2
94	6	-3267.506	514.0974	2
94	7	-3631.459	539.5689	3
94	8	-3642.333	528.619	3
94	9	-2626.66	290.3009	0
94	10	-2746.592	483.1604	4
94	11	-3035.026	574.9126	4
94	12	-2782.173	446.4423	0
94	13	-2950.854	353.0732	0
94	14	-3195.361	354.7454	0
94	15	-5075.65	897.7784	0
94	16	-2320.472	134.5872	0
94	17	-2139.378	218.5227	0
94	18	-3080.959	460.3691	0
95	1	-5885.405	1330.745	0
95	2	-2786.322	403.9879	0
95	3	-2496.854	247.5558	0
95	4	-2296.421	424.133	0
95	5	-3396.83	567.6924	2
95	6	-3258.086	513.4441	2
95	7	-3630.716	541.4003	3
95	8	-3641.43	530.2946	3
95	9	-2626.996	290.3944	0
95	10	-2741.489	484.018	4
95	11	-3009.132	569.6785	4
95	12	-2770.344	445.1559	0
95	13	-2942.106	350.9832	0
95	14	-3190.395	355.1586	0
95	15	-5039.503	890.6725	0
95	16	-2308.761	132.8486	0
95	17	-2133.713	218.6019	0
95	18	-3091.058	462.8118	0
96	1	-5871.705	1331.376	0
96	2	-2774.184	402.1631	0
96	3	-2492.498	247.0115	0
96	4	-2287.941	423.7872	0
96	5	-3388.45	567.1417	2
96	6	-3250.12	513.2772	2
96	7	-3630.012	543.1783	3
96	8	-3640.528	531.9714	3
96	9	-2627.496	290.5447	0
96	10	-2735.784	484.7029	4
96	11	-2983.019	564.304	4
96	12	-2758.285	443.813	0
96	13	-2933.053	348.8374	0
96	14	-3185.457	355.5722	0
96	15	-5003.928	883.6976	0
96	16	-2297.037	131.1104	0
96	17	-2127.912	218.6864	0
96	18	-3100.116	464.9204	0
97	1	-5857.972	1332.001	0
97	2	-2762.207	400.4063	0
97	3	-2488.363	246.4331	0
97	4	-2279.563	423.4762	0
97	5	-3378.831	566.3031	2
97	6	-3242.822	513.4297	2
97	7	-3628.719	544.7183	3
97	8	-3639.233	533.509	3
97	9	-2628.143	290.7451	0
97	10	-2729.333	485.1646	4
97	11	-2957.01	558.8947	4
97	12	-2746.077	442.4309	0
97	13	-2922.694	346.4748	0
97	14	-3180.563	355.9892	0
97	15	-4969.765	877.0392	0
97	16	-2285.308	129.3737	0
97	17	-2122.009	218.7778	0
97	18	-3107.772	466.5986	0
97	19	-4006.653	663.3443	0
98	1	-5844.211	1332.621	0
98	2	-2750.473	398.7361	0
98	3	-2484.597	245.8411	0
98	4	-2271.277	423.1966	0
98	5	-3368.141	565.2228	2
98	6	-3237.08	513.9928	2
98	7	-3626.764	546.2064	3
98	8	-3637.563	534.9175	3
98	9	-2628.905	290.986	0
98	10	-2722.023	485.3623	4
98	11	-2931.362	553.5361	4
98	12	-2733.789	441.0261	0
98	13	-2912.26	344.0826	0
98	14	-3175.732	356.4127	0
98	15	-4936.911	870.675	0
98	16	-2273.585	127.6395	0
98	17	-2116.032	218.8774	0
98	18	-3112.719	467.562	0
98	19	-4008.283	664.5316	0
99	1	-5830.427	1333.236	0
99	2	-2739.048	397.1677	0
99	3	-2481.314	245.2552	0
99	4	-2263.071	422.9457	0
99	5	-3356.536	563.943	2
99	6	-3232.881	514.9812	2
99	7	-3624.379	547.4913	3
99	8	-3635.537	536.2063	3
99	9	-2629.741	291.2562	0
99	10	-2713.773	485.2656	4
99	11	-2906.27	548.2951	4
99	12	-2721.481	439.6126	0
99	13	-2900.79	341.5285	0
99	14	-3170.978	356.8456	0
99	15	-4905.272	864.5836	0
99	16	-2261.873	125.9087	0
99	17	-2110.001	218.9845	0
99	18	-3113.219	467.4472	0
99	19	-4010.576	666.2005	0
100	1	-5816.619	1333.847	0
100	2	-2727.984	395.7131	0
100	3	-2478.581	244.6913	0
100	4	-2254.937	422.7208	0
100	5	-3374.246	571.3293	2
100	6	-3230.16	516.4066	2
100	7	-3621.61	548.6053	3
100	8	-3633.173	537.3837	3
100	9	-2630.61	291.5441	0
100	10	-2704.54	484.8543	4
100	11	-2881.874	543.2206	4
100	12	-2709.209	438.2026	0
100	13	-2888.472	338.8466	0
100	14	-3166.316	357.2908	0
100	15	-4874.759	858.7448	0
100	16	-2250.179	124.1819	0
100	17	-2103.93	219.0985	0
100	18	-3110.091	466.4776	0
100	19	-4013.435	668.2864	0
101	1	-5802.789	1334.455	0
101	2	-2717.304	394.3732	0
101	3	-2476.415	244.1604	0
101	4	-2246.867	422.5198	0
101	5	-3386.153	576.9553	2
101	6	-3238.02	521.1036	2
101	7	-3618.497	549.5754	3
101	8	-3630.489	538.4573	3
101	9	-2631.468	291.8391	0
101	10	-2694.308	484.119	4
101	11	-2858.267	538.3468	4
101	12	-2697.02	436.8062	0
101	13	-2875.476	336.0676	0
101	14	-3161.759	357.751	0
101	15	-4845.287	853.1384	0
101	16	-2238.509	122.4597	0
101	17	-2097.834	219.2189	0
101	18	-3104.037	464.8589	0
101	19	-4016.77	670.7322	0
102	1	-5788.941	1335.06	0
102	2	-2707.056	393.16	0
102	3	-2474.781	243.6674	0
102	4	-2238.854	422.3405	0
102	5	-3393.348	581.1631	2
102	6	-3247.672	526.4217	2
102	7	-3615.077	550.4244	3
102	8	-3627.506	539.4353	3
102	9	-2632.277	292.1321	0
102	10	-2683.093	483.0594	4
102	11	-2835.504	533.6949	4
102	12	-2684.95	435.4323	0
102	13	-2861.947	333.2184	0
102	14	-3157.319	358.2287	0
102	15	-4816.776	847.7459	0
102	16	-2226.866	120.7421	0
102	17	-2091.726	219.3453	0
102	18	-3095.669	462.7723	0
102	19	-4020.499	673.4877	0
103	1	-5775.074	1335.662	0
103	2	-2697.276	392.0834	0
103	3	-2473.524	243.1923	0
103	4	-2230.893	422.1815	0
103	5	-3396.741	584.2426	2
103	6	-3255.72	531.3015	2
103	7	-3611.384	551.1725	3
103	8	-3624.264	540.3315	3
103	9	-2632.926	292.4147	0
103	10	-2670.936	481.6845	4
103	11	-2813.603	529.2753	4
103	12	-2673.037	434.0894	0
103	13	-2847.967	330.36	0
103	14	-3154.156	359.0386	0
103	15	-4789.149	842.549	0
103	16	-2215.12	118.996	0
103	17	-2085.618	219.4773	0
103	18	-3085.474	460.3525	0
103	19	-4024.544	676.509	0
103	20	-2910.54	291.4911	5
104	1	-5761.191	1336.263	0
104	2	-2687.986	391.1499	0
104	3	-2472.554	242.7357	0
104	4	-2222.977	422.041	0
104	5	-3397.073	586.4299	2
104	6	-3262.152	535.705	2
104	7	-3607.451	551.837	3
104	8	-3620.764	541.1472	3
104	9	-2633.393	292.6792	0
104	10	-2656.007	479.3783	4
104	11	-2792.527	525.0798	4
104	12	-2661.31	432.7854	0
104	13	-2833.634	327.5005	0
104	14	-3152.063	360.1346	0
104	15	-4762.336	837.5302	0
104	16	-2203.305	117.229	0
104	17	-2079.52	219.6146	0
104	18	-3073.739	457.6587	0
104	19	-4028.837	679.7581	0
104	20	-2905.059	291.306	5
104	21	-2920.174	291.8239	5
105	1	-5747.292	1336.861	0
105	2	-2679.191	390.3628	0
105	3	-2471.776	242.2967	0
105	4	-2215.104	421.9181	0
105	5	-3394.936	587.9141	2
105	6	-3266.652	539.5414	2
105	7	-3603.123	552.5786	3
105	8	-3617.023	541.8909	3
105	9	-2633.676	292.921	0
105	10	-2638.451	476.1794	4
105	11	-2772.196	521.0863	4
105	12	-2649.794	431.5275	0
105	13	-2819.034	324.6477	0
105	14	-3150.869	361.4759	0
105	15	-4736.266	832.6719	0
105	16	-2191.448	115.4476	0
105	17	-2073.434	219.7565	0
105	18	-3060.711	454.7394	0
105	19	-4033.319	683.2025	0
105	20	-2896.667	291.0236	5
105	21	-2926.313	292.0454	5
106	1	-5733.378	1337.458	0
106	2	-2670.868	389.7124	0
106	3	-2471.092	241.8734	0
106	4	-2207.269	421.8117	0
106	5	-3390.804	588.8457	2
106	6	-3269.404	542.851	2
106	7	-3598.647	553.2334	3
106	8	-3613.061	542.5717	3
106	9	-2633.695	293.1235	0
106	10	-2618.64	472.2057	4
106	11	-2752.495	517.2617	4
106	12	-2638.514	430.3225	0
106	13	-2804.332	321.8237	0
106	14	-3150.431	363.0268	0
106	15	-4710.872	827.9579	0
106	16	-2179.576	113.6576	0
106	17	-2067.354	219.9016	0
106	18	-3046.609	451.6375	0
106	19	-4037.938	686.8136	0
106	20	-2886.989	290.6987	5
106	21	-2931.924	292.2621	5
107	1	-5719.45	1338.054	0
107	2	-2663.012	389.1994	0
107	3	-2470.418	241.4636	0
107	4	-2199.47	421.7214	0
107	5	-3384.93	589.3734	2
107	6	-3270.045	545.5309	2
107	7	-3594.041	553.8165	3
107	8	-3608.897	543.198	3
107	9	-2633.364	293.269	0
107	10	-2597.109	467.631	4
107	11	-2733.292	513.5673	4
107	12	-2627.489	429.1762	0
107	13	-2789.709	319.0537	0
107	14	-3150.631	364.7566	0
107	15	-4686.092	823.3721	0
107	16	-2167.709	111.864	0
107	17	-2061.279	220.0487	0
107	18	-3031.673	448.4045	0
107	19	-4042.662	690.5722	0
107	20	-2877.375	290.3768	5
107	21	-2935.791	292.4353	5
108	1	-5705.511	1338.649	0
108	2	-2655.613	388.8224	0
108	3	-2469.685	241.066	0
108	4	-2191.705	421.6467	0
108	5	-3377.593	589.5706	2
108	6	-3268.91	547.6667	2
108	7	-3589.318	554.3413	3
108	8	-3604.55	543.7773	3
108	9	-2632.639	293.3483	0
108	10	-2574.476	462.6597	4
108	11	-2714.453	509.9619	4
108	12	-2616.733	428.0938	0
108	13	-2775.304	316.3542	0
108	14	-3151.378	366.6396	0
108	15	-4661.865	818.8994	0
108	16	-2155.868	110.0711	0
108	17	-2055.203	220.1969	0
108	18	-3016.074	445.0729	0
108	19	-4047.472	694.4633	0
108	20	-2868.823	290.0928	5
108	21	-2938.109	292.5729	5
109	1	-5691.559	1339.244	0
109	2	-2648.634	388.5689	0
109	3	-2468.848	240.6799	0
109	4	-2183.973	421.5874	0
109	5	-3370.806	590.1827	2
109	6	-3266.255	549.3282	2
109	7	-3584.464	554.8135	3
109	8	-3599.843	544.2773	3
109	9	-2631.525	293.3621	0
109	10	-2552.937	458.0339	4
109	11	-2695.871	506.4139	4
109	12	-2606.257	427.0786	0
109	13	-2761.218	313.7356	0
109	14	-3152.595	368.6548	0
109	15	-4637.799	814.516	0
109	16	-2144.067	108.2825	0
109	17	-2049.125	220.3456	0
109	18	-3000.01	441.6852	0
109	19	-4052.29	698.4656	0
109	20	-2861.275	289.845	5
109	21	-2939.068	292.681	5
109	22	-5026.995	828.4614	6
110	1	-5677.593	1339.837	0
110	2	-2642.056	388.436	0
110	3	-2467.884	240.3055	0
110	4	-2176.272	421.5431	0
110	5	-3364.529	591.1818	2
110	6	-3261.578	550.3815	2
110	7	-3579.519	555.2482	3
110	8	-3594.841	544.714	3
110	9	-2630.082	293.3226	0
110	10	-2532.466	453.7472	4
110	11	-2677.469	502.9	4
110	12	-2596.066	426.1332	0
110	13	-2747.522	311.2029	0
110	14	-3154.219	370.7844	0
110	15	-4613.889	810.2068	0
110	16	-2132.321	106.5015	0
110	17	-2043.042	220.494	0
110	18	-2983.607	438.2655	0
110	19	-4057.134	702.5728	0
110	20	-2854.654	289.6317	5
110	21	-2938.847	292.7649	5
110	22	-5021.981	829.225	6
110	23	-5035.071	827.2034	6
111	1	-5663.617	1340.43	0
111	2	-2635.843	388.4112	0
111	3	-2466.821	239.9395	0
111	4	-2168.601	421.5135	0
111	5	-3358.544	592.4691	2
111	6	-3255.433	550.9855	2
111	7	-3574.49	555.6539	3
111	8	-3589.596	545.0994	3
111	9	-2628.412	293.2494	0
111	10	-2513.022	449.7888	4
111	11	-2659.192	499.4041	4
111	12	-2586.16	425.2589	0
111	13	-2734.258	308.756	0
111	14	-3156.199	373.0142	0
111	15	-4590.129	805.9579	0
111	16	-2120.639	104.7306	0
111	17	-2036.955	220.6422	0
111	18	-2967.029	434.8496	0
111	19	-4062.002	706.7767	0
111	20	-2848.872	289.4512	5
111	21	-2937.594	292.8341	5
111	22	-5014.304	830.3946	6
111	23	-5039.895	826.4205	6
