2	1	-7192.607	920.1371	0
3	1	-7193.225	920.9967	0
4	1	-7192.197	921.8092	0
5	1	-7188.984	922.4792	0
6	1	-7166.76	922.3944	0
6	2	-5871.114	661.179	0
7	1	-7164.715	923.3821	0
7	2	-5855.391	658.755	0
8	1	-7160.442	924.3416	0
8	2	-5833.996	655.4628	0
9	1	-7153.471	925.2048	0
9	2	-5794.208	656.1355	0
10	1	-7143.56	925.9433	0
10	2	-5763.44	652.1537	0
11	1	-7131.009	926.6904	0
11	2	-5731.424	647.3135	0
12	1	-7117.242	927.5131	0
12	2	-5697.577	641.6077	0
13	1	-7102.846	928.5627	0
13	2	-5659.195	635.0062	0
13	3	-3551.866	115.1378	0
14	1	-7088.228	929.8795	0
14	2	-5611.053	626.6348	0
14	3	-3550.591	115.2982	0
15	1	-7075.439	931.2756	0
15	2	-5560.206	617.3019	0
15	3	-3548.707	115.4944	0
16	1	-7069.038	933.5859	0
16	2	-5519.034	610.0801	0
16	3	-3546.299	115.7148	0
17	1	-7065.23	935.8747	0
17	2	-5470.297	602.4802	0
17	3	-3538.728	116.1907	0
17	4	-5051.881	676.5787	0
18	1	-7069.172	938.7714	0
18	2	-5415.12	594.5946	0
18	3	-3533.989	116.4819	0
18	4	-5039.169	674.2611	0
19	1	-7085.146	942.6884	0
19	2	-5356.455	586.7271	0
19	3	-3528.103	116.8806	0
19	4	-5021.546	671.076	0
20	1	-7107.998	947.2078	0
20	2	-5295.015	578.8895	0
20	3	-3521.407	117.3828	0
20	4	-4999.716	667.1567	0
21	1	-7126.644	951.4081	0
21	2	-5232.421	570.5687	0
21	3	-3514.028	118.0019	0
21	4	-4944.445	661.653	0
22	1	-7131.364	955.356	0
22	2	-5177.845	562.9908	0
22	3	-3506.088	118.7903	0
22	4	-4912.261	656.4274	0
23	1	-7128.836	958.9368	0
23	2	-5129.353	555.1718	0
23	3	-3497.823	119.5623	0
23	4	-4880.369	650.7892	0
24	1	-7119.447	962.272	0
24	2	-5092.401	547.2855	0
24	3	-3491.014	120.3936	0
24	4	-4850.147	644.8841	0
25	1	-7146.64	969.8984	0
25	2	-5065.049	540.1497	0
25	3	-3485.443	121.1611	0
25	4	-4822.554	639.1381	0
25	5	-6664.195	891.5084	2
26	1	-7203.335	983.0228	0
26	2	-5025.979	533.3494	0
26	3	-3481.556	121.7097	0
26	4	-4794.663	633.3322	0
26	5	-6563.16	876.8571	2
26	6	-7577.967	925.2399	2
27	1	-7275.603	999.6442	0
27	2	-4971.329	526.9892	0
27	3	-3481.542	122.011	0
27	4	-4761.459	627.3998	0
27	5	-6432.424	858.224	2
27	6	-7595.511	927.3934	2
28	1	-7357.172	1019.499	0
28	2	-4910.19	520.8999	0
28	3	-3485.604	122.1328	0
28	4	-4723.172	621.5602	0
28	5	-6298.06	837.9633	2
28	6	-7588.389	924.6335	2
29	1	-7445.769	1041.837	0
29	2	-4858.104	514.2621	0
29	3	-3489.807	122.3167	0
29	4	-4681.66	615.5311	0
29	5	-6178.248	819.0991	2
29	6	-7492.092	905.9649	2
30	1	-7549.468	1065.004	0
30	2	-4799.722	508.4196	0
30	3	-3489.557	123.1052	0
30	4	-4637.172	609.4901	0
30	5	-6092.325	803.8162	2
30	6	-7426.719	894.565	2
31	1	-7672.443	1088.989	0
31	2	-4752.665	500.3056	0
31	3	-3485.462	124.4502	0
31	4	-4594.129	603.4333	0
31	5	-6045.545	791.8985	2
31	6	-7367.114	884.3721	2
32	1	-7798.295	1112.876	0
32	2	-4714.329	490.0854	0
32	3	-3478.807	126.1023	0
32	4	-4555.142	597.1279	0
32	5	-6010.123	782.7632	2
32	6	-7236.787	868.6892	2
33	1	-7891.147	1132.256	0
33	2	-4658.887	477.7669	0
33	3	-3470.898	127.7401	0
33	4	-4512.39	590.713	0
33	5	-5951.618	773.6341	2
33	6	-7167.448	856.5514	2
33	7	-4657.967	394.5219	3
34	1	-7960.455	1147.579	0
34	2	-4615.271	468.2936	0
34	3	-3465.592	128.7867	0
34	4	-4468.925	585.1475	0
34	5	-5892.506	764.9266	2
34	6	-7107.042	845.5387	2
34	7	-4629.529	396.5039	3
34	8	-4762.92	390.8026	3
35	1	-8049.165	1166.144	0
35	2	-4563.316	460.3058	0
35	3	-3459.816	129.9807	0
35	4	-4429.319	578.8056	0
35	5	-5838.209	756.7311	2
35	6	-7041.231	833.8192	2
35	7	-4609.27	398.8075	3
35	8	-4760.183	389.9097	3
36	1	-8117.666	1182.832	0
36	2	-4502.792	452.5356	0
36	3	-3454.387	132.0251	0
36	4	-4395.226	571.3478	0
36	5	-5792.579	749.0955	2
36	6	-6962.453	822.6383	2
36	7	-4618.687	400.8029	3
36	8	-4764.305	389.1873	3
37	1	-8169.354	1197.683	0
37	2	-4438.889	444.8419	0
37	3	-3450.492	133.3239	0
37	4	-4362.591	563.4694	0
37	5	-5750.855	741.802	2
37	6	-6873.899	810.9319	2
37	7	-4632.587	402.5485	3
37	8	-4798.773	390.0585	3
38	1	-8210.024	1211.176	0
38	2	-4383.667	437.3717	0
38	3	-3449.452	133.0416	0
38	4	-4324.859	554.9926	0
38	5	-5708.919	734.875	2
38	6	-6776.517	799.2844	2
38	7	-4632.303	404.8911	3
38	8	-4798.823	389.8323	3
39	1	-8246.242	1224.422	0
39	2	-4341.268	429.5842	0
39	3	-3448.812	132.2975	0
39	4	-4278.826	544.7367	0
39	5	-5668.583	728.6465	2
39	6	-6689.749	788.0759	2
39	7	-4623.888	406.964	3
39	8	-4754.512	383.2468	3
40	1	-8281.986	1237.521	0
40	2	-4317.689	422.0495	0
40	3	-3440.752	131.0439	0
40	4	-4245.201	537.3613	0
40	5	-5629.751	722.779	2
40	6	-6603.513	776.3917	2
40	7	-4617.825	408.3963	3
40	8	-4754.613	383.6902	3
40	9	-3006.376	159.2455	0
41	1	-8325.436	1251.312	0
41	2	-4291.086	415.9663	0
41	3	-3425.51	128.7821	0
41	4	-4206.763	530.2935	0
41	5	-5595.36	716.5051	2
41	6	-6512.435	766.4481	2
41	7	-4615.797	409.1971	3
41	8	-4753.986	384.2614	3
41	9	-3008.892	159.6484	0
42	1	-8371.44	1264.581	0
42	2	-4247.46	411.1579	0
42	3	-3422.394	128.4894	0
42	4	-4163.68	523.1719	0
42	5	-5563.045	710.2913	2
42	6	-6441.141	754.2971	2
42	7	-4612.738	410.0588	3
42	8	-4754.534	389.3691	3
42	9	-3012.508	160.2216	0
43	1	-8432.884	1279.108	0
43	2	-4199.142	406.722	0
43	3	-3414.117	128.5743	0
43	4	-4118.614	516.2215	0
43	5	-5531.75	704.085	2
43	6	-6385.05	740.6713	2
43	7	-4610.405	411.1404	3
43	8	-4755.659	391.0256	3
43	9	-3017.218	160.9594	0
44	1	-8515.946	1295.708	0
44	2	-4159.188	401.6251	0
44	3	-3402.09	128.907	0
44	4	-4072.403	509.4317	0
44	5	-5499.84	697.8381	2
44	6	-6314.957	725.5071	2
44	7	-4608.367	412.3692	3
44	8	-4756.107	392.5804	3
44	9	-3023.053	161.8602	0
45	1	-8595.031	1311.22	0
45	2	-4115.401	397.3774	0
45	3	-3388.813	129.4921	0
45	4	-4025.833	502.3307	0
45	5	-5465.057	691.2711	2
45	6	-6231.948	708.299	2
45	7	-4607.27	412.9055	3
45	8	-4749.657	392.8345	3
45	9	-3029.988	162.9241	0
46	1	-8651.184	1325.018	0
46	2	-4078.242	391.5322	0
46	3	-3375.238	130.3466	0
46	4	-3982.029	495.777	0
46	5	-5425.864	683.85	2
46	6	-6172.669	697.2449	2
46	7	-4607.125	413.2437	3
46	8	-4733.093	391.2836	3
46	9	-3038.052	164.151	0
46	10	-4867.387	549.5763	4
47	1	-8683.464	1337.032	0
47	2	-4048.95	383.7135	0
47	3	-3363.477	130.9888	0
47	4	-3942.497	488.9634	0
47	5	-5386.029	676.1785	2
47	6	-6097.466	685.8433	2
47	7	-4607.838	413.6607	3
47	8	-4730.534	391.6392	3
47	9	-3047.302	165.5486	0
47	10	-4794.594	543.9846	4
47	11	-4780.067	579.7335	4
48	1	-8700.583	1347.652	0
48	2	-4015.003	375.5513	0
48	3	-3355.349	131.5475	0
48	4	-3912.309	481.8892	0
48	5	-5352.894	670.0104	2
48	6	-6015.887	674.5816	2
48	7	-4608.475	414.0986	3
48	8	-4723.865	392.3402	3
48	9	-3057.731	167.1139	0
48	10	-4712.576	536.6729	4
48	11	-4802.899	584.2888	4
49	1	-8713.678	1357.699	0
49	2	-3974.023	366.4302	0
49	3	-3351.03	131.6121	0
49	4	-3892.245	475.7645	0
49	5	-5316.449	663.6938	2
49	6	-5934.551	663.8353	2
49	7	-4608.281	414.5621	3
49	8	-4710.708	393.0258	3
49	9	-3064.343	171.3334	0
49	10	-4651.326	527.519	4
49	11	-4832.287	588.5853	4
50	1	-8739.209	1368.03	0
50	2	-3944.539	360.4487	0
50	3	-3353.486	131.2662	0
50	4	-3862.496	470.3705	0
50	5	-5273.789	657.0764	2
50	6	-5855.342	652.9337	2
50	7	-4605.513	414.768	3
50	8	-4693.849	393.8658	3
50	9	-3077.381	173.464	0
50	10	-4624.919	518.9454	4
50	11	-4879.721	593.0714	4
51	1	-8762.911	1379.08	0
51	2	-3908.639	354.7867	0
51	3	-3358.415	130.967	0
51	4	-3822.614	465.5342	0
51	5	-5225.731	650.1971	2
51	6	-5789.103	643.2701	2
51	7	-4599.51	414.5169	3
51	8	-4676.233	395.123	3
51	9	-3092.637	175.55	0
51	10	-4610.326	512.8115	4
51	11	-4886.025	594.3396	4
52	1	-8789.475	1392.369	0
52	2	-3869.785	349.3915	0
52	3	-3357.431	131.3997	0
52	4	-3779.31	461.0565	0
52	5	-5174.21	643.3217	2
52	6	-5731.381	633.8685	2
52	7	-4591.304	413.8994	3
52	8	-4662.374	396.3671	3
52	9	-3110.147	177.5095	0
52	10	-4572.983	507.6666	4
52	11	-4818.328	580.3884	4
53	1	-8824.128	1403.591	0
53	2	-3832.022	344.3889	0
53	3	-3350.863	132.6428	0
53	4	-3743.124	456.1431	0
53	5	-5119.47	636.4833	2
53	6	-5684.122	624.6604	2
53	7	-4589.403	414.2734	3
53	8	-4655.276	397.6519	3
53	9	-3127.814	179.3027	0
53	10	-4534.077	502.7229	4
53	11	-4808.545	578.3486	4
53	12	-2917.8	206.8805	0
54	1	-8873.392	1414.635	0
54	2	-3795.833	339.6062	0
54	3	-3341.117	134.285	0
54	4	-3703.506	452.0218	0
54	5	-5072.503	629.5364	2
54	6	-5648.48	616.0223	2
54	7	-4586.045	414.6859	3
54	8	-4656.81	398.6648	3
54	9	-3146.934	181.3142	0
54	10	-4497.901	498.0461	4
54	11	-4794.24	576.1003	4
54	12	-2920.149	207.4221	0
55	1	-8915.899	1423.986	0
55	2	-3762.398	334.8382	0
55	3	-3331.895	135.7573	0
55	4	-3669.321	447.0278	0
55	5	-5033.262	623.4507	2
55	6	-5618.606	608.7373	2
55	7	-4581.079	415.0746	3
55	8	-4669.331	399.771	3
55	9	-3175.975	190.7304	0
55	10	-4468.283	493.6331	4
55	11	-4765.389	578.5067	4
55	12	-2923.827	208.2642	0
56	1	-8905.935	1424.235	0
56	2	-3733.442	330.4319	0
56	3	-3325.903	136.6237	0
56	4	-3643.694	439.7111	0
56	5	-4997.906	617.3767	2
56	6	-5577.22	601.5166	2
56	7	-4574.636	415.4383	3
56	8	-4680.455	400.9045	3
56	9	-3219.967	201.4298	0
56	10	-4444.39	489.3459	4
56	11	-4740.052	575.9578	4
56	12	-2928.871	209.4202	0
57	1	-8894.358	1423.775	0
57	2	-3707.595	325.9495	0
57	3	-3319.201	138.1563	0
57	4	-3611.69	431.4255	0
57	5	-4967.985	611.5288	2
57	6	-5526.628	594.7646	2
57	7	-4566.879	415.86	3
57	8	-4680.067	402.6658	3
57	9	-3297.12	202.4971	0
57	10	-4420.193	485.3609	4
57	11	-4713.403	572.3556	4
57	12	-2935.287	210.8933	0
58	1	-8912.603	1430.514	0
58	2	-3685.967	321.4503	0
58	3	-3313.673	140.275	0
58	4	-3575.258	422.3238	0
58	5	-4943.248	606.0359	2
58	6	-5472.003	588.1381	2
58	7	-4555.563	416.5183	3
58	8	-4673.879	404.4807	3
58	9	-3297.931	204.8193	0
58	10	-4397.51	481.9338	4
58	11	-4685.447	567.5782	4
58	12	-2943.076	212.6776	0
59	1	-8906.623	1434.492	0
59	2	-3668.702	317.3476	0
59	3	-3310.727	139.9845	0
59	4	-3546.101	416.7747	0
59	5	-4921.88	601.352	2
59	6	-5416.74	581.6727	2
59	7	-4541.749	417.4679	3
59	8	-4664.206	406.4107	3
59	9	-3308.943	206.3355	0
59	10	-4375.771	479.065	4
59	11	-4652.124	561.4717	4
59	12	-2952.189	214.7667	0
59	13	-3452.703	252.5074	0
60	1	-8883.833	1436.566	0
60	2	-3653.912	313.9835	0
60	3	-3309.768	139.1223	0
60	4	-3509.182	411.3996	0
60	5	-4896.895	596.5666	2
60	6	-5368.37	575.3079	2
60	7	-4525.774	418.6396	3
60	8	-4655.918	408.0735	3
60	9	-3332.071	207.3216	0
60	10	-4355.435	476.5179	4
60	11	-4605.458	552.438	4
60	12	-2962.678	217.1675	0
60	13	-3450.575	252.3107	0
61	1	-8855.874	1438.39	0
61	2	-3636.453	311.1364	0
61	3	-3305.576	138.0591	0
61	4	-3469.865	406.4154	0
61	5	-4867.458	592.3576	2
61	6	-5323.283	568.7788	2
61	7	-4513.031	420.1507	3
61	8	-4651.67	409.3543	3
61	9	-3339.944	208.1911	0
61	10	-4337.961	473.5756	4
61	11	-4567.573	544.6763	4
61	12	-2974.537	219.8793	0
61	13	-3447.883	252.077	0
62	1	-8827.733	1440.516	0
62	2	-3617.58	309.0807	0
62	3	-3292.255	136.0919	0
62	4	-3429.945	401.5705	0
62	5	-4836.487	588.0707	2
62	6	-5276.129	562.7504	2
62	7	-4505.29	421.5063	3
62	8	-4646.243	411.0661	3
62	9	-3344.502	208.4141	0
62	10	-4321.836	470.6815	4
62	11	-4528.958	538.2448	4
62	12	-2989.718	224.4822	0
62	13	-3444.869	251.8361	0
63	1	-8813.9	1444.387	0
63	2	-3599.591	307.3312	0
63	3	-3283.438	134.6499	0
63	4	-3396.017	397.0507	0
63	5	-4804.5	584.0139	2
63	6	-5229.473	557.689	2
63	7	-4511.231	422.8647	3
63	8	-4641.749	413.6597	3
63	9	-3344.419	207.7023	0
63	10	-4306.478	467.8221	4
63	11	-4481.676	531.5835	4
63	12	-3005.828	227.7274	0
63	13	-3441.755	251.6445	0
64	1	-8811.059	1449.023	0
64	2	-3583.104	306.0505	0
64	3	-3277.688	134.3774	0
64	4	-3368.306	392.4969	0
64	5	-4772.501	580.042	2
64	6	-5190.626	551.4604	2
64	7	-4525.397	424.018	3
64	8	-4639.521	415.1814	3
64	9	-3337.693	205.7471	0
64	10	-4290.929	464.9083	4
64	11	-4430.319	525.1071	4
64	12	-3022.534	231.4294	0
64	13	-3465.994	257.3845	0
65	1	-8830.63	1455.89	0
65	2	-3569.458	305.1049	0
65	3	-3268.685	134.2832	0
65	4	-3349.324	387.8181	0
65	5	-4742.953	576.1491	2
65	6	-5157.681	544.7651	2
65	7	-4530.709	425.1992	3
65	8	-4640.73	415.795	3
65	9	-3327.03	203.2908	0
65	10	-4274.063	461.9214	4
65	11	-4377.165	518.8451	4
65	12	-3039.153	235.6237	0
65	13	-3485.04	261.45	0
66	1	-8881.097	1466.361	0
66	2	-3561.098	304.571	0
66	3	-3257.408	134.3245	0
66	4	-3337.668	383.9406	0
66	5	-4716.595	572.2496	2
66	6	-5126.852	537.9626	2
66	7	-4527.711	426.908	3
66	8	-4643.39	416.2747	3
66	9	-3316.49	201.0717	0
66	10	-4253.738	458.4288	4
66	11	-4328.877	512.5366	4
66	12	-3057.094	240.2937	0
66	13	-3524.724	267.9535	0
66	14	-4095.645	239.0485	0
67	1	-8930.515	1476.493	0
67	2	-3557.696	304.5665	0
67	3	-3245.703	134.4688	0
67	4	-3320.016	380.7064	0
67	5	-4688.751	568.4446	2
67	6	-5092.67	531.0725	2
67	7	-4522.352	428.5253	3
67	8	-4640.749	416.2471	3
67	9	-3307.081	199.1609	0
67	10	-4228.792	453.9619	4
67	11	-4289.99	506.7166	4
67	12	-3075.137	245.4703	0
67	13	-3559.008	272.3622	0
67	14	-4093.59	239.0614	0
68	1	-8945.527	1483.664	0
68	2	-3557.909	305.4946	0
68	3	-3233.98	134.7325	0
68	4	-3295.816	378.2908	0
68	5	-4661.837	565.1805	2
68	6	-5049.809	523.0092	2
68	7	-4515.745	430.1984	3
68	8	-4626.372	414.569	3
68	9	-3299.162	197.5553	0
68	10	-4203.747	449.349	4
68	11	-4261.631	500.8831	4
68	12	-3094.19	251.1492	0
68	13	-3590.547	277.5685	0
68	14	-4090.835	239.1019	0
69	1	-8936.609	1488.527	0
69	2	-3563.956	304.3	0
69	3	-3222.511	134.8356	0
69	4	-3268.906	376.2397	0
69	5	-4635.406	562.3696	2
69	6	-5010.362	515.3839	2
69	7	-4510.426	431.7188	3
69	8	-4620.39	414.0717	3
69	9	-3292.277	196.1367	0
69	10	-4183.231	445.8087	4
69	11	-4245.366	495.7224	4
69	12	-3115.132	256.9731	0
69	13	-3619.849	283.3832	0
69	14	-4087.56	239.1794	0
70	1	-8911.644	1491.852	0
70	2	-3572.783	307.1475	0
70	3	-3213.302	134.9211	0
70	4	-3244.181	374.1805	0
70	5	-4612.411	558.8816	2
70	6	-4979.122	509.9377	2
70	7	-4508.136	432.9875	3
70	8	-4618.066	414.8859	3
70	9	-3285.98	194.8427	0
70	10	-4153.714	441.4408	4
70	11	-4229.506	491.3486	4
70	12	-3139.058	263.1669	0
70	13	-3647.364	288.1129	0
70	14	-4083.869	239.2954	0
71	1	-8890.382	1495.099	0
71	2	-3585.679	310.6899	0
71	3	-3205.428	134.8382	0
71	4	-3223.094	371.78	0
71	5	-4592.034	555.2578	2
71	6	-4942.984	504.515	2
71	7	-4504.222	435.1471	3
71	8	-4611.566	415.6962	3
71	9	-3280.459	193.696	0
71	10	-4117.452	436.4994	4
71	11	-4202.119	487.8781	4
71	12	-3190.833	279.9995	0
71	13	-3677.095	291.1653	0
71	14	-4078.228	244.2866	0
71	15	-8449.778	1137.03	0
72	1	-8882.693	1499.245	0
72	2	-3599.682	318.4434	0
72	3	-3198.973	134.522	0
72	4	-3201.029	370.1248	0
72	5	-4573.196	551.6411	2
72	6	-4903.712	499.1783	2
72	7	-4501.246	438.1937	3
72	8	-4602.172	416.5597	3
72	9	-3275.503	192.6566	0
72	10	-4073.409	431.1573	4
72	11	-4169.464	484.4438	4
72	12	-3257.535	296.7617	0
72	13	-3708.981	291.5618	0
72	14	-4074.841	245.004	0
72	15	-8421.852	1132.442	0
73	1	-8872.663	1504.787	0
73	2	-3619.014	323.0939	0
73	3	-3195.031	134.0078	0
73	4	-3180.531	369.0356	0
73	5	-4554.011	548.056	2
73	6	-4863.229	494.0638	2
73	7	-4500.348	441.636	3
73	8	-4592.194	417.5542	3
73	9	-3271.127	191.7157	0
73	10	-4023.145	425.7745	4
73	11	-4136.837	481.7991	4
73	12	-3319.802	310.6718	0
73	13	-3732.189	291.738	0
73	14	-4072.542	245.5419	0
73	15	-8384.15	1126.255	0
74	1	-8869.009	1512.038	0
74	2	-3641.007	327.6263	0
74	3	-3193.435	133.3832	0
74	4	-3164.65	366.0381	0
74	5	-4531.494	544.0734	2
74	6	-4822.75	489.1834	2
74	7	-4503.363	443.3499	3
74	8	-4582.483	418.8002	3
74	9	-3267.461	190.8707	0
74	10	-3968.315	419.9225	4
74	11	-4109.724	479.4604	4
74	12	-3366.287	320.6478	0
74	13	-3748.084	292.5509	0
74	14	-4071.172	245.9072	0
74	15	-8338.518	1118.77	0
75	1	-8879.536	1516.479	0
75	2	-3661.426	330.9745	0
75	3	-3192.451	132.8926	0
75	4	-3151.241	362.7403	0
75	5	-4505.117	539.3105	2
75	6	-4782.352	484.5314	2
75	7	-4509.393	444.0565	3
75	8	-4573.536	420.1118	3
75	9	-3264.297	190.0835	0
75	10	-3922.838	414.3814	4
75	11	-4088.173	477.2966	4
75	12	-3410.784	329.2894	0
75	13	-3757.672	293.3659	0
75	14	-4069.465	246.0835	0
75	15	-8260.644	1107.741	0
76	1	-8899.118	1521.062	0
76	2	-3674.76	330.9076	0
76	3	-3189.704	132.4551	0
76	4	-3135.204	359.2261	0
76	5	-4483.034	535.3608	2
76	6	-4742.919	479.634	2
76	7	-4512.098	444.7065	3
76	8	-4568.02	421.6137	3
76	9	-3261.525	189.3534	0
76	10	-3895.987	408.4918	4
76	11	-4067.186	476.1789	4
76	12	-3439.848	337.2029	0
76	13	-3769.921	294.1072	0
76	14	-4065.398	246.0276	0
76	15	-8194.614	1097.789	0
76	16	-2987.218	42.50183	0
77	1	-8888.58	1520.335	0
77	2	-3679.068	332.2664	0
77	3	-3184.138	132.5868	0
77	4	-3111.794	354.397	0
77	5	-4464.171	532.4142	2
77	6	-4709.064	475.4122	2
77	7	-4506.548	444.4795	3
77	8	-4565.106	423.1538	3
77	9	-3259.231	188.7021	0
77	10	-3881.306	403.1086	4
77	11	-4049.396	476.5533	4
77	12	-3456.685	344.8159	0
77	13	-3772.389	293.8294	0
77	14	-4055.772	245.2336	0
77	15	-8123.393	1087.213	0
77	16	-2983.506	42.15137	0
78	1	-8823.433	1508.755	0
78	2	-3679.61	332.8878	0
78	3	-3177.224	132.8003	0
78	4	-3095.616	351.1881	0
78	5	-4442.155	529.3674	2
78	6	-4677.95	471.1494	2
78	7	-4497.843	443.7599	3
78	8	-4564.979	424.6268	3
78	9	-3256.723	188.0021	0
78	10	-3870.552	399.0651	4
78	11	-4037.788	475.6929	4
78	12	-3475.836	351.7125	0
78	13	-3769.652	292.6365	0
78	14	-4045.329	244.1552	0
78	15	-8046.703	1075.999	0
78	16	-2978.084	41.60083	0
79	1	-8822.836	1510.597	0
79	2	-3677.96	333.099	0
79	3	-3169.465	133.1	0
79	4	-3079.902	349.117	0
79	5	-4418.123	526.2626	2
79	6	-4650.555	466.8435	2
79	7	-4501.063	445.0999	3
79	8	-4569.987	426.2122	3
79	9	-3254.417	187.3402	0
79	10	-3850.354	395.7819	4
79	11	-4032.201	474.8527	4
79	12	-3494.629	356.9509	0
79	13	-3759.492	290.1433	0
79	14	-4042.25	244.2487	0
79	15	-7965.419	1064.333	0
79	16	-2971.181	40.85461	0
80	1	-8801.086	1510.558	0
80	2	-3674.814	333.0669	0
80	3	-3161.145	133.4647	0
80	4	-3061.373	347.1978	0
80	5	-4392.386	523.1589	2
80	6	-4628.831	462.5828	2
80	7	-4501.163	446.4749	3
80	8	-4579.853	427.9669	3
80	9	-3252.32	186.7176	0
80	10	-3824.699	393.0956	4
80	11	-4028.798	474.2579	4
80	12	-3509.481	360.8264	0
80	13	-3744.378	287.0576	0
80	14	-4036.336	244.4435	0
80	15	-7881.474	1051.898	0
80	16	-2957.453	40.81482	0
81	1	-8759.015	1508.036	0
81	2	-3669.786	332.7126	0
81	3	-3153.237	133.736	0
81	4	-3041.253	345.465	0
81	5	-4366.205	520.1437	2
81	6	-4612.368	458.6647	2
81	7	-4497.35	447.9787	3
81	8	-4589.825	429.7604	3
81	9	-3250.353	186.1265	0
81	10	-3797.164	390.7645	4
81	11	-4019.455	473.1552	4
81	12	-3522.464	363.803	0
81	13	-3733.303	284.9181	0
81	14	-4028.089	244.6865	0
81	15	-7803.214	1040.337	0
81	16	-2945.288	39.21106	0
82	1	-8709.105	1504.82	0
82	2	-3662.561	331.9921	0
82	3	-3146.503	133.7584	0
82	4	-3021.07	344.0096	0
82	5	-4339.481	517.2091	2
82	6	-4596.572	455.1554	2
82	7	-4490.726	449.6055	3
82	8	-4596.491	431.6023	3
82	9	-3248.412	185.549	0
82	10	-3770.02	388.5802	4
82	11	-4051.346	485.2601	4
82	12	-3533.379	366.07	0
82	13	-3722.676	282.9193	0
82	14	-4017.962	245.0371	0
82	15	-7728.021	1028.825	0
82	16	-2934.796	37.7547	0
83	1	-8658.288	1502.156	0
83	2	-3653.049	330.8735	0
83	3	-3140.636	133.627	0
83	4	-3001.113	342.7792	0
83	5	-4312.422	514.1992	2
83	6	-4574.482	451.8443	2
83	7	-4485.432	451.1789	3
83	8	-4597.579	433.9155	3
83	9	-3246.426	184.9711	0
83	10	-3747.904	386.3278	4
83	11	-4099.293	500.9928	4
83	12	-3539.782	367.6332	0
83	13	-3712.119	280.9491	0
83	14	-4007.203	245.4927	0
83	15	-7658.151	1017.456	0
83	16	-2922.776	36.28516	0
84	1	-8614.362	1500.154	0
84	2	-3633.389	329.3658	0
84	3	-3134.35	133.5992	0
84	4	-2983.117	341.5445	0
84	5	-4287.054	511.2393	2
84	6	-4547.12	448.9751	2
84	7	-4480.695	452.9096	3
84	8	-4596.818	436.2137	3
84	9	-3245.702	184.6406	0
84	10	-3728.042	384.3555	4
84	11	-4118.662	508.2665	4
84	12	-3541.789	368.8309	0
84	13	-3701.444	278.9675	0
84	14	-3996.209	246.1204	0
84	15	-7599.24	1006.757	0
84	16	-2909.337	34.82611	0
84	17	-2702.92	90.84827	0
85	1	-8589.583	1500.942	0
85	2	-3621.26	327.6664	0
85	3	-3128.677	133.7891	0
85	4	-2968.414	340.5901	0
85	5	-4264.028	508.4661	2
85	6	-4517.147	446.113	2
85	7	-4476.607	454.7135	3
85	8	-4593.806	438.6421	3
85	9	-3245.064	184.3265	0
85	10	-3708.885	383.2096	4
85	11	-4116.502	513.8801	4
85	12	-3538.114	370.0306	0
85	13	-3688.46	276.6644	0
85	14	-3985.322	246.7219	0
85	15	-7552.428	997.0981	0
85	16	-2894.473	33.422	0
85	17	-2700.652	90.79712	0
86	1	-8580.142	1503.001	0
86	2	-3607.394	325.8207	0
86	3	-3123.258	134.1978	0
86	4	-2956.098	339.4807	0
86	5	-4242.47	505.5364	2
86	6	-4485.032	443.3873	2
86	7	-4474.132	456.4782	3
86	8	-4590.546	441.0939	3
86	9	-3244.49	184.0253	0
86	10	-3693.788	383.5236	4
86	11	-4109.833	518.1576	4
86	12	-3531.25	370.8697	0
86	13	-3676.4	274.4886	0
86	14	-3976.934	247.4064	0
86	15	-7511.59	988.6498	0
86	16	-2878.601	32.10803	0
86	17	-2697.619	90.76929	0
87	1	-8603.029	1509.117	0
87	2	-3592.061	323.8543	0
87	3	-3118.828	134.2684	0
87	4	-2948.019	338.3609	0
87	5	-4224.044	502.5969	2
87	6	-4454.723	440.6297	2
87	7	-4470.402	458.7648	3
87	8	-4589.274	443.3159	3
87	9	-3244.043	183.7517	0
87	10	-3683.746	383.4361	4
87	11	-4107.663	520.1417	4
87	12	-3521.179	371.5213	0
87	13	-3664.339	272.3052	0
87	14	-3970.339	248.0187	0
87	15	-7458.245	979.3977	0
87	16	-2861.91	30.85828	0
87	17	-2693.966	90.77222	0
88	1	-8642.587	1517.448	0
88	2	-3575.391	321.8494	0
88	3	-3115.125	133.8383	0
88	4	-2943.822	337.4324	0
88	5	-4209.312	499.7354	2
88	6	-4428.719	437.549	2
88	7	-4472.017	460.6515	3
88	8	-4589.961	445.4505	3
88	9	-3243.619	183.4985	0
88	10	-3678.524	382.9731	4
88	11	-4113.293	520.587	4
88	12	-3509.068	371.9321	0
88	13	-3652.521	270.1578	0
88	14	-3965.868	248.4362	0
88	15	-7392.261	970.1674	0
88	16	-2844.387	29.68274	0
88	17	-2677.316	92.75867	0
89	1	-8660.498	1523.403	0
89	2	-3558.093	319.8806	0
89	3	-3112.066	133.3101	0
89	4	-2939.294	336.7067	0
89	5	-4216.084	501.7452	2
89	6	-4400.137	434.5545	2
89	7	-4476.619	462.5731	3
89	8	-4590.084	448.0057	3
89	9	-3243.314	183.2964	0
89	10	-3676.589	382.7218	4
89	11	-4118.728	519.8909	4
89	12	-3496.976	371.9468	0
89	13	-3641.1	268.0681	0
89	14	-3965.55	248.7172	0
89	15	-7320.391	960.5349	0
89	16	-2826.45	28.26068	0
89	17	-2671.786	93.00635	0
90	1	-8645.296	1526.595	0
90	2	-3540.369	317.9326	0
90	3	-3109.07	132.7147	0
90	4	-2930.389	336.6012	0
90	5	-4230.669	505.9203	2
90	6	-4375.255	432.5128	2
90	7	-4484.838	464.5927	3
90	8	-4590.965	451.2253	3
90	9	-3243.353	183.1938	0
90	10	-3674.018	382.5978	4
90	11	-4105.229	518.4019	4
90	12	-3485.522	371.5465	0
90	13	-3632.529	266.3818	0
90	14	-3969.126	248.9507	0
90	15	-7244.088	950.8536	0
90	16	-2810.161	26.89148	0
90	17	-2667.875	93.06732	0
91	1	-8614.096	1528.021	0
91	2	-3522.314	316.0414	0
91	3	-3104.996	129.3049	0
91	4	-2918.901	336.7228	0
91	5	-4229.689	507.1865	2
91	6	-4349.704	430.8817	2
91	7	-4493.963	467.0441	3
91	8	-4593.557	454.191	3
91	9	-3244.133	183.285	0
91	10	-3663.476	381.4297	4
91	11	-4074.164	516.3453	4
91	12	-3472.055	371.2419	0
91	13	-3622.704	264.5197	0
91	14	-3972.5	249.2503	0
91	15	-7173.116	941.4575	0
91	16	-2794.791	25.25928	0
91	17	-2665.944	92.97705	0
92	1	-8578.933	1528.986	0
92	2	-3502.05	314.1098	0
92	3	-3100.726	129.1727	0
92	4	-2905.693	337.0835	0
92	5	-4225.323	508.2093	2
92	6	-4333.723	428.0383	2
92	7	-4503.556	469.143	3
92	8	-4598.465	456.0186	3
92	9	-3245.068	183.4353	0
92	10	-3648.134	379.2915	4
92	11	-4032.906	513.7245	4
92	12	-3457.859	371.5928	0
92	13	-3613.798	262.7883	0
92	14	-3971.722	249.8294	0
92	15	-7111.556	932.3105	0
92	16	-2781.246	23.22656	0
92	17	-2664.667	92.88739	0
92	18	-3827.521	377.1326	0
93	1	-8561.06	1531.118	0
93	2	-3481.969	311.9933	0
93	3	-3096.303	128.9673	0
93	4	-2892.448	337.4795	0
93	5	-4218.163	508.7733	2
93	6	-4323.406	425.7867	2
93	7	-4507.795	471.4528	3
93	8	-4605.854	457.7824	3
93	9	-3248.704	184.2398	0
93	10	-3647.992	380.1503	4
93	11	-3996.198	509.924	4
93	12	-3444.504	371.2276	0
93	13	-3602.081	260.6518	0
93	14	-3966.645	250.9287	0
93	15	-7044.806	923.0808	0
93	16	-2770.428	20.78607	0
93	17	-2661.472	93.00171	0
93	18	-3840.045	379.4902	0
94	1	-8540.884	1533.885	0
94	2	-3463.723	310.1134	0
94	3	-3091.664	128.6614	0
94	4	-2881.739	337.5568	0
94	5	-4208.426	508.9977	2
94	6	-4316.056	424.2	2
94	7	-4508.876	473.8393	3
94	8	-4612.263	459.3584	3
94	9	-3251.133	185.691	0
94	10	-3641.904	380.8176	4
94	11	-3954.497	506.8843	4
94	12	-3433.134	369.687	0
94	13	-3590.141	258.5023	0
94	14	-3959.607	252.0786	0
94	15	-6979.073	915.1415	0
94	16	-2761.741	18.58203	0
94	17	-2655.472	93.82275	0
94	18	-3855.586	382.3788	0
95	1	-8525.446	1539.591	0
95	2	-3446.361	308.1185	0
95	3	-3086.647	128.2322	0
95	4	-2870.945	337.675	0
95	5	-4196.675	509.0066	2
95	6	-4307.388	423.0274	2
95	7	-4507.485	476.7284	3
95	8	-4612.287	460.2265	3
95	9	-3241.947	184.442	0
95	10	-3631.206	381.2782	4
95	11	-3919.922	501.189	4
95	12	-3422.515	367.6865	0
95	13	-3577.889	256.3085	0
95	14	-3951.061	253.3723	0
95	15	-6920.391	906.7984	0
95	16	-2750.331	16.78461	0
95	17	-2647.797	94.81494	0
95	18	-3869.69	384.9519	0
96	1	-8521.7	1543.163	0
96	2	-3430.76	306.0539	0
96	3	-3081.214	127.6801	0
96	4	-2860.394	338.476	0
96	5	-4184.219	508.6456	2
96	6	-4291.157	420.9649	2
96	7	-4505.294	479.2596	3
96	8	-4604.168	459.8144	3
96	9	-3239.366	184.0129	0
96	10	-3617.026	381.5829	4
96	11	-3892.732	492.6729	4
96	12	-3408.51	365.2039	0
96	13	-3565.447	254.0953	0
96	14	-3943.404	254.5037	0
96	15	-6871.593	897.5234	0
96	16	-2735.833	15.80725	0
96	17	-2638.533	96.12756	0
96	18	-3882.118	387.0964	0
97	1	-8534.091	1547.072	0
97	2	-3418.198	303.9606	0
97	3	-3075.565	127.0028	0
97	4	-2850.681	339.634	0
97	5	-4171.681	507.9581	2
97	6	-4276.514	419.1516	2
97	7	-4502.702	481.1823	3
97	8	-4601.786	460.0986	3
97	9	-3238.87	183.9479	0
97	10	-3600.996	381.7986	4
97	11	-3848.372	481.2673	4
97	12	-3386.707	361.274	0
97	13	-3550.768	251.618	0
97	14	-3938.511	255.2418	0
97	15	-6829.092	888.3466	0
97	16	-2719.677	15.09912	0
97	17	-2630.017	97.21704	0
97	18	-3892.186	388.6729	0
97	19	-5537.691	596.4189	0
98	1	-8537.526	1548.884	0
98	2	-3408.74	302.0009	0
98	3	-3069.873	126.2614	0
98	4	-2843.021	339.1647	0
98	5	-4156.559	507.1638	2
98	6	-4274.209	419.7099	2
98	7	-4500.765	483.3305	3
98	8	-4602.65	461.3423	3
98	9	-3239.071	184.0193	0
98	10	-3583.402	381.9573	4
98	11	-3814.216	472.603	4
98	12	-3370.76	358.4219	0
98	13	-3537.009	249.238	0
98	14	-3932.708	256.1962	0
98	15	-6783.397	879.0931	0
98	16	-2702.869	14.50879	0
98	17	-2623.321	97.87842	0
98	18	-3898.019	389.361	0
98	19	-5542.376	598.0275	0
99	1	-8486.927	1539.955	0
99	2	-3400.648	300.4113	0
99	3	-3064.58	125.4601	0
99	4	-2837.288	338.4133	0
99	5	-4140.634	506.6397	2
99	6	-4269.368	420.7414	2
99	7	-4498.997	484.8611	3
99	8	-4599.805	462.4105	3
99	9	-3239.526	184.152	0
99	10	-3565.221	381.525	4
99	11	-3775.648	466.1691	4
99	12	-3355.839	356.6081	0
99	13	-3514.196	247.6059	0
99	14	-3927.658	257.6748	0
99	15	-6724.807	868.0963	0
99	16	-2688.237	13.45233	0
99	17	-2615.851	99.1604	0
99	18	-3893.611	387.8651	0
99	19	-5549.234	600.3267	0
100	1	-8453.403	1534.383	0
100	2	-3390.362	298.9904	0
100	3	-3060.111	124.6316	0
100	4	-2830.657	337.4524	0
100	5	-4179.624	522.1014	2
100	6	-4262.935	422.2552	2
100	7	-4496.872	486.5723	3
100	8	-4594.182	463.2931	3
100	9	-3239.999	184.2977	0
100	10	-3549.853	381.1356	4
100	11	-3730.119	459.9428	4
100	12	-3337.652	354.8135	0
100	13	-3497.64	244.7502	0
100	14	-3923.636	259.3835	0
100	15	-6662.595	856.3022	0
100	16	-2672.861	12.32587	0
100	17	-2609.043	101.1782	0
100	18	-3877.015	384.3449	0
100	19	-5558.601	610.4228	0
101	1	-8438.976	1534.983	0
101	2	-3377.524	298.2289	0
101	3	-3057.641	123.9582	0
101	4	-2818.331	335.5933	0
101	5	-4206.853	527.2957	2
101	6	-4268.665	429.5571	2
101	7	-4494.382	488.5508	3
101	8	-4586.771	464.1017	3
101	9	-3240.291	184.413	0
101	10	-3534.988	380.0316	4
101	11	-3683.922	454.2904	4
101	12	-3317.323	353.0829	0
101	13	-3479.383	241.4194	0
101	14	-3921.3	259.7085	0
101	15	-6623.125	849.0881	0
101	16	-2656.957	11.80322	0
101	17	-2604.356	101.0556	0
101	18	-3864.446	381.9593	0
101	19	-5573.557	615.1218	0
102	1	-8402.528	1532.765	0
102	2	-3363.963	297.5301	0
102	3	-3058.843	123.836	0
102	4	-2802.591	332.8624	0
102	5	-4224.656	530.9429	2
102	6	-4269.867	436.4293	2
102	7	-4492.614	489.9205	3
102	8	-4578.729	464.8558	3
102	9	-3240.329	184.4818	0
102	10	-3523.91	378.4586	4
102	11	-3641.165	448.4935	4
102	12	-3296.645	351.5249	0
102	13	-3461.265	238.0446	0
102	14	-3921.339	259.8302	0
102	15	-6576.888	841.6345	0
102	16	-2642.345	10.68115	0
102	17	-2601.732	100.1793	0
102	18	-3850.894	379.4366	0
102	19	-5591.769	619.9051	0
103	1	-8352.873	1528.978	0
103	2	-3349.787	297.1284	0
103	3	-3061.214	124.0017	0
103	4	-2795.647	332.3477	0
103	5	-4232.527	533.3097	2
103	6	-4277.551	442.3825	2
103	7	-4491.71	490.6205	3
103	8	-4570.402	465.6397	3
103	9	-3238.468	184.1614	0
103	10	-3517.717	376.5788	4
103	11	-3607.784	443.4096	4
103	12	-3275.976	350.1389	0
103	13	-3443.033	234.9166	0
103	14	-3924.291	260.4306	0
103	15	-6527.155	834.1216	0
103	16	-2629.941	8.233643	0
103	17	-2596.97	99.03021	0
103	18	-3835.397	376.6135	0
103	19	-5609.572	624.5133	0
103	20	-3535.44	188.1693	5
104	1	-8300.686	1525.441	0
104	2	-3336.143	296.8551	0
104	3	-3062.522	124.0327	0
104	4	-2785.422	331.9271	0
104	5	-4228.817	533.8296	2
104	6	-4290.477	447.425	2
104	7	-4491.923	491.2717	3
104	8	-4561.898	466.434	3
104	9	-3237.315	183.9874	0
104	10	-3507.903	373.6882	4
104	11	-3582.413	438.2018	4
104	12	-3256.663	348.6155	0
104	13	-3423.425	231.8307	0
104	14	-3924.822	261.0226	0
104	15	-6474.914	826.6389	0
104	16	-2617.924	5.380127	0
104	17	-2583.946	96.91882	0
104	18	-3817.989	373.4887	0
104	19	-5616.44	627.5051	0
104	20	-3527.009	190.4745	5
104	21	-3474.774	206.3799	5
105	1	-8250.054	1522.297	0
105	2	-3324.568	296.5293	0
105	3	-3062.946	123.8922	0
105	4	-2772.834	331.5411	0
105	5	-4218.061	532.8806	2
105	6	-4308.991	451.5042	2
105	7	-4492.015	492.5726	3
105	8	-4553.664	467.015	3
105	9	-3236.629	183.9299	0
105	10	-3486.846	370.5219	4
105	11	-3566.916	433.3793	4
105	12	-3240.807	347.3976	0
105	13	-3402.727	228.8165	0
105	14	-3918.488	260.8065	0
105	15	-6423.86	819.5327	0
105	16	-2602.908	2.505005	0
105	17	-2575.712	95.46082	0
105	18	-3792.637	369.7687	0
105	19	-5610.152	628.1661	0
105	20	-3506.705	189.2017	5
105	21	-3481.085	207.2744	5
106	1	-8217.675	1522.027	0
106	2	-3314.827	296.128	0
106	3	-3062.823	123.6403	0
106	4	-2758.999	331.2551	0
106	5	-4214.333	533.2035	2
106	6	-4334.474	455.1803	2
106	7	-4489.146	492.6884	3
106	8	-4547.665	467.838	3
106	9	-3235.665	183.8322	0
106	10	-3455.338	367.295	4
106	11	-3554.213	429.4873	4
106	12	-3226.982	345.9913	0
106	13	-3380.887	225.8879	0
106	14	-3916.917	261.1613	0
106	15	-6373.523	812.6749	0
106	16	-2585.888	-0.7467041	0
106	17	-2568.995	95.23169	0
106	18	-3770.857	366.2515	0
106	19	-5622.863	631.6198	0
106	20	-3495.38	188.6057	5
106	21	-3488.015	207.7644	5
107	1	-8197.002	1522.735	0
107	2	-3304.72	296.0803	0
107	3	-3062.247	123.3007	0
107	4	-2744.829	331.1494	0
107	5	-4206.411	533.3083	2
107	6	-4353.165	457.7629	2
107	7	-4479.956	491.8928	3
107	8	-4541.994	468.4872	3
107	9	-3234.438	183.6993	0
107	10	-3416.072	364.137	4
107	11	-3532.094	426.402	4
107	12	-3216.936	344.5477	0
107	13	-3359.166	223.1133	0
107	14	-3920.562	262.7823	0
107	15	-6324.161	806.0818	0
107	16	-2573.245	-2.896912	0
107	17	-2558.956	95.31372	0
107	18	-3747.361	362.6431	0
107	19	-5634.857	635.9991	0
107	20	-3477.296	188.1901	5
107	21	-3498.425	206.3879	5
108	1	-8202.16	1526.708	0
108	2	-3295.698	296.6392	0
108	3	-3061.077	122.8625	0
108	4	-2730.583	331.1778	0
108	5	-4194.128	532.9724	2
108	6	-4360.047	460.2301	2
108	7	-4467.439	490.4287	3
108	8	-4537.542	469.0717	3
108	9	-3232.979	183.5704	0
108	10	-3380.86	360.3391	4
108	11	-3504.636	423.4813	4
108	12	-3210.721	343.2258	0
108	13	-3337.438	220.4224	0
108	14	-3921.402	264.642	0
108	15	-6276.626	799.3544	0
108	16	-2557.696	-4.615479	0
108	17	-2546.992	95.65411	0
108	18	-3722.887	359.0197	0
108	19	-5638.696	640.1383	0
108	20	-3462.17	187.8013	5
108	21	-3501.753	206.6625	5
109	1	-8235.936	1534.658	0
109	2	-3287.996	297.4331	0
109	3	-3059.115	122.3043	0
109	4	-2717.784	331.1656	0
109	5	-4180.02	533.4161	2
109	6	-4357.35	462.64	2
109	7	-4464.124	490.6078	3
109	8	-4535.008	469.627	3
109	9	-3231.281	183.4496	0
109	10	-3347.725	356.5104	4
109	11	-3474.139	420.8358	4
109	12	-3205.343	342.1947	0
109	13	-3316.029	217.8256	0
109	14	-3919.929	266.7228	0
109	15	-6232.676	793.5138	0
109	16	-2540.168	-6.033691	0
109	17	-2534.529	96.27405	0
109	18	-3697.224	355.3476	0
109	19	-5634.759	644.1381	0
109	20	-3450.423	187.5171	5
109	21	-3503.715	207.0408	5
109	22	-7300.71	812.4109	6
110	1	-8264.928	1541.991	0
110	2	-3282.184	297.2694	0
110	3	-3056.104	121.5892	0
110	4	-2707.337	331.291	0
110	5	-4163.466	534.2616	2
110	6	-4347.539	464.3279	2
110	7	-4458.796	490.8419	3
110	8	-4535.434	470.2292	3
110	9	-3229.352	183.3327	0
110	10	-3315.71	354.1839	4
110	11	-3446.144	418.0074	4
110	12	-3196.496	341.4515	0
110	13	-3295.508	215.075	0
110	14	-3917.563	269.0087	0
110	15	-6191.523	787.7834	0
110	16	-2522.009	-7.227905	0
110	17	-2521.995	96.88104	0
110	18	-3670.577	351.6811	0
110	19	-5627.485	648.4303	0
110	20	-3441.582	186.9681	5
110	21	-3478.773	203.1088	5
110	22	-7288.605	816.4266	6
110	23	-6553.724	824.602	6
111	1	-8246.212	1542.921	0
111	2	-3274.985	297.3051	0
111	3	-3052.221	120.7908	0
111	4	-2698.136	331.2667	0
111	5	-4157.579	535.8265	2
111	6	-4339.053	464.7503	2
111	7	-4452.989	491.2899	3
111	8	-4529.195	470.6259	3
111	9	-3227.212	183.2155	0
111	10	-3288.219	349.856	4
111	11	-3420.358	414.0037	4
111	12	-3184.144	340.5278	0
111	13	-3278.245	212.5268	0
111	14	-3922.365	271.47	0
111	15	-6154.218	782.3485	0
111	16	-2507.454	-8.922546	0
111	17	-2514.862	97.0296	0
111	18	-3647.88	347.9437	0
111	19	-5640.862	653.8276	0
111	20	-3434.654	186.7848	5
111	21	-3476.508	202.936	5
111	22	-7280.425	818.0631	6
111	23	-6558.746	823.5988	6
