2	1	896.9699	-105.2744	0
3	1	896.838	-105.2407	0
4	1	896.6528	-105.1934	0
6	1	896.1446	-105.0683	0
6	2	903.8344	-100.3262	0
7	1	895.8278	-104.9967	0
7	2	903.9075	-100.2659	0
8	1	895.4758	-104.92	0
8	2	904.0108	-100.1814	0
9	1	895.093	-104.8389	0
9	2	904.1406	-100.0756	0
10	1	894.6829	-104.7541	0
10	2	904.294	-99.95123	0
11	1	894.2489	-104.6658	0
11	2	904.4683	-99.81097	0
13	1	893.3195	-104.4809	0
13	2	904.8707	-99.49036	0
13	3	998.353	-96.53735	0
14	1	892.8286	-104.3848	0
14	2	905.0949	-99.31329	0
14	3	998.21	-96.50391	0
15	1	892.3231	-104.2865	0
15	2	905.3323	-99.12708	0
15	3	998.0092	-96.45703	0
17	1	891.274	-104.0845	0
17	2	905.841	-98.73175	0
17	3	997.4638	-96.32959	0
17	4	871.1356	-90.76904	0
18	1	890.7334	-103.981	0
18	2	906.1099	-98.52466	0
18	3	997.1316	-96.25183	0
18	4	871.2024	-90.70984	0
19	1	890.1836	-103.8759	0
19	2	906.387	-98.31226	0
19	3	996.7665	-96.16644	0
19	4	871.2961	-90.62659	0
20	1	889.6257	-103.7694	0
20	2	906.6715	-98.09528	0
20	3	996.3727	-96.07434	0
20	4	871.4133	-90.52258	0
21	1	889.0608	-103.6617	0
21	2	906.9624	-97.87445	0
21	3	995.954	-95.97656	0
21	4	871.5509	-90.40051	0
22	1	888.4896	-103.5526	0
22	2	907.259	-97.65015	0
22	3	995.5135	-95.87354	0
22	4	871.7062	-90.26276	0
23	1	887.9128	-103.4421	0
23	2	907.5606	-97.42291	0
23	3	995.0542	-95.76617	0
23	4	871.877	-90.11115	0
26	1	885.9216	-103.279	0
26	2	908.5626	-96.70807	0
26	3	993.5846	-95.42267	0
26	4	872.4639	-89.59021	0
26	5	888.8978	-101.976	2
26	6	888.4005	-102.343	2
27	1	885.0259	-103.3275	0
27	2	908.9419	-96.45557	0
27	3	993.0704	-95.30249	0
27	4	872.6795	-89.39886	0
27	5	889.327	-101.6852	2
27	6	888.4121	-102.3917	2
28	1	883.9939	-103.4061	0
28	2	909.3364	-96.19788	0
28	3	992.5463	-95.17987	0
28	4	872.903	-89.20056	0
28	5	889.8137	-101.3536	2
28	6	888.5183	-102.4129	2
29	1	882.8681	-103.4952	0
29	2	909.7428	-95.93591	0
29	3	992.0137	-95.05536	0
29	4	873.1335	-88.99597	0
29	5	890.295	-101.0198	2
29	6	888.7221	-102.3898	2
30	1	881.707	-103.5782	0
30	2	910.1584	-95.67078	0
30	3	991.4736	-94.92908	0
30	4	873.3702	-88.78583	0
30	5	890.7246	-100.7173	2
30	6	889.0125	-102.3289	2
31	1	880.5269	-103.6518	0
31	2	910.5807	-95.40271	0
31	3	990.9267	-94.80127	0
31	4	873.6124	-88.57104	0
31	5	891.1083	-100.4436	2
31	6	889.3687	-102.2349	2
34	1	877.0576	-103.793	0
34	2	911.8691	-94.58862	0
34	3	989.2943	-94.40344	0
34	4	874.3658	-87.90234	0
34	5	892.0461	-99.76331	2
34	6	890.6117	-101.8065	2
34	7	947.3361	-101.3637	3
34	8	948.4215	-101.5928	3
35	1	875.9675	-103.8102	0
35	2	912.3003	-94.31519	0
35	3	988.7644	-94.26471	0
35	4	874.6243	-87.67291	0
35	5	892.3071	-99.57324	2
35	6	891.0403	-101.6272	2
35	7	946.6808	-101.2253	3
35	8	948.8083	-101.6743	3
36	1	874.9109	-103.814	0
36	2	912.7302	-94.04132	0
36	3	988.2394	-94.12372	0
36	4	874.8859	-87.44073	0
36	5	892.5508	-99.39642	2
36	6	891.4711	-101.4333	2
36	7	945.9189	-101.0645	3
36	8	949.1411	-101.7442	3
37	1	873.8848	-103.8057	0
37	2	913.1584	-93.76709	0
37	3	987.718	-93.98047	0
37	4	875.1501	-87.20618	0
37	5	892.7812	-99.23022	2
37	6	891.902	-101.2275	2
37	7	945.1491	-100.9019	3
37	8	949.3371	-101.7852	3
38	1	872.8862	-103.7866	0
38	2	913.5849	-93.49274	0
38	3	987.1994	-93.83545	0
38	4	875.417	-86.96942	0
38	5	893.002	-99.07214	2
38	6	892.3315	-101.0116	2
38	7	944.4461	-100.7534	3
38	8	949.4124	-101.8003	3
40	1	870.9615	-103.7202	0
40	2	914.4289	-92.9436	0
40	3	986.1671	-93.54077	0
40	4	875.9572	-86.49005	0
40	5	893.4255	-98.77075	2
40	6	893.1783	-100.5582	2
40	7	943.2291	-100.4958	3
40	8	949.2584	-101.7654	3
40	9	952.3508	-83.62427	0
41	1	870.0314	-103.6747	0
41	2	914.8422	-92.67023	0
41	3	985.652	-93.3916	0
41	4	876.2301	-86.2478	0
41	5	893.6323	-98.6239	2
41	6	893.5922	-100.3246	2
41	7	942.7057	-100.3844	3
41	8	949.0486	-101.7191	3
41	9	952.307	-83.65063	0
42	1	869.1202	-103.6221	0
42	2	915.2485	-92.39777	0
42	3	985.137	-93.24133	0
42	4	876.5049	-86.00403	0
42	5	893.8373	-98.47742	2
42	6	893.998	-100.0886	2
42	7	942.231	-100.2828	3
42	8	948.761	-101.6561	3
42	9	952.2411	-83.69019	0
43	1	868.2268	-103.563	0
43	2	915.6475	-92.12634	0
43	3	984.6217	-93.09027	0
43	4	876.7811	-85.75873	0
43	5	894.0414	-98.33002	2
43	6	894.3955	-99.85162	2
43	7	941.798	-100.1896	3
43	8	948.4041	-101.5779	3
43	9	952.1534	-83.74304	0
44	1	867.3497	-103.498	0
44	2	916.0378	-91.85632	0
44	3	984.1057	-92.93835	0
44	4	877.059	-85.51227	0
44	5	894.2449	-98.18091	2
44	6	894.7842	-99.61475	2
44	7	941.3997	-100.1034	3
44	8	947.9716	-101.4834	3
44	9	952.0438	-83.80896	0
47	1	864.8063	-103.2723	0
47	2	917.2162	-91.05908	0
47	3	982.5515	-92.47906	0
47	4	877.8767	-84.74396	0
47	5	894.8522	-97.71918	2
47	6	895.8996	-98.91449	2
47	7	940.3445	-99.8714	3
47	8	946.4086	-101.1412	3
47	9	951.5845	-84.08533	0
47	10	883.0117	-89.82898	4
47	11	882.6265	-90.25891	4
48	1	863.985	-103.1882	0
48	2	917.6263	-90.79889	0
48	3	982.0309	-92.32489	0
48	4	878.1399	-84.47369	0
48	5	895.053	-97.56024	2
48	6	896.2567	-98.68665	2
48	7	940.0186	-99.79871	3
48	8	945.8256	-101.0132	3
48	9	951.3882	-84.20361	0
48	10	883.2381	-89.57361	4
48	11	882.4807	-90.41602	4
49	1	863.1757	-103.1001	0
49	2	918.0383	-90.54187	0
49	3	981.5087	-92.17035	0
49	4	878.3998	-84.19812	0
49	5	895.2515	-97.39844	2
49	6	896.608	-98.4624	2
49	7	939.6967	-99.72638	3
49	8	945.2237	-100.881	3
49	9	951.1704	-84.33472	0
49	10	883.5014	-89.27661	4
49	11	882.3486	-90.55176	4
50	1	862.3778	-103.0085	0
50	2	918.4485	-90.28845	0
50	3	980.9847	-92.01526	0
50	4	878.6562	-83.91833	0
50	5	895.4272	-97.21857	2
50	6	896.9547	-98.24194	2
50	7	939.3745	-99.65369	3
50	8	944.6089	-100.7457	3
50	9	950.9314	-84.47882	0
50	10	883.7673	-88.97662	4
50	11	882.2591	-90.63281	4
51	1	861.5909	-102.9135	0
51	2	918.8528	-90.03882	0
51	3	980.4594	-91.85986	0
51	4	878.9081	-83.63525	0
51	5	895.578	-97.02264	2
51	6	897.2975	-98.02466	2
51	7	939.048	-99.57971	3
51	8	943.9868	-100.6086	3
51	9	950.6713	-84.63586	0
51	10	884.0093	-88.70349	4
51	11	882.2061	-90.66504	4
53	1	860.049	-102.7139	0
53	2	919.6219	-89.5542	0
53	3	979.4031	-91.54822	0
53	4	879.3904	-83.06226	0
53	5	895.807	-96.59705	2
53	6	897.9725	-97.59869	2
53	7	938.3708	-99.42572	3
53	8	942.739	-100.3328	3
53	9	950.0891	-84.98804	0
53	10	884.4219	-88.23303	4
53	11	882.188	-90.60608	4
53	12	935.1658	-81.44806	0
54	1	859.2931	-102.6099	0
54	2	919.9678	-89.32379	0
54	3	978.8725	-91.39197	0
54	4	879.6154	-82.77393	0
54	5	895.9203	-96.38782	2
54	6	898.3049	-97.38879	2
54	7	938.0159	-99.34485	3
54	8	942.1208	-100.1957	3
54	9	949.7687	-85.18304	0
54	10	884.5918	-88.03162	4
54	11	882.2148	-90.52222	4
54	12	935.0358	-81.46765	0
55	1	858.547	-102.5032	0
55	2	920.3007	-89.09747	0
55	3	978.3409	-91.23578	0
55	4	879.8283	-82.48517	0
55	5	896.0415	-96.18549	2
55	6	898.6333	-97.1803	2
55	7	937.6482	-99.26111	3
55	8	941.5101	-100.06	3
55	9	949.0837	-85.61426	0
55	10	884.7405	-87.84924	4
55	11	882.2621	-90.40631	4
55	12	934.8408	-81.49713	0
56	1	857.8103	-102.3939	0
56	2	920.6178	-88.87555	0
56	3	977.8094	-91.07959	0
56	4	880.0283	-82.19659	0
56	5	896.1691	-95.98883	2
56	6	898.9575	-96.97302	2
56	7	937.267	-99.17432	3
56	8	940.9098	-99.92603	3
56	9	948.2163	-86.16888	0
56	10	884.871	-87.6828	4
56	11	882.3275	-90.26184	4
56	12	934.5809	-81.5365	0
57	1	857.0829	-102.2822	0
57	2	920.9165	-88.65765	0
57	3	977.2793	-90.92383	0
57	4	880.2144	-81.90857	0
57	5	896.3013	-95.79675	2
57	6	899.277	-96.76672	2
57	7	936.8723	-99.08459	3
57	8	940.3212	-99.79443	3
57	9	947.3243	-86.74951	0
57	10	884.9856	-87.52905	4
57	11	882.408	-90.09253	4
57	12	934.256	-81.58575	0
59	1	855.6545	-102.0519	0
59	2	921.43	-88.23206	0
59	3	976.2356	-90.61395	0
59	4	880.5404	-81.33618	0
59	5	896.5667	-95.42432	2
59	6	899.8956	-96.35724	2
59	7	935.8788	-98.8623	3
59	8	939.1812	-99.53778	3
59	9	947.0122	-86.99432	0
59	10	885.1774	-87.2489	4
59	11	882.6033	-89.69336	4
59	12	933.412	-81.71326	0
59	13	940.9889	-88.95215	0
60	1	854.9531	-101.9335	0
60	2	921.6196	-88.02502	0
60	3	975.7316	-90.46014	0
60	4	880.6785	-81.05255	0
60	5	896.6901	-95.24396	2
60	6	900.1879	-96.15479	2
60	7	935.295	-98.73322	3
60	8	938.6275	-99.41235	3
60	9	946.9312	-87.10181	0
60	10	885.2591	-87.11694	4
60	11	882.7126	-89.47058	4
60	12	932.893	-81.79163	0
60	13	941.0068	-88.92554	0
61	1	854.2601	-101.8132	0
61	2	921.7612	-87.82434	0
61	3	975.2392	-90.30725	0
61	4	880.799	-80.77087	0
61	5	896.8059	-95.06653	2
61	6	900.4681	-95.95404	2
61	7	934.6686	-98.59546	3
61	8	938.0825	-99.28845	3
61	9	946.9179	-87.18896	0
61	10	885.3319	-86.98737	4
61	11	882.8262	-89.23645	4
61	12	932.3093	-81.87964	0
61	13	941.0206	-88.88989	0
62	1	853.5751	-101.691	0
62	2	921.8491	-87.63336	0
62	3	974.7584	-90.15491	0
62	4	880.9009	-80.49152	0
62	5	896.9135	-94.89166	2
62	6	900.7357	-95.75464	2
62	7	934.0131	-98.45197	3
62	8	937.5439	-99.16534	3
62	9	946.9805	-87.25122	0
62	10	885.3982	-86.85809	4
62	11	882.9413	-88.99402	4
62	12	931.6611	-81.97723	0
62	13	941.0233	-88.84729	0
63	1	852.8978	-101.567	0
63	2	921.879	-87.45435	0
63	3	974.2891	-90.00342	0
63	4	880.9836	-80.21484	0
63	5	897.0121	-94.71899	2
63	6	900.9904	-95.55652	2
63	7	933.3418	-98.30548	3
63	8	937.0096	-99.04297	3
63	9	947.1231	-87.28729	0
63	10	885.4589	-86.72717	4
63	11	883.0555	-88.74609	4
63	12	930.9487	-82.08447	0
63	13	941.0089	-88.79865	0
64	1	852.2283	-101.441	0
64	2	921.8474	-87.28967	0
64	3	973.8315	-89.85266	0
64	4	881.0465	-79.94104	0
64	5	897.1013	-94.54816	2
64	6	901.2319	-95.35986	2
64	7	932.7157	-98.16846	3
64	8	936.4781	-98.92072	3
64	9	947.3469	-87.29797	0
64	10	885.5159	-86.59332	4
64	11	883.1667	-88.49469	4
64	12	930.1721	-82.20117	0
64	13	940.9581	-88.92773	0
66	1	850.9111	-101.1841	0
66	2	921.573	-87.01666	0
66	3	972.954	-89.55359	0
66	4	881.111	-79.40234	0
66	5	897.2493	-94.21106	2
66	6	901.6743	-94.96973	2
66	7	931.5604	-97.91699	3
66	8	935.4085	-98.67712	3
66	9	947.9623	-87.25989	0
66	10	885.6193	-86.31189	4
66	11	883.3714	-87.99023	4
66	12	928.4262	-82.46252	0
66	13	940.7245	-89.52008	0
66	14	970.349	-98.97528	0
67	1	850.2632	-101.0533	0
67	2	921.3055	-86.91907	0
67	3	972.536	-89.40527	0
67	4	881.1118	-79.1377	0
67	5	897.3069	-94.04419	2
67	6	901.8744	-94.77637	2
67	7	931.0122	-97.80066	3
67	8	934.8591	-98.55597	3
67	9	948.3039	-87.22321	0
67	10	885.6679	-86.1626	4
67	11	883.4612	-87.74011	4
67	12	927.457	-82.60706	0
67	13	940.5935	-89.86194	0
67	14	970.2443	-98.94269	0
68	1	849.6222	-100.9209	0
68	2	920.95	-86.84912	0
68	3	972.1326	-89.25769	0
68	4	881.0914	-78.87653	0
68	5	897.353	-93.87805	2
68	6	902.0599	-94.58386	2
68	7	930.4784	-97.68933	3
68	8	934.3029	-98.43604	3
68	9	948.6388	-87.18439	0
68	10	885.716	-86.00684	4
68	11	883.5405	-87.4928	4
68	12	926.424	-82.76056	0
68	13	940.4862	-90.19171	0
68	14	970.0958	-98.89691	0
69	1	848.9877	-100.787	0
69	2	920.511	-86.80676	0
69	3	971.7438	-89.11121	0
69	4	881.0496	-78.61871	0
69	5	897.3871	-93.71283	2
69	6	902.2311	-94.39233	2
69	7	929.9556	-97.58289	3
69	8	933.7421	-98.31738	3
69	9	948.9587	-87.14722	0
69	10	885.7638	-85.84424	4
69	11	883.608	-87.24939	4
69	12	925.3267	-82.92285	0
69	13	940.3927	-90.52057	0
69	14	969.9086	-98.8396	0
71	1	847.7362	-100.5148	0
71	2	919.3995	-86.80225	0
71	3	971.0102	-88.82153	0
71	4	880.9017	-78.11353	0
71	5	897.4178	-93.38489	2
71	6	902.5308	-94.01086	2
71	7	928.8773	-97.37054	3
71	8	932.6135	-98.08539	3
71	9	949.5514	-87.08203	0
71	10	885.9543	-85.43463	4
71	11	883.7057	-86.77386	4
71	12	921.8745	-83.40784	0
71	13	940.2793	-91.10144	0
71	14	969.4346	-98.69623	0
71	15	881.8417	-104.9728	0
72	1	847.1174	-100.3764	0
72	2	918.7433	-86.84241	0
72	3	970.6642	-88.67853	0
72	4	880.7955	-77.86621	0
72	5	897.4141	-93.22241	2
72	6	902.6601	-93.82104	2
72	7	928.2738	-97.25555	3
72	8	932.0475	-97.97217	3
72	9	949.8246	-87.05566	0
72	10	886.0961	-85.1922	4
72	11	883.7357	-86.54095	4
72	12	919.1285	-83.76636	0
72	13	940.2697	-91.33685	0
72	14	969.155	-98.61255	0
72	15	881.8974	-104.9231	0
73	1	846.5033	-100.2369	0
73	2	918.0503	-86.91357	0
73	3	970.3307	-88.5368	0
73	4	880.6678	-77.62244	0
73	5	897.3973	-93.06116	2
73	6	902.7767	-93.6319	2
73	7	927.6379	-97.13672	3
73	8	931.48	-97.86072	3
73	9	950.0836	-87.03351	0
73	10	886.2531	-84.93109	4
73	11	883.7039	-86.31677	4
73	12	916.4635	-84.091	0
73	13	940.2932	-91.53333	0
73	14	968.8511	-98.52234	0
73	15	881.9744	-104.8533	0
74	1	845.8939	-100.0961	0
74	2	917.3555	-87.01257	0
74	3	970.0088	-88.39618	0
74	4	880.5185	-77.38196	0
74	5	897.3679	-92.90112	2
74	6	902.8817	-93.44366	2
74	7	926.9784	-97.01599	3
74	8	930.9103	-97.75085	3
74	9	950.3289	-87.01575	0
74	10	886.4072	-84.65753	4
74	11	883.6092	-86.10071	4
74	12	914.1044	-84.35028	0
74	13	940.3488	-91.69336	0
74	14	968.5256	-98.42633	0
74	15	882.0692	-104.7661	0
76	1	844.6885	-99.81189	0
76	2	916.22	-87.14264	0
76	3	969.3936	-88.12006	0
76	4	880.1561	-76.91089	0
76	5	897.2733	-92.58508	2
76	6	903.0615	-93.06903	2
76	7	925.7485	-96.79889	3
76	8	929.7632	-97.53625	3
76	9	950.7832	-86.99103	0
76	10	886.7101	-84.10901	4
76	11	883.2312	-85.69391	4
76	12	910.193	-84.69897	0
76	13	940.5575	-91.90741	0
76	14	967.813	-98.22089	0
76	15	882.3013	-104.5486	0
76	16	1013.834	-91.11133	0
77	1	844.0917	-99.66833	0
77	2	915.7897	-87.1604	0
77	3	969.0975	-87.98462	0
77	4	879.9437	-76.68005	0
77	5	897.2098	-92.42889	2
77	6	903.1394	-92.88245	2
77	7	925.165	-96.69983	3
77	8	929.186	-97.43152	3
77	9	950.9941	-86.98279	0
77	10	886.8153	-83.8551	4
77	11	882.9478	-85.5033	4
77	12	908.584	-84.80078	0
77	13	940.7123	-91.96088	0
77	14	967.425	-98.1134	0
77	15	882.434	-104.4221	0
77	16	1013.917	-91.05231	0
78	1	843.4982	-99.52405	0
78	2	915.439	-87.15125	0
78	3	968.8087	-87.85132	0
78	4	879.7111	-76.45239	0
78	5	897.1354	-92.26886	2
78	6	903.2111	-92.69617	2
78	7	924.5952	-96.60553	3
78	8	928.6068	-97.32837	3
78	9	951.1956	-86.97668	0
78	10	886.8939	-83.61182	4
78	11	882.601	-85.32117	4
78	12	907.1719	-84.86182	0
78	13	940.8967	-91.98438	0
78	14	967.0198	-98.00354	0
78	15	882.5748	-104.2861	0
78	16	1014.033	-90.96912	0
79	1	842.9073	-99.37903	0
79	2	915.1594	-87.1181	0
79	3	968.5267	-87.72034	0
79	4	879.4584	-76.22778	0
79	5	897.0514	-92.10522	2
79	6	903.2775	-92.50983	2
79	7	924.0345	-96.51489	3
79	8	928.0259	-97.22699	3
79	9	951.3883	-86.97217	0
79	10	886.9479	-83.37781	4
79	11	882.1904	-85.14771	4
79	12	905.9341	-84.88678	0
79	13	941.1078	-91.98193	0
79	14	966.6	-97.89148	0
79	15	882.7223	-104.1416	0
79	16	1014.177	-90.86517	0
80	1	842.3186	-99.23328	0
80	2	914.9407	-87.06427	0
80	3	968.251	-87.5918	0
80	4	879.1864	-76.00598	0
80	5	896.96	-91.9389	2
80	6	903.3394	-92.32361	2
80	7	923.4799	-96.42719	3
80	8	927.4438	-97.12738	3
80	9	951.5731	-86.96838	0
80	10	886.9789	-83.15149	4
80	11	881.7162	-84.98273	4
80	12	904.8499	-84.88019	0
80	13	941.3423	-91.95685	0
80	14	966.168	-97.77747	0
80	15	882.8747	-103.9901	0
80	16	1014.345	-90.74341	0
81	1	841.7317	-99.08716	0
81	2	914.7755	-86.99176	0
81	3	967.9813	-87.466	0
81	4	878.8958	-75.78699	0
81	5	896.8628	-91.77008	2
81	6	903.3974	-92.13721	2
81	7	922.8724	-96.3316	3
81	8	926.8602	-97.02924	3
81	9	951.7507	-86.96503	0
81	10	886.9878	-82.93231	4
81	11	881.1775	-84.82617	4
81	12	903.9008	-84.84613	0
81	13	941.5926	-91.91986	0
81	14	965.7257	-97.66187	0
81	15	883.0308	-103.8323	0
81	16	1014.534	-90.6059	0
82	1	841.1461	-98.94019	0
82	2	914.655	-86.90332	0
82	3	967.717	-87.34296	0
82	4	878.5869	-75.57074	0
82	5	896.7622	-91.59924	2
82	6	903.4519	-91.9502	2
82	7	922.2217	-96.22998	3
82	8	926.2745	-96.93237	3
82	9	951.9218	-86.96136	0
82	10	886.9741	-82.71924	4
82	11	879.4806	-84.82617	4
82	12	903.0701	-84.7879	0
82	13	941.8561	-91.87317	0
82	14	965.2749	-97.54504	0
82	15	883.1891	-103.6696	0
82	16	1014.741	-90.45483	0
84	1	839.9782	-98.64496	0
84	2	914.5173	-86.68652	0
84	3	967.2042	-87.10681	0
84	4	877.9188	-75.14594	0
84	5	896.5579	-91.25256	2
84	6	903.5508	-91.57422	2
84	7	920.9794	-96.04004	3
84	8	925.0951	-96.74139	3
84	9	952.2436	-86.95514	0
84	10	886.8337	-82.31268	4
84	11	875.6334	-84.86481	4
84	12	901.6953	-84.61072	0
84	13	942.4142	-91.75891	0
84	14	964.354	-97.30774	0
84	15	883.5087	-103.3314	0
84	16	1015.199	-90.11902	0
84	17	958.082	-79.0816	0
85	1	839.3953	-98.49664	0
85	2	914.4799	-86.56293	0
85	3	966.9559	-86.99487	0
85	4	877.5614	-74.93756	0
85	5	896.4579	-91.07703	2
85	6	903.595	-91.38501	2
85	7	920.3798	-95.94983	3
85	8	924.5014	-96.64697	3
85	9	952.3933	-86.95422	0
85	10	886.679	-82.11755	4
85	11	874.1719	-84.80804	4
85	12	901.1211	-84.49744	0
85	13	942.7131	-91.68518	0
85	14	963.8867	-97.18762	0
85	15	883.6682	-103.1572	0
85	16	1015.446	-89.93701	0
85	17	957.9375	-79.03107	0
86	1	838.8127	-98.34796	0
86	2	914.4548	-86.43127	0
86	3	966.7128	-86.88702	0
86	4	877.1893	-74.73132	0
86	5	896.3613	-90.90027	2
86	6	903.6356	-91.19476	2
86	7	919.7902	-95.86194	3
86	8	923.9055	-96.55322	3
86	9	952.5372	-86.95435	0
86	10	886.4364	-81.93512	4
86	11	872.9801	-84.70697	4
86	12	900.6085	-84.37024	0
86	13	943.0204	-91.60803	0
86	14	963.4163	-97.06677	0
86	15	883.8264	-102.9806	0
86	16	1015.701	-89.74731	0
86	17	957.7344	-78.96008	0
87	1	838.2303	-98.19885	0
87	2	914.4398	-86.29272	0
87	3	966.4741	-86.7832	0
87	4	876.8036	-74.5274	0
87	5	896.2693	-90.72217	2
87	6	903.6723	-91.0036	2
87	7	919.1518	-95.76617	3
87	8	923.3071	-96.45984	3
87	9	952.6704	-86.95496	0
87	10	886.1147	-81.76355	4
87	11	872.0253	-84.56812	4
87	12	900.1477	-84.23108	0
87	13	943.3333	-91.52948	0
87	14	962.9436	-96.94519	0
87	15	883.9826	-102.8018	0
87	16	1015.964	-89.55084	0
87	17	957.4802	-78.87146	0
88	1	837.6481	-98.04932	0
88	2	914.4292	-86.14838	0
88	3	966.2468	-86.68304	0
88	4	876.4052	-74.32562	0
88	5	896.1827	-90.54309	2
88	6	903.705	-90.81134	2
88	7	918.5306	-95.67334	3
88	8	922.7061	-96.36658	3
88	9	952.787	-86.95551	0
88	10	885.7224	-81.60095	4
88	11	871.2786	-84.39642	4
88	12	899.7312	-84.08167	0
88	13	943.6494	-91.45166	0
88	14	962.4697	-96.82306	0
88	15	884.1364	-102.6213	0
88	16	1016.234	-89.34851	0
88	17	957.1816	-78.76758	0
89	1	837.0657	-97.89935	0
89	2	914.4187	-85.99969	0
89	3	966.0381	-86.58667	0
89	4	875.9945	-74.12598	0
89	5	895.7516	-90.41565	2
89	6	903.7314	-90.61816	2
89	7	917.9232	-95.58289	3
89	8	922.1029	-96.27338	3
89	9	952.8824	-86.95618	0
89	10	885.2672	-81.44623	4
89	11	870.7147	-84.19678	4
89	12	899.3516	-83.92334	0
89	13	943.9662	-91.37567	0
89	14	961.9952	-96.70038	0
89	15	884.2872	-102.4395	0
89	16	1016.508	-89.14124	0
89	17	956.8444	-78.65027	0
90	1	836.4832	-97.74921	0
90	2	914.407	-85.84735	0
90	3	965.8518	-86.49353	0
90	4	875.5724	-73.92798	0
90	5	895.0813	-90.3327	2
90	6	903.7164	-90.43231	2
90	7	917.3268	-95.4939	3
90	8	921.4977	-96.17999	3
90	9	952.9529	-86.9566	0
90	10	884.7565	-81.2981	4
90	11	870.3116	-83.97253	4
90	12	899.0035	-83.75757	0
90	13	944.2782	-91.3125	0
90	14	961.5208	-96.57715	0
90	15	884.4346	-102.2563	0
90	16	1016.786	-88.92932	0
90	17	956.4735	-78.52167	0
92	1	835.317	-97.44763	0
92	2	914.3723	-85.5271	0
92	3	965.5588	-86.31464	0
92	4	874.697	-73.5368	0
92	5	894.0685	-90.14246	2
92	6	903.6135	-90.06592	2
92	7	916.0574	-95.30328	3
92	8	920.2827	-95.99341	3
92	9	953.0251	-86.95813	0
92	10	883.5936	-81.01703	4
92	11	869.9121	-83.4635	4
92	12	898.3731	-83.40491	0
92	13	944.9154	-91.19092	0
92	14	960.574	-96.32983	0
92	15	884.7179	-101.8883	0
92	16	1017.351	-88.49469	0
92	17	955.6511	-78.23566	0
92	18	911.7584	-88.3775	0
93	1	834.7334	-97.29639	0
93	2	914.3471	-85.3559	0
93	3	965.4564	-86.22766	0
93	4	874.2451	-73.34326	0
93	5	893.6622	-90.03937	2
93	6	903.4561	-89.89978	2
93	7	915.449	-95.21338	3
93	8	919.6744	-95.90088	3
93	9	953.0377	-86.95953	0
93	10	882.9526	-80.88263	4
93	11	869.8839	-83.18372	4
93	12	898.0761	-83.21796	0
93	13	945.2506	-91.12317	0
93	14	960.1025	-96.20599	0
93	15	884.8533	-101.7037	0
93	16	1017.636	-88.27258	0
93	17	955.209	-78.08032	0
93	18	911.4818	-88.45111	0
94	1	834.1492	-97.1449	0
94	2	914.3141	-85.18011	0
94	3	965.3812	-86.14172	0
94	4	873.7847	-73.15082	0
94	5	893.3088	-89.93079	2
94	6	903.2198	-89.74384	2
94	7	914.854	-95.12604	3
94	8	919.0665	-95.80865	3
94	9	953.0328	-86.96155	0
94	10	882.3138	-80.74524	4
94	11	869.9198	-82.89642	4
94	12	897.7884	-83.02551	0
94	13	945.5951	-91.04858	0
94	14	959.6329	-96.08203	0
94	15	884.9841	-101.5188	0
94	16	1017.922	-88.0481	0
94	17	954.7495	-77.91852	0
94	18	911.1563	-88.54553	0
95	1	833.5643	-96.99304	0
95	2	914.2699	-85.00134	0
95	3	965.3319	-86.05682	0
95	4	873.3162	-72.95935	0
95	5	892.9883	-89.81323	2
95	6	902.9004	-89.5968	2
95	7	914.2119	-95.03119	3
95	8	918.4592	-95.7168	3
95	9	953.0107	-86.96472	0
95	10	881.6876	-80.60358	4
95	11	870.0028	-82.60425	4
95	12	897.5076	-82.82886	0
95	13	945.949	-90.96808	0
95	14	959.1647	-95.95844	0
95	15	885.1101	-101.334	0
95	16	1018.208	-87.82129	0
95	17	954.2744	-77.75122	0
95	18	910.8721	-88.63495	0
97	1	832.3928	-96.68848	0
97	2	914.136	-84.63959	0
97	3	965.3218	-85.90149	0
97	4	872.3572	-72.57874	0
97	5	892.425	-89.55103	2
97	6	902.0267	-89.31213	2
97	7	913.0176	-94.84863	3
97	8	917.2726	-95.53296	3
97	9	952.9208	-86.97363	0
97	10	880.5081	-80.30182	4
97	11	870.2513	-82.01495	4
97	12	896.9597	-82.42621	0
97	13	946.6851	-90.78149	0
97	14	958.2317	-95.71289	0
97	15	885.3401	-100.9683	0
97	16	1018.784	-87.36163	0
97	17	953.2842	-77.40454	0
97	18	910.4978	-88.79352	0
97	19	896.2744	-95.92542	0
98	1	831.8059	-96.53577	0
98	2	914.0413	-84.45868	0
98	3	965.3658	-85.83746	0
98	4	871.8677	-72.38928	0
98	5	892.17	-89.40527	2
98	6	901.5048	-89.18024	2
98	7	912.4268	-94.74884	3
98	8	916.7164	-95.44055	3
98	9	952.8574	-86.97931	0
98	10	879.9695	-80.13977	4
98	11	870.3925	-81.72144	4
98	12	896.6896	-82.22186	0
98	13	947.0709	-90.67859	0
98	14	957.7665	-95.59131	0
98	15	885.4366	-100.7911	0
98	16	1019.073	-87.12927	0
98	17	952.7722	-77.22656	0
98	18	910.4443	-88.84729	0
98	19	896.0175	-95.90204	0
99	1	831.2183	-96.38269	0
99	2	913.9257	-84.27917	0
99	3	965.4402	-85.78546	0
99	4	871.3721	-72.2002	0
99	5	891.9261	-89.25092	2
99	6	900.9279	-89.05872	2
99	7	911.8802	-94.65076	3
99	8	916.1816	-95.34753	3
99	9	952.785	-86.98511	0
99	10	879.4722	-79.96948	4
99	11	870.5317	-81.43066	4
99	12	896.4201	-82.0166	0
99	13	947.4647	-90.56091	0
99	14	957.3015	-95.47064	0
99	15	885.522	-100.6172	0
99	16	1019.363	-86.89526	0
99	17	952.251	-77.04626	0
99	18	910.5155	-88.8623	0
99	19	895.6572	-95.86945	0
100	1	830.6299	-96.22943	0
100	2	913.7875	-84.10132	0
100	3	965.5416	-85.74628	0
100	4	870.8706	-72.01154	0
100	5	890.5834	-89.2616	2
100	6	900.2893	-88.94623	2
100	7	911.3694	-94.55396	3
100	8	915.6662	-95.25385	3
100	9	952.7064	-86.99066	0
100	10	879.0199	-79.79059	4
100	11	870.662	-81.1438	4
100	12	896.1504	-81.81097	0
100	13	947.8639	-90.43042	0
100	14	956.8366	-95.35126	0
100	15	885.5967	-100.4464	0
100	16	1019.654	-86.65967	0
100	17	951.7222	-76.86438	0
100	18	910.6794	-88.8446	0
100	19	895.2078	-95.82861	0
101	1	830.0406	-96.07593	0
101	2	913.6278	-83.92603	0
101	3	965.6656	-85.71991	0
101	4	870.3638	-71.82312	0
101	5	889.4843	-89.24176	2
101	6	899.163	-88.8913	2
101	7	910.8875	-94.45764	3
101	8	915.1685	-95.15936	3
101	9	952.6238	-86.99573	0
101	10	878.6147	-79.60291	4
101	11	870.7778	-80.86157	4
101	12	895.8796	-81.60553	0
101	13	948.266	-90.28894	0
101	14	956.3713	-95.23328	0
101	15	885.6617	-100.2788	0
101	16	1019.945	-86.42285	0
101	17	951.1873	-76.68109	0
101	18	910.9044	-88.79846	0
101	19	894.6816	-95.78064	0
104	1	828.2678	-95.61365	0
104	2	913.0024	-83.41974	0
104	3	966.1353	-85.69922	0
104	4	868.8126	-71.25854	0
104	5	887.1504	-89.04803	2
104	6	895.7007	-88.71735	2
104	7	909.5621	-94.16821	3
104	8	913.7631	-94.87134	3
104	9	952.3543	-86.99731	0
104	10	877.7825	-78.9729	4
104	11	871.0065	-80.04626	4
104	12	895.0524	-80.99487	0
104	13	949.4114	-89.80627	0
104	14	954.7853	-94.90686	0
104	15	885.8071	-99.79138	0
104	16	1020.861	-85.70013	0
104	17	949.5569	-76.12695	0
104	18	911.7127	-88.5249	0
104	19	892.7433	-95.6012	0
104	20	970.5835	-93.3891	5
104	21	971.2823	-93.6991	5
105	1	827.675	-95.45892	0
105	2	912.7411	-83.25861	0
105	3	966.3088	-85.70343	0
105	4	868.286	-71.07037	0
105	5	886.5744	-88.95026	2
105	6	894.6998	-88.63855	2
105	7	909.0901	-94.06128	3
105	8	913.3185	-94.77374	3
105	9	952.2588	-86.99139	0
105	10	877.7574	-78.72144	4
105	11	871.0425	-79.78455	4
105	12	894.7685	-80.79456	0
105	13	949.7563	-89.62811	0
105	14	954.1467	-94.81091	0
105	15	885.8423	-99.63373	0
105	16	1021.188	-85.45441	0
105	17	949.0078	-75.94171	0
105	18	911.9995	-88.39783	0
105	19	892.004	-95.53143	0
105	20	970.1916	-93.21606	5
105	21	971.5601	-93.82397	5
106	1	827.0814	-95.30402	0
106	2	912.4548	-83.1012	0
106	3	966.4811	-85.70923	0
106	4	867.755	-70.88214	0
106	5	886.0585	-88.83997	2
106	6	893.7766	-88.55017	2
106	7	908.6381	-93.95557	3
106	8	912.8829	-94.67523	3
106	9	952.1641	-86.98114	0
106	10	877.8577	-78.44934	4
106	11	871.0627	-79.52673	4
106	12	894.479	-80.59625	0
106	13	950.0846	-89.44446	0
106	14	953.4657	-94.71948	0
106	15	885.8726	-99.47809	0
106	16	1021.522	-85.20667	0
106	17	948.4567	-75.75623	0
106	18	912.2909	-88.25659	0
106	19	891.2286	-95.45746	0
106	20	969.7382	-93.01593	5
106	21	971.8066	-93.93713	5
107	1	826.4869	-95.1488	0
107	2	912.1432	-82.94769	0
107	3	966.6472	-85.71448	0
107	4	867.2195	-70.69391	0
107	5	885.5699	-88.71521	2
107	6	892.9417	-88.44983	2
107	7	908.2023	-93.85071	3
107	8	912.4545	-94.57544	3
107	9	952.0731	-86.96539	0
107	10	878.059	-78.16058	4
107	11	871.0715	-79.27185	4
107	12	894.1829	-80.40033	0
107	13	950.3962	-89.25824	0
107	14	952.7489	-94.63184	0
107	15	885.8988	-99.32446	0
107	16	1021.861	-84.95764	0
107	17	947.904	-75.57056	0
107	18	912.5824	-88.10339	0
107	19	890.4215	-95.37964	0
107	20	969.2859	-92.81653	5
107	21	971.9651	-94.01355	5
110	1	824.6976	-94.68164	0
110	2	911.0637	-82.50879	0
110	3	967.0735	-85.71326	0
110	4	865.5862	-70.12848	0
110	5	883.8794	-88.28284	2
110	6	890.8887	-88.09277	2
110	7	906.9593	-93.53815	3
110	8	911.2037	-94.26563	3
110	9	951.8281	-86.88373	0
110	10	878.7318	-77.27905	4
110	11	871.0728	-78.51434	4
110	12	893.2469	-79.82758	0
110	13	951.2448	-88.7052	0
110	14	950.4374	-94.38721	0
110	15	885.9285	-98.86218	0
110	16	1022.898	-84.2041	0
110	17	946.2383	-75.01147	0
110	18	913.4369	-87.59033	0
110	19	887.842	-95.12439	0
110	20	968.2047	-92.3421	5
110	21	971.999	-94.06299	5
110	22	898.8184	-103.3958	6
110	23	899.8531	-103.6362	6
111	1	824.0994	-94.52545	0
111	2	910.6611	-82.36902	0
111	3	967.1903	-85.70605	0
111	4	865.0331	-69.9397	0
111	5	883.1514	-88.12555	2
111	6	890.3424	-87.95496	2
111	7	906.5576	-93.43359	3
111	8	910.7958	-94.15796	3
111	9	951.751	-86.84747	0
111	10	878.8594	-76.99896	4
111	11	871.0742	-78.26184	4
111	12	892.9173	-79.64209	0
111	13	951.5059	-88.52747	0
111	14	949.627	-94.31067	0
111	15	885.9179	-98.70447	0
111	16	1023.246	-83.95148	0
111	17	945.6809	-74.82422	0
111	18	913.706	-87.40649	0
111	19	886.9384	-95.03302	0
111	20	967.924	-92.22034	5
111	21	971.8885	-94.03113	5
111	22	898.2155	-103.2555	6
111	23	900.2437	-103.7261	6
