2	1	904.0565	-126.2849	0
3	1	903.895	-126.2602	0
4	1	903.6882	-126.2243	0
6	1	903.1046	-125.9813	0
6	2	912.8588	-124.8702	0
7	1	902.7841	-125.9341	0
7	2	912.9376	-124.8155	0
8	1	902.4379	-125.8678	0
8	2	913.041	-124.7406	0
9	1	902.0721	-125.7806	0
9	2	912.587	-124.2506	0
10	1	901.6915	-125.671	0
10	2	912.6399	-124.1019	0
11	1	901.2852	-125.536	0
11	2	912.7388	-123.9835	0
13	1	900.4017	-125.2214	0
13	2	913.134	-123.7826	0
13	3	1010.325	-124.6571	0
14	1	899.9065	-125.0436	0
14	2	913.5659	-123.6454	0
14	3	1010.172	-124.6243	0
15	1	899.3947	-124.8812	0
15	2	914.0953	-123.5231	0
15	3	1009.967	-124.5784	0
17	1	898.2946	-124.6307	0
17	2	914.6955	-123.2239	0
17	3	1009.416	-124.3416	0
17	4	879.6388	-115.8169	0
18	1	897.723	-124.5705	0
18	2	915.0402	-122.9642	0
18	3	1009.12	-124.2347	0
18	4	879.7257	-115.7666	0
19	1	897.1161	-124.5863	0
19	2	915.3904	-122.6525	0
19	3	1008.793	-124.0959	0
19	4	879.8392	-115.6956	0
20	1	896.5127	-124.6427	0
20	2	915.7248	-122.2974	0
20	3	1008.442	-123.9318	0
20	4	879.9745	-115.606	0
21	1	895.9205	-124.6712	0
21	2	916.0925	-121.9479	0
21	3	1008.056	-123.7441	0
21	4	880.1094	-115.1204	0
22	1	895.2938	-124.5745	0
22	2	916.3879	-121.6602	0
22	3	1007.621	-123.5306	0
22	4	880.2742	-114.9521	0
23	1	894.6537	-124.4236	0
23	2	916.7191	-121.4654	0
23	3	1007.16	-123.3132	0
23	4	880.4481	-114.8119	0
26	1	892.4015	-124.1956	0
26	2	917.5463	-121.3695	0
26	3	1005.6	-122.8574	0
26	4	880.9457	-114.5733	0
26	5	895.9902	-122.3785	2
26	6	896.7656	-130.0525	2
27	1	891.4219	-124.2106	0
27	2	917.7491	-120.9933	0
27	3	1005.034	-122.8585	0
27	4	881.1052	-114.429	0
27	5	896.4801	-121.8328	2
27	6	896.8254	-130.1088	2
28	1	890.3027	-124.1799	0
28	2	917.9337	-120.4991	0
28	3	1004.436	-122.9615	0
28	4	881.2455	-114.2	0
28	5	897.037	-121.3072	2
28	6	897.1823	-130.1488	2
29	1	889.0812	-124.115	0
29	2	918.1766	-120.1617	0
29	3	1003.87	-123.0591	0
29	4	881.3964	-113.9288	0
29	5	897.573	-120.8628	2
29	6	898.2555	-130.0686	2
30	1	887.8391	-124.1627	0
30	2	918.252	-119.6825	0
30	3	1003.255	-123.0101	0
30	4	881.5415	-113.6079	0
30	5	898.0407	-120.6248	2
30	6	898.7349	-129.9696	2
31	1	886.6029	-124.3564	0
31	2	918.619	-119.5003	0
31	3	1002.597	-122.8311	0
31	4	881.6968	-113.3054	0
31	5	898.3915	-120.6831	2
31	6	899.1372	-129.871	2
34	1	883.2344	-124.728	0
34	2	921.0267	-119.4384	0
34	3	1000.663	-122.1088	0
34	4	882.0978	-112.4511	0
34	5	899.062	-120.2448	2
34	6	900.4065	-129.1885	2
34	7	955.6536	-122.4829	3
34	8	957.2484	-124.8437	3
35	1	882.2098	-124.8181	0
35	2	921.5482	-119.1524	0
35	3	1000.01	-121.9104	0
35	4	882.2502	-112.2089	0
35	5	899.2855	-120.0084	2
35	6	900.7792	-129.0959	2
35	7	954.8508	-122.0429	3
35	8	957.6731	-124.8439	3
36	1	881.1969	-124.806	0
36	2	922.0906	-118.7075	0
36	3	999.1886	-121.6443	0
36	4	882.5408	-112.1194	0
36	5	899.5219	-119.8458	2
36	6	901.0671	-128.8561	2
36	7	953.9102	-122.1017	3
36	8	958.0161	-124.9385	3
37	1	880.2101	-124.7212	0
37	2	922.606	-118.1948	0
37	3	998.461	-121.4784	0
37	4	882.8845	-112.0778	0
37	5	899.7587	-119.7118	2
37	6	901.3589	-128.5411	2
37	7	953.0929	-122.2414	3
37	8	957.9832	-125.3867	3
38	1	879.2556	-124.5952	0
38	2	923.058	-117.8025	0
38	3	997.9488	-121.5156	0
38	4	883.3492	-111.9783	0
38	5	899.9695	-119.5545	2
38	6	901.6204	-128.1301	2
38	7	952.3243	-122.1116	3
38	8	958.0702	-125.399	3
40	1	877.3133	-124.2971	0
40	2	923.9065	-117.7787	0
40	3	997.2772	-121.576	0
40	4	884.4628	-111.7328	0
40	5	900.2659	-119.2033	2
40	6	902.1676	-127.4802	2
40	7	951.0237	-121.7075	3
40	8	958.4548	-125.1714	3
40	9	962.5688	-111.5779	0
41	1	876.3448	-124.1917	0
41	2	924.1883	-117.7671	0
41	3	997.3472	-121.4848	0
41	4	884.7939	-111.531	0
41	5	900.48	-119.1013	2
41	6	902.2346	-127.0325	2
41	7	950.5333	-121.6481	3
41	8	958.219	-125.1335	3
41	9	962.4976	-111.6024	0
42	1	875.4231	-124.1277	0
42	2	924.3828	-117.3774	0
42	3	996.9059	-121.4762	0
42	4	885.1522	-111.2452	0
42	5	900.6929	-119.0226	2
42	6	902.5928	-126.8804	2
42	7	950.0535	-121.5672	3
42	8	957.3482	-124.8179	3
42	9	962.4041	-111.6372	0
43	1	874.5007	-124.1483	0
43	2	924.5626	-116.8729	0
43	3	996.4711	-121.3235	0
43	4	885.5107	-110.9068	0
43	5	900.908	-118.9563	2
43	6	903.1332	-126.9538	2
43	7	949.5786	-121.4812	3
43	8	956.8439	-124.7426	3
43	9	962.2902	-111.6828	0
44	1	873.5711	-124.2723	0
44	2	924.8049	-116.5518	0
44	3	996.0463	-121.0673	0
44	4	885.8456	-110.5326	0
44	5	901.1293	-118.8831	2
44	6	903.8687	-126.947	2
44	7	949.1078	-121.3889	3
44	8	956.2889	-124.6677	3
44	9	962.1558	-111.7399	0
47	1	870.988	-124.2717	0
47	2	925.7616	-115.9217	0
47	3	994.5334	-120.1454	0
47	4	886.7556	-109.5548	0
47	5	902.1455	-118.5613	2
47	6	905.738	-126.5568	2
47	7	948.0895	-121.3522	3
47	8	955.1891	-124.4181	3
47	9	961.6302	-111.979	0
47	10	893.4872	-119.2002	4
47	11	890.9343	-116.883	4
48	1	870.1123	-124.0743	0
48	2	926.4989	-115.8966	0
48	3	993.969	-119.953	0
48	4	887.0119	-109.4934	0
48	5	902.3716	-118.4632	2
48	6	906.1969	-126.2227	2
48	7	947.7645	-121.3512	3
48	8	954.6547	-124.298	3
48	9	961.4169	-112.082	0
48	10	893.6825	-118.4501	4
48	11	890.8058	-116.9416	4
49	1	869.246	-123.8665	0
49	2	927.5362	-115.7961	0
49	3	993.4174	-119.8901	0
49	4	887.1781	-109.5624	0
49	5	902.6057	-118.3268	2
49	6	906.6179	-125.8575	2
49	7	947.4424	-121.3354	3
49	8	954.1219	-124.0813	3
49	9	960.8931	-111.8472	0
49	10	893.9537	-118.1108	4
49	11	890.6494	-117.1166	4
50	1	868.4293	-123.7487	0
50	2	927.997	-115.7003	0
50	3	992.8148	-120.015	0
50	4	887.2963	-109.3948	0
50	5	902.8147	-118.1224	2
50	6	907.0568	-125.5168	2
50	7	947.1608	-121.2953	3
50	8	953.5711	-123.7976	3
50	9	960.6216	-111.9587	0
50	10	894.1545	-118.2643	4
50	11	890.3098	-117.5601	4
51	1	867.5426	-123.5958	0
51	2	928.4784	-115.457	0
51	3	992.2437	-120.1848	0
51	4	887.3751	-108.9895	0
51	5	903.01	-117.8568	2
51	6	907.415	-125.2577	2
51	7	946.9379	-121.2341	3
51	8	952.9441	-123.4749	3
51	9	960.3661	-112.1248	0
51	10	894.2789	-118.442	4
51	11	890.2164	-117.5798	4
53	1	865.7028	-123.3245	0
53	2	929.409	-114.7953	0
53	3	990.9736	-119.9379	0
53	4	887.5183	-108.1444	0
53	5	903.3074	-117.1712	2
53	6	908.1591	-125.0155	2
53	7	946.4272	-121.1268	3
53	8	951.6147	-123.0493	3
53	9	959.9557	-112.5958	0
53	10	894.4782	-117.9355	4
53	11	891.5259	-117.3475	4
53	12	943.8995	-106.1455	0
54	1	864.9292	-123.3781	0
54	2	929.8107	-114.4684	0
54	3	990.2922	-119.6105	0
54	4	887.4463	-107.6849	0
54	5	903.4796	-116.9142	2
54	6	908.4855	-125.0616	2
54	7	946.0892	-121.0659	3
54	8	950.9568	-123.039	3
54	9	959.7405	-112.851	0
54	10	894.6088	-117.6801	4
54	11	891.5734	-117.2756	4
54	12	943.7719	-106.1618	0
55	1	864.2129	-123.4347	0
55	2	930.199	-114.1904	0
55	3	989.6354	-119.3091	0
55	4	887.4756	-107.3879	0
55	5	903.6074	-116.7164	2
55	6	908.7465	-125.1044	2
55	7	945.7465	-120.9816	3
55	8	950.2744	-123.1918	3
55	9	958.8635	-112.6425	0
55	10	894.7545	-117.5052	4
55	11	890.9532	-116.7397	4
55	12	943.577	-106.1874	0
56	1	863.7275	-123.382	0
56	2	930.5299	-113.9707	0
56	3	989.0269	-119.1339	0
56	4	887.7967	-107.4177	0
56	5	903.7629	-116.5708	2
56	6	908.9966	-125.0032	2
56	7	945.4014	-120.8758	3
56	8	949.6542	-123.3168	3
56	9	957.7361	-112.6709	0
56	10	894.914	-117.4095	4
56	11	890.8564	-116.5307	4
56	12	943.3135	-106.222	0
57	1	863.2755	-123.3397	0
57	2	930.859	-113.8167	0
57	3	988.2759	-118.8856	0
57	4	888.3589	-107.3677	0
57	5	903.9081	-116.4917	2
57	6	909.2065	-124.7617	2
57	7	945.0387	-120.7457	3
57	8	948.9949	-123.2229	3
57	9	957.1672	-114.3285	0
57	10	895.0504	-117.2893	4
57	11	890.806	-116.365	4
57	12	942.9805	-106.2654	0
59	1	861.9568	-123.1489	0
59	2	931.3474	-113.7431	0
59	3	986.8944	-118.6115	0
59	4	889.3473	-107.092	0
59	5	904.1118	-116.4469	2
59	6	909.6127	-124.1335	2
59	7	944.0828	-120.2899	3
59	8	947.6862	-122.7889	3
59	9	957.0259	-114.2258	0
59	10	895.1716	-117.0062	4
59	11	890.9958	-116.1238	4
59	12	942.1134	-106.3794	0
59	13	950.8516	-113.4415	0
60	1	861.3201	-122.9372	0
60	2	931.4658	-113.729	0
60	3	986.4531	-118.7075	0
60	4	889.5907	-106.7307	0
60	5	904.2053	-116.3758	2
60	6	909.8257	-123.8846	2
60	7	943.4782	-119.9872	3
60	8	947.0718	-122.579	3
60	9	956.7574	-114.6541	0
60	10	895.1722	-116.8564	4
60	11	891.5193	-115.9525	4
60	12	941.5809	-106.4496	0
60	13	950.828	-113.4165	0
61	1	860.6653	-122.6932	0
61	2	931.5359	-113.6208	0
61	3	986.1176	-118.7474	0
61	4	889.8052	-106.283	0
61	5	904.2507	-116.2018	2
61	6	910.0544	-123.6837	2
61	7	942.7853	-119.7168	3
61	8	946.4971	-122.4568	3
61	9	956.7731	-114.739	0
61	10	895.2363	-116.7744	4
61	11	891.8752	-115.847	4
61	12	940.9836	-106.5289	0
61	13	950.7902	-113.3843	0
62	1	859.9747	-122.4388	0
62	2	931.5242	-113.4216	0
62	3	986.1211	-118.66	0
62	4	889.9694	-105.8085	0
62	5	904.3053	-116.0072	2
62	6	910.2135	-123.427	2
62	7	942.085	-119.5394	3
62	8	945.8524	-122.2894	3
62	9	956.9195	-114.8038	0
62	10	895.2878	-116.7114	4
62	11	892.0572	-115.6543	4
62	12	940.0771	-106.5284	0
62	13	950.7349	-113.3472	0
63	1	859.2574	-122.2399	0
63	2	931.476	-113.2152	0
63	3	985.9752	-118.6262	0
63	4	890.0477	-105.441	0
63	5	904.3447	-115.7807	2
63	6	910.2581	-123.1208	2
63	7	941.3309	-119.5883	3
63	8	945.1002	-122.079	3
63	9	957.2634	-114.8428	0
63	10	895.3235	-116.6598	4
63	11	892.2747	-115.3319	4
63	12	939.3712	-106.67	0
63	13	950.6543	-113.3055	0
64	1	858.566	-122.1022	0
64	2	931.3693	-113.0021	0
64	3	985.5845	-118.5562	0
64	4	890.1189	-105.2107	0
64	5	904.3768	-115.5465	2
64	6	910.4669	-122.9767	2
64	7	940.6865	-119.7776	3
64	8	944.4723	-121.9742	3
64	9	957.8447	-114.8395	0
64	10	895.3595	-116.6086	4
64	11	892.4824	-114.9258	4
64	12	938.593	-106.7866	0
64	13	950.1921	-113.3247	0
66	1	857.1344	-122.1634	0
66	2	930.9915	-112.7164	0
66	3	984.8746	-118.1706	0
66	4	890.0615	-105.2761	0
66	5	904.4579	-115.1873	2
66	6	911.0111	-122.9291	2
66	7	939.4614	-119.6876	3
66	8	943.4138	-122.0237	3
66	9	958.9593	-114.7437	0
66	10	895.5251	-116.4428	4
66	11	892.7755	-114.097	4
66	12	936.8198	-106.9224	0
66	13	949.4908	-113.6436	0
66	14	981.1151	-124.8148	0
67	1	856.4629	-122.2555	0
67	2	930.6886	-112.6744	0
67	3	984.5288	-117.9245	0
67	4	889.9619	-105.1743	0
67	5	904.4771	-115.0027	2
67	6	911.3349	-122.8795	2
67	7	938.8632	-119.5241	3
67	8	942.9672	-122.0143	3
67	9	959.3793	-114.6912	0
67	10	895.7795	-116.3264	4
67	11	892.8746	-113.8444	4
67	12	935.821	-106.9462	0
67	13	949.2803	-113.9705	0
67	14	981.0132	-124.7841	0
68	1	855.7676	-122.1761	0
68	2	930.2518	-112.6365	0
68	3	984.1561	-117.6669	0
68	4	889.8024	-104.8588	0
68	5	904.4332	-114.7998	2
68	6	911.8516	-122.7722	2
68	7	938.272	-119.3357	3
68	8	942.7476	-121.9292	3
68	9	959.7331	-114.6465	0
68	10	896.0354	-116.2178	4
68	11	892.9543	-113.7714	4
68	12	934.7454	-106.9536	0
68	13	948.9401	-114.1754	0
68	14	980.8666	-124.7415	0
69	1	855.0632	-121.9863	0
69	2	930.072	-112.882	0
69	3	983.7938	-117.4292	0
69	4	889.6178	-104.449	0
69	5	904.3303	-114.5768	2
69	6	912.3175	-122.6864	2
69	7	937.713	-119.1771	3
69	8	942.3789	-121.8973	3
69	9	960.0497	-114.6092	0
69	10	896.1182	-116.1222	4
69	11	892.9539	-113.8645	4
69	12	933.6405	-106.9962	0
69	13	948.6074	-114.277	0
69	14	980.6786	-124.689	0
71	1	853.6702	-121.4865	0
71	2	928.5944	-112.8983	0
71	3	983.0529	-117.1031	0
71	4	889.2684	-103.8309	0
71	5	904.3307	-114.3657	2
71	6	912.7092	-122.4257	2
71	7	936.5184	-118.9094	3
71	8	941.3394	-121.7109	3
71	9	960.6063	-114.5446	0
71	10	896.4711	-115.6534	4
71	11	892.8322	-113.6998	4
71	12	929.4944	-106.9839	0
71	13	948.4063	-114.7539	0
71	14	979.4814	-124.1598	0
71	15	889.78	-128.9259	0
72	1	853.0027	-121.3299	0
72	2	927.4833	-112.6077	0
72	3	982.7158	-117.0163	0
72	4	888.9698	-103.5009	0
72	5	904.3369	-114.3093	2
72	6	912.9117	-122.2076	2
72	7	935.715	-118.6943	3
72	8	940.8236	-121.5364	3
72	9	960.8529	-114.5179	0
72	10	896.7198	-115.2662	4
72	11	892.7419	-113.3919	4
72	12	926.293	-107.2764	0
72	13	948.7	-115.3297	0
72	14	979.1079	-124.0612	0
72	15	889.8607	-128.8777	0
73	1	852.2296	-121.113	0
73	2	926.7311	-112.6646	0
73	3	982.3689	-117.0062	0
73	4	888.569	-103.1669	0
73	5	904.3467	-114.2444	2
73	6	913.1008	-121.9557	2
73	7	934.8373	-118.4897	3
73	8	940.3005	-121.3431	3
73	9	961.0825	-114.4957	0
73	10	896.9597	-114.7667	4
73	11	892.564	-113.0314	4
73	12	923.5447	-107.6871	0
73	13	948.9571	-115.7506	0
73	14	978.7229	-123.9972	0
73	15	889.9678	-128.8121	0
74	1	851.3925	-120.8932	0
74	2	926.0466	-112.7791	0
74	3	982.0065	-117.0608	0
74	4	888.4368	-103.0783	0
74	5	904.4255	-114.1458	2
74	6	913.2645	-121.6866	2
74	7	934.1425	-118.4645	3
74	8	939.7404	-121.138	3
74	9	961.2971	-114.4808	0
74	10	897.1976	-114.2115	4
74	11	892.3602	-112.7444	4
74	12	921.3484	-108.043	0
74	13	949.108	-115.9781	0
74	14	978.3295	-123.9646	0
74	15	890.0963	-128.7318	0
76	1	850.1956	-120.9227	0
76	2	925.0952	-113.2582	0
76	3	981.3402	-117.1207	0
76	4	888.2856	-103.0144	0
76	5	904.6948	-113.9313	2
76	6	913.5446	-121.1437	2
76	7	933.0686	-118.5877	3
76	8	938.5498	-120.7861	3
76	9	961.7096	-114.4662	0
76	10	897.5098	-113.7476	4
76	11	891.7375	-112.2906	4
76	12	917.8987	-108.5277	0
76	13	949.2176	-116.2577	0
76	14	977.6119	-123.895	0
76	15	890.4583	-128.3692	0
76	16	1026.777	-119.2784	0
77	1	849.7396	-120.9017	0
77	2	924.7823	-113.256	0
77	3	980.9828	-117.0088	0
77	4	888.5465	-102.8608	0
77	5	904.656	-113.829	2
77	6	913.6161	-120.9243	2
77	7	932.6971	-118.5425	3
77	8	937.9464	-120.6692	3
77	9	961.9048	-114.4642	0
77	10	897.5646	-113.8896	4
77	11	891.1669	-111.9999	4
77	12	916.3716	-108.3751	0
77	13	949.4578	-116.311	0
77	14	977.4218	-123.8066	0
77	15	890.6337	-128.1938	0
77	16	1026.805	-119.2286	0
78	1	849.5639	-120.7932	0
78	2	924.5699	-113.2332	0
78	3	980.6333	-116.8578	0
78	4	888.5123	-102.7693	0
78	5	904.6178	-113.6796	2
78	6	913.7012	-120.7451	2
78	7	932.3939	-118.4771	3
78	8	937.3455	-120.6011	3
78	9	962.1193	-114.4607	0
78	10	897.545	-114.0074	4
78	11	890.7535	-111.8964	4
78	12	914.9296	-108.3307	0
78	13	949.8224	-116.3333	0
78	14	977.2628	-123.7261	0
78	15	890.813	-127.9951	0
78	16	1026.868	-119.1588	0
79	1	849.0488	-120.7671	0
79	2	924.4072	-113.1973	0
79	3	980.2924	-116.6781	0
79	4	888.3021	-102.6063	0
79	5	904.5837	-113.4985	2
79	6	913.7788	-120.6237	2
79	7	931.8613	-118.4709	3
79	8	936.7211	-120.6078	3
79	9	962.3276	-114.4583	0
79	10	897.4882	-113.8971	4
79	11	890.3179	-111.9025	4
79	12	913.7528	-108.3988	0
79	13	950.3654	-116.3117	0
79	14	976.8715	-123.6868	0
79	15	890.9897	-127.7726	0
79	16	1026.967	-119.0737	0
80	1	848.5133	-120.6345	0
80	2	924.2585	-113.1511	0
80	3	979.9537	-116.4784	0
80	4	888.0973	-102.3586	0
80	5	904.5439	-113.2874	2
80	6	913.83	-120.5859	2
80	7	931.3312	-118.4116	3
80	8	936.076	-120.6802	3
80	9	962.5272	-114.4576	0
80	10	897.3981	-113.6416	4
80	11	889.8526	-111.9331	4
80	12	912.7693	-108.4818	0
80	13	950.9133	-116.2454	0
80	14	976.4752	-123.5898	0
80	15	891.1946	-127.554	0
80	16	1026.951	-118.7487	0
81	1	847.9948	-120.4191	0
81	2	924.1329	-113.0929	0
81	3	979.6354	-116.2956	0
81	4	887.8813	-102.054	0
81	5	904.4934	-113.0612	2
81	6	913.8433	-120.6067	2
81	7	930.754	-118.2828	3
81	8	935.4707	-120.7483	3
81	9	962.7189	-114.457	0
81	10	897.2914	-113.3221	4
81	11	889.4718	-111.8851	4
81	12	911.9107	-108.5901	0
81	13	951.2657	-116.1897	0
81	14	976.0854	-123.4476	0
81	15	891.3555	-127.347	0
81	16	1027.344	-118.617	0
82	1	847.4706	-120.1613	0
82	2	924.0394	-113.0193	0
82	3	979.3523	-116.162	0
82	4	887.6218	-101.7246	0
82	5	904.4232	-112.8195	2
82	6	913.8442	-120.6103	2
82	7	930.1376	-118.1021	3
82	8	934.8553	-120.7619	3
82	9	962.9053	-114.4565	0
82	10	897.1713	-112.9964	4
82	11	887.4858	-111.7668	4
82	12	911.1526	-108.7053	0
82	13	951.5837	-116.1329	0
82	14	975.6859	-123.2633	0
82	15	891.5274	-127.1611	0
82	16	1027.59	-118.5171	0
84	1	846.3038	-119.6287	0
84	2	923.9591	-112.6683	0
84	3	978.8025	-115.9438	0
84	4	886.965	-101.0942	0
84	5	904.2633	-112.3566	2
84	6	913.7817	-120.2904	2
84	7	928.9481	-117.7866	3
84	8	933.5592	-120.5242	3
84	9	963.2195	-114.4612	0
84	10	896.8844	-112.5632	4
84	11	883.6971	-111.6805	4
84	12	909.9438	-108.7723	0
84	13	952.2044	-116.0165	0
84	14	974.8276	-122.8376	0
84	15	891.8615	-126.937	0
84	16	1028.163	-118.2028	0
84	17	971.1179	-110.7037	0
85	1	845.6808	-119.4435	0
85	2	923.9631	-112.5699	0
85	3	978.4834	-115.819	0
85	4	886.5745	-100.8651	0
85	5	904.1611	-112.165	2
85	6	913.7361	-120.0324	2
85	7	928.3402	-117.6342	3
85	8	932.9014	-120.3481	3
85	9	963.3459	-114.4682	0
85	10	896.5753	-112.3184	4
85	11	882.4742	-111.3635	4
85	12	909.3838	-108.6506	0
85	13	952.5382	-115.9384	0
85	14	974.3629	-122.6204	0
85	15	891.9891	-126.926	0
85	16	1028.483	-117.9822	0
85	17	971.0014	-110.6603	0
86	1	845.0707	-119.3431	0
86	2	923.9862	-112.4467	0
86	3	978.1278	-115.6794	0
86	4	886.183	-100.7104	0
86	5	904.0748	-112.008	2
86	6	913.6774	-119.7296	2
86	7	927.7379	-117.5109	3
86	8	932.2384	-120.167	3
86	9	963.4655	-114.4757	0
86	10	896.0624	-112.0537	4
86	11	881.3865	-111.05	4
86	12	908.8608	-108.4886	0
86	13	952.8659	-115.8674	0
86	14	973.8637	-122.4423	0
86	15	892.0844	-126.9183	0
86	16	1028.807	-117.7238	0
86	17	970.8217	-110.5999	0
87	1	844.4158	-119.3782	0
87	2	924.0293	-112.3017	0
87	3	977.832	-115.5932	0
87	4	885.7446	-100.6701	0
87	5	903.9779	-111.9077	2
87	6	913.6271	-119.4534	2
87	7	927.0491	-117.3354	3
87	8	931.6044	-120.032	3
87	9	963.5732	-114.4843	0
87	10	895.598	-111.9131	4
87	11	880.5739	-110.955	4
87	12	908.3699	-108.271	0
87	13	953.2	-115.7964	0
87	14	973.3698	-122.3018	0
87	15	892.1837	-126.8301	0
87	16	1029.128	-117.4356	0
87	17	970.5833	-110.5245	0
88	1	843.7773	-119.4743	0
88	2	924.0775	-112.1314	0
88	3	977.6326	-115.5683	0
88	4	885.269	-100.7155	0
88	5	903.8616	-111.8692	2
88	6	913.6059	-119.2637	2
88	7	926.42	-117.2734	3
88	8	930.9724	-119.9344	3
88	9	963.6702	-114.4924	0
88	10	895.1589	-111.8936	4
88	11	879.9045	-111.0958	4
88	12	907.9048	-108.0273	0
88	13	953.5337	-115.7267	0
88	14	972.8799	-122.2156	0
88	15	892.2407	-126.624	0
88	16	1029.434	-117.1158	0
88	17	970.0968	-109.9008	0
89	1	843.1468	-119.4705	0
89	2	924.1204	-111.9443	0
89	3	977.4495	-115.5671	0
89	4	884.8108	-100.7311	0
89	5	903.1495	-111.911	2
89	6	913.5504	-119.0273	2
89	7	925.7898	-117.2585	3
89	8	930.2783	-119.8025	3
89	9	963.7496	-114.4993	0
89	10	894.6697	-111.9259	4
89	11	879.4143	-111.2957	4
89	12	907.49	-107.8118	0
89	13	953.8647	-115.6597	0
89	14	972.3672	-122.217	0
89	15	892.3063	-126.3765	0
89	16	1029.782	-116.8097	0
89	17	969.7125	-109.7598	0
90	1	842.4851	-119.2865	0
90	2	924.1572	-111.7458	0
90	3	977.2938	-115.5723	0
90	4	884.3069	-100.582	0
90	5	902.2589	-111.949	2
90	6	913.3741	-118.7891	2
90	7	925.151	-117.2968	3
90	8	929.5098	-119.6406	3
90	9	963.7981	-114.5065	0
90	10	894.1707	-111.9366	4
90	11	879.0067	-111.2067	4
90	12	907.1139	-107.6411	0
90	13	954.1676	-115.6157	0
90	14	971.8358	-122.2932	0
90	15	892.361	-126.0851	0
90	16	1030.058	-116.5414	0
90	17	969.2733	-109.688	0
92	1	841.1592	-118.7527	0
92	2	924.1865	-111.2822	0
92	3	977.6006	-115.728	0
92	4	883.2466	-100.0468	0
92	5	901.3179	-111.7773	2
92	6	913.0548	-118.4667	2
92	7	923.8113	-117.3787	3
92	8	928.1453	-119.5146	3
92	9	963.7686	-114.5229	0
92	10	893.6349	-111.7537	4
92	11	878.3658	-110.3123	4
92	12	906.1877	-107.1395	0
92	13	954.7889	-115.5141	0
92	14	970.8269	-122.3256	0
92	15	892.5161	-125.6431	0
92	16	1030.68	-116.2022	0
92	17	968.3032	-109.7102	0
92	18	919.7745	-112.8611	0
93	1	840.5355	-118.5795	0
93	2	924.1969	-111.0467	0
93	3	977.4652	-115.6584	0
93	4	882.7015	-99.74121	0
93	5	900.9182	-111.6475	2
93	6	912.8912	-118.4756	2
93	7	923.175	-117.3311	3
93	8	927.5242	-119.5505	3
93	9	963.5635	-114.54	0
93	10	893.0137	-111.7454	4
93	11	878.1997	-109.9365	4
93	12	905.7502	-106.9286	0
93	13	955.1315	-115.4438	0
93	14	970.2792	-122.1744	0
93	15	892.5713	-125.4117	0
93	16	1030.972	-116.2017	0
93	17	967.7871	-109.6586	0
93	18	919.5244	-112.9316	0
94	1	839.8383	-118.37	0
94	2	924.1506	-110.8328	0
94	3	977.3644	-115.5916	0
94	4	882.1881	-99.52643	0
94	5	900.5602	-111.4922	2
94	6	912.6484	-118.4908	2
94	7	922.5397	-117.2265	3
94	8	926.928	-119.5824	3
94	9	962.9644	-114.4979	0
94	10	892.4305	-111.6328	4
94	11	877.8542	-109.4258	4
94	12	905.4514	-106.8479	0
94	13	955.4701	-115.3702	0
94	14	969.7335	-121.9836	0
94	15	892.5206	-125.1323	0
94	16	1031.2	-116.2317	0
94	17	967.201	-109.4572	0
94	18	919.2312	-113.0202	0
95	1	839.0066	-118.1076	0
95	2	924.1086	-110.6459	0
95	3	977.3042	-115.5258	0
95	4	881.6411	-99.30945	0
95	5	900.213	-111.3152	2
95	6	912.371	-118.4572	2
95	7	921.8129	-117.0531	3
95	8	926.4263	-119.5582	3
95	9	963.0763	-114.4091	0
95	10	891.8886	-111.4424	4
95	11	877.8202	-109.2057	4
95	12	905.1974	-106.8188	0
95	13	955.8115	-115.2936	0
95	14	969.1766	-121.7542	0
95	15	892.5385	-124.9351	0
95	16	1031.421	-116.1412	0
95	17	966.5961	-109.1929	0
95	18	918.9866	-113.1021	0
97	1	837.7599	-118.0347	0
97	2	923.944	-110.4323	0
97	3	977.3403	-115.3967	0
97	4	880.2564	-98.78302	0
97	5	899.6118	-111.0026	2
97	6	911.98	-118.2662	2
97	7	920.5614	-116.7543	3
97	8	925.6522	-119.4608	3
97	9	963.1455	-114.3843	0
97	10	890.881	-110.9101	4
97	11	878.9856	-109.2188	4
97	12	905.1729	-106.5962	0
97	13	956.5033	-115.1131	0
97	14	968.147	-121.4324	0
97	15	892.8528	-124.8683	0
97	16	1031.709	-115.5245	0
97	17	965.3321	-108.5537	0
97	18	918.7335	-113.2505	0
97	19	906.2024	-124.9949	0
98	1	837.2284	-118.0521	0
98	2	923.795	-110.4201	0
98	3	977.4301	-115.3363	0
98	4	879.7524	-98.69733	0
98	5	899.3026	-110.8187	2
98	6	911.4586	-118.2294	2
98	7	919.931	-116.6189	3
98	8	925.1361	-119.4241	3
98	9	963.1173	-114.3838	0
98	10	890.3812	-110.6001	4
98	11	879.504	-109.1658	4
98	12	905.1111	-106.5016	0
98	13	956.8611	-115.0204	0
98	14	967.6039	-121.2799	0
98	15	893.042	-124.8333	0
98	16	1031.846	-115.1417	0
98	17	964.731	-108.3517	0
98	18	918.7625	-113.3025	0
98	19	905.9332	-124.9758	0
99	1	836.9653	-117.9593	0
99	2	923.6212	-110.4062	0
99	3	977.5786	-115.287	0
99	4	879.2542	-98.68909	0
99	5	898.9418	-110.6041	2
99	6	910.8869	-118.1206	2
99	7	919.3719	-116.5254	3
99	8	924.6453	-119.3403	3
99	9	963.0756	-114.3842	0
99	10	889.929	-110.3196	4
99	11	879.7495	-108.8862	4
99	12	904.8876	-106.355	0
99	13	956.9896	-114.6875	0
99	14	966.9816	-121.1011	0
99	15	893.3768	-124.7391	0
99	16	1032.03	-114.8699	0
99	17	963.9797	-108.0709	0
99	18	919.0881	-113.3102	0
99	19	905.5551	-124.9503	0
100	1	836.6306	-117.9008	0
100	2	923.4299	-110.3314	0
100	3	977.7896	-115.2548	0
100	4	878.7975	-98.67139	0
100	5	896.9608	-110.3651	2
100	6	910.2584	-117.9547	2
100	7	918.8033	-116.4141	3
100	8	924.1837	-119.224	3
100	9	963.0298	-114.3838	0
100	10	889.4751	-110.0908	4
100	11	880.0133	-108.4468	4
100	12	904.6858	-106.1298	0
100	13	957.4149	-114.5731	0
100	14	966.314	-120.924	0
100	15	893.785	-124.6401	0
100	16	1032.218	-114.5843	0
100	17	963.0472	-107.7396	0
100	18	919.5597	-113.2381	0
100	19	904.4739	-124.5476	0
101	1	836.0862	-117.8058	0
101	2	923.1796	-110.1467	0
101	3	978.0308	-115.2502	0
101	4	878.5468	-98.55957	0
101	5	895.9152	-110.5833	2
101	6	908.8706	-117.6292	2
101	7	918.2126	-116.2794	3
101	8	923.7347	-119.0837	3
101	9	962.9897	-114.3821	0
101	10	889.105	-109.9204	4
101	11	880.1937	-107.9504	4
101	12	904.4905	-105.8478	0
101	13	957.9473	-114.4583	0
101	14	965.8432	-120.8842	0
101	15	893.8795	-124.5745	0
101	16	1032.243	-114.2166	0
101	17	962.4728	-107.6801	0
101	18	919.8203	-113.1693	0
101	19	903.8097	-124.5022	0
104	1	834.4823	-117.0815	0
104	2	922.3071	-109.4531	0
104	3	978.2861	-115.3363	0
104	4	877.4927	-98.18683	0
104	5	893.9073	-110.7076	2
104	6	905.1852	-116.9996	2
104	7	916.834	-116.1588	3
104	8	922.4153	-118.6249	3
104	9	963.0414	-114.3541	0
104	10	888.2752	-109.9813	4
104	11	880.4745	-107.1368	4
104	12	903.7578	-104.946	0
104	13	959.2416	-114.0705	0
104	14	964.2968	-120.9357	0
104	15	894.1859	-124.0904	0
104	16	1033.233	-113.8961	0
104	17	961.5918	-107.6838	0
104	18	920.6657	-112.8948	0
104	19	901.7595	-124.448	0
104	20	980.5076	-118.6046	5
104	21	979.9654	-116.0151	5
105	1	833.8902	-116.7988	0
105	2	921.9874	-109.2594	0
105	3	978.3939	-115.3528	0
105	4	877.0315	-97.95172	0
105	5	893.5938	-110.6171	2
105	6	904.1874	-117.0955	2
105	7	916.2897	-116.1125	3
105	8	921.9871	-118.4857	3
105	9	963.0319	-114.3453	0
105	10	888.2161	-109.8191	4
105	11	880.4426	-107.2104	4
105	12	903.4484	-104.725	0
105	13	959.6313	-113.8813	0
105	14	963.9229	-120.8639	0
105	15	894.2749	-123.8886	0
105	16	1033.926	-113.8015	0
105	17	961.3895	-107.646	0
105	18	921.0503	-112.6754	0
105	19	901.2704	-124.3661	0
105	20	980.3813	-118.3191	5
105	21	980.1382	-116.0494	5
106	1	833.2516	-116.579	0
106	2	921.6597	-109.1133	0
106	3	978.5281	-115.3665	0
106	4	876.5695	-97.672	0
106	5	893.1626	-110.5718	2
106	6	903.2439	-117.3293	2
106	7	915.8983	-116.0903	3
106	8	921.5385	-118.3661	3
106	9	963.0273	-114.3339	0
106	10	888.2058	-109.4394	4
106	11	880.3689	-107.2716	4
106	12	903.1545	-104.5655	0
106	13	960.012	-113.6581	0
106	14	963.4271	-120.8373	0
106	15	894.3469	-123.6804	0
106	16	1034.865	-113.6821	0
106	17	960.9146	-107.5329	0
106	18	921.3831	-112.5119	0
106	19	900.5816	-124.3689	0
106	20	979.9858	-118.1702	5
106	21	980.3336	-116.1346	5
107	1	832.6354	-116.4274	0
107	2	921.2642	-108.9329	0
107	3	978.68	-115.3775	0
107	4	876.0734	-97.36871	0
107	5	892.729	-110.4673	2
107	6	902.499	-117.512	2
107	7	915.6297	-116.0191	3
107	8	921.1133	-118.2625	3
107	9	963.0238	-114.3202	0
107	10	888.2247	-108.8831	4
107	11	880.2434	-107.0777	4
107	12	902.8296	-104.501	0
107	13	960.3688	-113.4227	0
107	14	962.7264	-120.8104	0
107	15	894.4015	-123.468	0
107	16	1035.274	-113.5789	0
107	17	960.4609	-107.2892	0
107	18	921.7168	-112.3207	0
107	19	899.7997	-124.3169	0
107	20	979.6552	-117.8584	5
107	21	980.6539	-116.4653	5
110	1	830.6699	-116.5444	0
110	2	919.8279	-108.4662	0
110	3	979.2705	-115.3715	0
110	4	874.3928	-96.57092	0
110	5	891.1487	-109.7862	2
110	6	900.4354	-117.1304	2
110	7	914.6894	-115.8257	3
110	8	919.8109	-118.1356	3
110	9	962.9243	-114.2513	0
110	10	888.1085	-107.5981	4
110	11	879.876	-105.9945	4
110	12	901.7363	-104.4352	0
110	13	961.3542	-112.7156	0
110	14	960.4964	-120.3713	0
110	15	894.4742	-122.9193	0
110	16	1036.584	-112.5989	0
110	17	958.9385	-106.2197	0
110	18	922.6751	-111.6259	0
110	19	897.3353	-123.6868	0
110	20	978.7434	-117.2939	5
110	21	981.2275	-116.3271	5
110	22	908.5094	-131.8088	6
110	23	906.7925	-124.2035	6
111	1	830.0648	-116.4038	0
111	2	919.4127	-108.3439	0
111	3	979.4977	-115.3486	0
111	4	873.8319	-96.40161	0
111	5	890.3993	-109.6438	2
111	6	899.9189	-117.0068	2
111	7	914.2864	-115.7318	3
111	8	919.4061	-118.0395	3
111	9	962.863	-114.2201	0
111	10	888.229	-107.3575	4
111	11	879.8896	-105.7709	4
111	12	901.4003	-104.2689	0
111	13	961.6294	-112.5564	0
111	14	959.6602	-120.3044	0
111	15	894.466	-122.7788	0
111	16	1036.959	-112.3771	0
111	17	958.377	-106.0562	0
111	18	922.9532	-111.4598	0
111	19	896.4155	-123.6073	0
111	20	978.462	-117.1859	5
111	21	981.1919	-116.2983	5
111	22	907.8989	-131.6879	6
111	23	907.1869	-124.2844	6
