2	1	1401.314	378.4011	2
3	1	1391.111	375.6494	2
3	2	1434.701	380.9881	2
4	1	1377.075	372.9756	2
4	2	1432.737	380.5934	2
4	3	-219.8219	255.8196	0
5	1	1370.656	372.9371	2
5	2	1425.529	379.3721	2
5	3	-210.495	261.2529	0
6	1	1363.098	369.7784	2
6	2	1422.173	378.4724	2
6	3	-200.584	265.141	0
7	1	1353.245	366.5482	2
7	2	1418.626	377.6586	2
7	3	-189.2178	268.3242	0
8	1	1343.582	364.4517	2
8	2	1414.475	376.8787	2
8	3	-175.0558	270.7523	0
9	1	1333.188	362.761	2
9	2	1409.683	376.0767	2
9	3	-172.4564	269.0518	0
10	1	1321.905	362.6418	2
10	2	1404.302	375.2807	2
10	3	-164.9374	270.9332	0
11	1	1311.03	360.5228	2
11	2	1398.205	374.4008	2
11	3	-156.225	272.0666	0
12	1	1299.766	358.9529	2
12	2	1391.757	373.3733	2
12	3	-144.7102	272.7244	0
13	1	1287.578	357.3878	2
13	2	1384.999	372.1415	2
13	3	-132.1967	272.8047	0
14	1	1275.102	355.4927	2
14	2	1376.712	369.6223	2
14	3	-119.1171	271.707	0
15	1	1263.121	353.256	2
15	2	1369.859	368.4606	2
15	3	-104.7234	268.6559	0
16	1	1252.007	350.5649	2
16	2	1363.419	368.0208	2
16	3	-102.3242	266.6711	0
17	1	1240.688	348.1664	2
17	2	1356.25	370.6383	2
17	3	-95.75264	265.8456	0
18	1	1229.222	345.9088	2
18	2	1349.376	370.2097	2
18	3	-87.72392	264.8799	0
19	1	1218.379	343.4473	2
19	2	1341.214	369.9833	2
19	3	-76.56319	263.8964	0
20	1	1206.369	340.4327	2
20	2	1332.294	369.9868	2
20	3	-63.51875	262.8047	0
21	1	1194.525	337.9857	2
21	2	1322.469	369.7145	2
21	3	-49.49097	262.1017	0
22	1	1182.875	336.2631	2
22	2	1313.258	368.753	2
22	3	-34.72359	261.6422	0
23	1	1171.306	336.0183	2
23	2	1304.939	367.3842	2
23	3	-31.9368	259.5494	0
24	1	1160.32	334.2562	2
24	2	1297.997	365.4477	2
24	3	-24.65759	259.908	0
25	1	1149.064	333.1483	2
25	2	1289.873	363.834	2
25	3	-16.75491	260.6017	0
26	1	1136.919	332.0644	2
26	2	1280.765	362.4507	2
26	3	-5.280533	260.6787	0
27	1	1124.504	330.584	2
27	2	1272.221	360.9765	2
27	3	6.642799	260.5485	0
28	1	1112.43	328.749	2
28	2	1262.996	359.0487	2
28	3	20.18524	260.66	0
29	1	1101.101	326.5257	2
29	2	1253.415	356.8379	2
29	3	35.38006	260.7041	0
30	1	1089.592	324.6255	2
30	2	1245.021	355.8094	2
30	3	39.09451	255.0798	0
31	1	1078.064	322.8266	2
31	2	1232.047	357.1886	2
31	3	47.02961	258.6443	0
32	1	1066.955	320.7967	2
32	2	1217.869	357.6796	2
32	3	54.74895	257.8503	0
33	1	1054.805	318.1793	2
33	2	1213.045	358.5958	2
33	3	64.53365	255.3396	0
34	1	1042.958	316.3672	2
34	2	1206.265	359.4462	2
34	3	76.27758	254.8665	0
35	1	1031.266	315.3163	2
35	2	1196.391	359.388	2
35	3	89.22558	253.7194	0
36	1	1019.963	316.3264	2
36	2	1183.462	358.3445	2
36	3	104.149	252.6082	0
37	1	1009.019	316.4998	2
37	2	1169.106	357.5912	2
37	3	109.7479	250.9623	0
38	1	997.9369	317.5746	2
38	2	1164.645	357.8866	2
38	3	117.6614	250.4933	0
39	1	986.1815	318.9449	2
39	2	1155.534	358.3877	2
39	3	126.4964	250.3784	0
40	1	974.2766	319.1088	2
40	2	1146.488	357.6277	2
40	3	136.0988	251.1274	0
41	1	962.7557	318.482	2
41	2	1135.043	357.0556	2
41	3	147.5652	251.7063	0
42	1	952.728	317.0352	2
42	2	1120.938	357.1493	2
42	3	156.8062	252.0511	0
43	1	944.5824	315.2723	2
43	2	1115.669	358.6518	2
43	3	165.5548	252.6087	0
44	1	938.5996	312.8205	2
44	2	1108.009	355.6542	2
44	3	173.9984	253.3633	0
45	1	934.9052	310.7316	2
45	2	1099.032	353.3253	2
45	3	183.1266	255.1345	0
46	1	933.0597	307.9971	2
46	2	1086.796	349.9094	2
46	3	190.739	255.1993	0
47	1	936.8138	303.659	2
47	2	1073.524	347.426	2
47	3	197.8417	254.2349	0
48	1	942.9514	301.4731	2
48	2	1058.757	345.3465	2
48	3	204.3893	251.3984	0
49	1	950.7697	296.8451	2
49	2	1053.76	345.6563	2
49	3	210.9091	251.2829	0
50	1	958.832	292.0371	2
50	2	1046.625	344.2826	2
50	3	217.9302	250.7681	0
51	1	964.5356	286.1426	2
51	2	1038.664	342.0723	2
51	3	225.3648	250.4521	0
52	1	970.5459	282.9072	2
52	2	1027.602	339.2065	2
52	3	233.199	250.4458	0
53	1	975.3262	279.9893	2
53	2	1015.06	335.9176	2
53	3	240.1971	250.8475	0
54	1	979.377	277.5232	2
54	2	1001.075	331.9092	2
54	3	246.5743	251.5946	0
55	1	982.4777	275.5106	2
55	2	995.7862	329.731	2
55	3	251.8103	252.762	0
56	1	984.6086	273.8098	2
56	2	988.697	328.593	2
56	3	257.4672	253.8216	0
57	1	986.1542	272.6199	2
57	2	981.308	326.1516	2
57	3	263.6622	254.8224	0
58	1	987.0814	270.0868	2
58	2	973.9019	322.2042	2
58	3	270.0464	255.7881	0
59	1	990.357	265.6799	2
59	2	965.694	318.3773	2
59	3	275.9394	256.612	0
60	1	996.291	260.2725	2
60	2	958.0909	313.9962	2
60	3	282.2154	257.6052	0
61	1	1003.713	255.3007	2
61	2	952.5629	308.8904	2
61	3	288.8444	259.419	0
62	1	1010.388	251.3816	2
62	2	948.799	303.4401	2
62	3	294.8579	260.1576	0
63	1	1015.807	248.101	2
63	2	949.7395	297.3924	2
63	3	300.6738	260.5291	0
64	1	1020.234	245.2013	2
64	2	953.8638	291.705	2
64	3	306.424	260.3375	0
65	1	1023.848	242.1993	2
65	2	958.7826	283.9275	2
65	3	312.1163	258.295	0
66	1	1026.388	239.5297	2
66	2	961.8566	275.124	2
66	3	317.5397	258.0705	0
67	1	1026.903	236.5654	2
67	2	967.45	268.2553	2
67	3	323.2495	258.2596	0
68	1	1026.854	234.9743	2
68	2	971.5217	261.4861	2
68	3	329.1909	258.245	0
69	1	1026.973	232.8554	2
69	2	974.4367	255.2426	2
69	3	335.2021	258.2376	0
70	1	1027.862	230.4382	2
70	2	977.1326	249.2476	2
70	3	341.4823	258.4286	0
71	1	1028.347	227.2989	2
71	2	980.3656	243.9467	2
71	3	347.968	258.6564	0
72	1	1029.096	223.6976	2
72	2	983.4424	238.9696	2
72	3	354.0861	259.2089	0
73	1	1030.774	219.3296	2
73	2	985.9935	234.5052	2
73	3	360.0593	259.7658	0
74	1	1032.345	214.2732	2
74	2	987.7439	230.7243	2
74	3	365.8757	260.6826	0
75	1	1033.108	209.1647	2
75	2	988.6741	227.4344	2
75	3	370.9373	261.7859	0
76	1	1032.24	204.7048	2
76	2	988.9357	224.3264	2
76	3	376.2655	262.7711	0
77	1	1030.569	200.8992	2
77	2	988.6417	221.6154	2
77	3	381.8658	263.784	0
78	1	1028.779	198.0361	2
78	2	987.9407	219.0689	2
78	3	387.6262	264.7254	0
79	1	1026.866	195.168	2
79	2	986.8965	216.7166	2
79	3	393.3845	265.6265	0
80	1	1024.072	193.2372	2
80	2	985.2524	215.3579	2
80	3	398.8987	266.4389	0
81	1	1020.781	191.8782	2
81	2	983.7438	213.3641	2
81	3	404.8948	267.5431	0
82	1	1017.042	190.9191	2
82	2	981.975	211.512	2
82	3	411.0966	269.304	0
82	4	-532.4695	571.6481	0
83	1	1012.993	190.2922	2
83	2	979.856	208.9021	2
83	3	416.8994	269.9945	0
83	4	-530.9787	570.45	0
84	1	1008.571	189.8785	2
84	2	977.4936	207.2773	2
84	3	422.7097	270.4709	0
84	4	-528.8942	568.7792	0
85	1	1003.792	189.6228	2
85	2	974.9277	205.7328	2
85	3	428.4712	270.4954	0
85	4	-524.1928	566.7657	0
86	1	998.7186	189.5238	2
86	2	971.9707	204.2286	2
86	3	434.1114	268.8379	0
86	4	-520.3691	564.5131	0
87	1	993.6497	189.3032	2
87	2	968.7518	202.7225	2
87	3	439.5793	268.2893	0
87	4	-515.8685	562.0104	0
88	1	988.562	189.1689	2
88	2	965.2377	201.1667	2
88	3	445.169	268.5531	0
88	4	-510.7934	559.2732	0
89	1	983.4606	188.8654	2
89	2	961.4697	199.6154	2
89	3	450.9106	268.6026	0
89	4	-505.7788	556.5046	0
90	1	978.439	188.2746	2
90	2	957.6086	198.4249	2
90	3	456.7084	268.5907	0
90	4	-500.9289	553.7273	0
91	1	973.8582	187.6334	2
91	2	953.5272	197.1999	2
91	3	462.6993	268.7391	0
91	4	-495.0399	550.8571	0
92	1	969.0384	187.22	2
92	2	949.2538	196.0994	2
92	3	468.9969	268.9099	0
92	4	-488.0031	548.2899	0
92	5	1844.31	680.0285	3
93	1	964.0726	186.9745	2
93	2	944.3235	195.7133	2
93	3	475.0994	269.4687	0
93	4	-483.134	545.3807	0
93	5	1844.297	679.427	3
93	6	1920.39	699.704	3
94	1	959.0038	186.8799	2
94	2	939.2154	196.8398	2
94	3	481.0586	269.9679	0
94	4	-479.243	542.403	0
94	5	1844.27	678.5374	3
94	6	1920.391	698.7791	3
95	1	953.8616	186.8555	2
95	2	934.0577	198.7239	2
95	3	487.0109	270.7498	0
95	4	-475.5958	539.0693	0
95	5	1844.229	677.3599	3
95	6	1920.396	697.5521	3
96	1	950.1948	183.7208	2
96	2	929.2169	198.7079	2
96	3	492.5742	271.8609	0
96	4	-472.6081	534.103	0
96	5	1844.163	675.8972	3
96	6	1920.396	696.0143	3
97	1	949.4537	176.7392	2
97	2	924.38	198.8031	2
97	3	497.8431	272.8614	0
97	4	-469.0641	530.552	0
97	5	1844.086	674.1449	3
97	6	1920.377	694.1627	3
98	1	949.5118	167.3305	2
98	2	919.4913	198.8354	2
98	3	503.2192	273.9107	0
98	4	-464.1129	527.4563	0
98	5	1844	672.1029	3
98	6	1920.346	691.9951	3
99	1	949.5229	156.7518	2
99	2	914.7003	198.5195	2
99	3	508.7787	274.8195	0
99	4	-458.3453	523.991	0
99	5	1843.904	669.7673	3
99	6	1920.289	689.5109	3
100	1	948.5779	147.3136	2
100	2	910.0991	197.4884	2
100	3	514.3884	275.7086	0
100	4	-452.038	520.5076	0
100	5	1843.792	667.1401	3
100	6	1920.218	686.7216	3
101	1	945.0644	139.5965	2
101	2	905.6735	195.8698	2
101	3	519.7756	276.4795	0
101	4	-445.0633	517.0839	0
101	5	1842.912	663.4113	3
101	6	1920.179	682.3809	3
102	1	943.3182	132.419	2
102	2	901.3788	193.7523	2
102	3	525.3528	277.265	0
102	4	-438.2202	513.9061	0
102	5	1842.748	659.9712	3
102	6	1919.824	678.8493	3
103	1	940.1718	126.8975	2
103	2	897.3424	191.1431	2
103	3	531.1181	278.5235	0
103	4	-432.0985	511.2724	0
103	5	1842.806	656.3558	3
103	6	1919.146	674.9923	3
104	1	936.4203	122.3909	2
104	2	893.6859	188.1417	2
104	3	536.9236	279.8555	0
104	4	-426.8522	509.1234	0
104	5	1843.154	652.553	3
104	6	1918.233	670.7406	3
105	1	932.4738	117.5717	2
105	2	890.194	184.9333	2
105	3	542.5236	280.276	0
105	4	-422.6409	507.8332	0
105	5	1843.844	648.449	3
105	6	1917.306	666.3041	3
106	1	928.7468	113.4966	2
106	2	886.8845	181.357	2
106	3	548.1464	280.5832	0
106	4	-418.6404	506.8077	0
106	5	1844.666	644.0841	3
106	6	1916.815	661.7256	3
107	1	924.8414	109.5812	2
107	2	883.8366	177.3762	2
107	3	553.6138	280.4544	0
107	4	-412.7457	505.5059	0
107	5	1845.116	639.4828	3
107	6	1916.145	656.5731	3
108	1	921.0027	105.5292	2
108	2	881.1523	173.2197	2
108	3	558.8371	279.0219	0
108	4	-406.0347	503.9304	0
108	5	1844.476	634.6727	3
108	6	1915.344	650.886	3
109	1	917.3581	101.5043	2
109	2	878.6553	169.2538	2
109	3	563.9386	278.2489	0
109	4	-398.9332	502.3342	0
109	5	1844.402	629.6412	3
109	6	1914.574	644.611	3
110	1	913.6383	97.94989	2
110	2	875.9219	165.3303	2
110	3	568.9847	278.3924	0
110	4	-392.9089	500.9584	0
110	5	1844.889	624.3162	3
110	6	1914.875	638.669	3
111	1	909.4744	94.88342	2
111	2	873.0277	161.528	2
111	3	574.0093	278.346	0
111	4	-386.1993	499.6674	0
111	5	1844.584	618.5948	3
111	6	1909.694	623.5694	3
112	1	904.923	92.07959	2
112	2	869.9616	157.7584	2
112	3	579.0208	278.1728	0
112	4	-378.5021	499.0546	0
112	5	1843.83	606.9946	3
112	6	1911.552	618.8453	3
113	1	900.1257	89.49414	2
113	2	866.7557	153.9946	2
113	3	583.8928	277.9843	0
113	4	-372.8732	497.8763	0
113	5	1844.598	594.5063	3
113	6	1904.5	612.8674	3
114	1	895.5352	86.46625	2
114	2	863.6028	150.2442	2
114	3	588.7941	277.8534	0
114	4	-368.2527	496.6187	0
114	5	1846.693	582.3723	3
114	6	1898.59	609.5306	3
115	1	890.7314	83.46448	2
115	2	860.4872	146.3383	2
115	3	593.7357	277.7283	0
115	4	-363.7192	494.9252	0
115	5	1850.122	570.3026	3
115	6	1893.061	605.0514	3
116	1	885.9626	79.60522	2
116	2	857.1472	142.1583	2
116	3	598.6477	277.6084	0
116	4	-359.3533	491.3672	0
116	5	1853.974	558.6594	3
116	6	1885.28	600.1136	3
117	1	881.2145	75.40979	2
117	2	853.9644	137.6845	2
117	3	603.3112	277.6312	0
117	4	-354.8873	489.4054	0
117	5	1862.357	548.1058	3
117	6	1876.869	594.2836	3
118	1	876.3998	70.85223	2
118	2	850.6012	133.3145	2
118	3	607.8634	277.5567	0
118	4	-349.437	488.0305	0
118	5	1862.713	543.551	3
118	6	1869.599	587.7263	3
119	1	870.9055	67.21704	2
119	2	847.0587	128.9189	2
119	3	612.3772	277.5199	0
119	4	-343.3145	486.3123	0
119	5	1862.461	537.9872	3
119	6	1864.975	581.0856	3
120	1	864.9108	64.82312	2
120	2	843.3588	124.4984	2
120	3	616.849	277.5721	0
120	4	-336.8179	484.5297	0
120	5	1861.078	531.6039	3
120	6	1864.332	574.2339	3
121	1	859.7241	60.85748	2
121	2	839.1971	120.7739	2
121	3	621.0622	277.6616	0
121	4	-329.8376	482.8881	0
121	5	1860.832	524.6129	3
121	6	1863.931	568.2142	3
122	1	853.9507	57.25995	2
122	2	834.0203	118.3876	2
122	3	624.7437	277.6352	0
122	4	-322.753	481.2778	0
122	5	1859.67	517.7856	3
122	6	1859.668	561.8225	3
123	1	847.9767	54.09906	2
123	2	829.898	114.9172	2
123	3	628.1624	277.2671	0
123	4	-316.2119	480.2796	0
123	5	1858.362	511.5906	3
123	6	1854.073	555.4087	3
124	1	842.0006	51.92261	2
124	2	825.7806	111.3128	2
124	3	630.9855	276.6715	0
124	4	-310.3121	479.4297	0
124	5	1856.693	506.3257	3
124	6	1850.275	549.3649	3
125	1	836.405	50.23383	2
125	2	821.3146	108.0634	2
125	3	632.2709	275.0655	0
125	4	-305.1966	479.1859	0
125	5	1853.833	501.9166	3
125	6	1845.773	542.0866	3
126	1	830.7939	48.9046	2
126	2	816.6471	105.0692	2
126	3	633.7874	273.8544	0
126	4	-301.0453	479.4865	0
126	5	1848.995	499.2237	3
126	6	1843.038	535.6575	3
127	1	825.3291	47.67413	2
127	2	811.843	102.0316	2
127	3	634.4398	272.4877	0
127	4	-296.2899	479.523	0
127	5	1844.233	497.1772	3
127	6	1842.144	530.1653	3
128	1	819.9822	47.19324	2
128	2	806.7791	98.83234	2
128	3	634.4178	271.1118	0
128	4	-290.2031	479.3414	0
128	5	1839.237	494.6983	3
128	6	1839.687	525.6656	3
129	1	814.301	47.4884	2
129	2	801.9512	95.57666	2
129	3	634.124	269.6367	0
129	4	-283.5547	478.9454	0
129	5	1832.728	492.7611	3
129	6	1834.789	522.7123	3
130	1	808.4164	48.35553	2
130	2	797.229	92.57233	2
130	3	633.7418	267.8707	0
130	4	-276.7622	478.513	0
130	5	1825.031	491.1514	3
130	6	1833.035	518.2328	3
131	1	802.5464	49.41626	2
131	2	792.5109	89.49249	2
131	3	633.2887	265.7801	0
131	4	-270.8727	478.1942	0
131	5	1816.554	489.4664	3
131	6	1829.612	514.0511	3
132	1	796.7438	50.36761	2
132	2	787.8669	86.22003	2
132	3	632.8025	263.437	0
132	4	-264.2541	478.0057	0
132	5	1809.132	487.6227	3
132	6	1825.21	510.2609	3
133	1	790.4748	51.16504	2
133	2	783.6899	83.49341	2
133	3	632.3303	260.9412	0
133	4	-256.9223	478.4602	0
133	5	1803.215	485.8311	3
133	6	1820.376	506.8761	3
134	1	784.241	51.87366	2
134	2	779.1019	81.36072	2
134	3	631.9548	258.3585	0
134	4	-251.1626	478.2609	0
134	5	1799.166	483.8098	3
134	6	1815.247	503.6686	3
135	1	778.3725	52.74048	2
135	2	774.3416	79.88702	2
135	3	631.759	255.7386	0
135	4	-246.1993	477.9393	0
135	5	1793.443	481.9512	3
135	6	1809.82	500.6337	3
136	1	772.6338	53.70978	2
136	2	769.3345	78.89032	2
136	3	631.7952	253.1299	0
136	4	-241.3122	477.2327	0
136	5	1786.003	480.2027	3
136	6	1804.525	497.7932	3
137	1	767.4554	55.92816	2
137	2	764.1621	78.26904	2
137	3	632.0805	250.5811	0
137	4	-236.4311	474.7042	0
137	5	1778.541	478.5444	3
137	6	1799.535	495.2012	3
138	1	762.3066	57.73212	2
138	2	759.0436	78.50519	2
138	3	632.6533	248.1261	0
138	4	-231.6923	472.9911	0
138	5	1771.7	476.8754	3
138	6	1795.233	493.0117	3
139	1	756.9342	58.49854	2
139	2	753.7387	79.22742	2
139	3	633.5038	245.7997	0
139	4	-226.3014	472.3693	0
139	5	1764	474.3942	3
139	6	1791.518	490.9128	3
140	1	751.5636	59.53296	2
140	2	747.9086	80.33569	2
140	3	634.603	243.643	0
140	4	-220.3062	471.3749	0
140	5	1758.734	473.4498	3
140	6	1788.366	488.8726	3
141	1	746.1919	60.68634	2
141	2	741.5958	81.55237	2
141	3	635.9501	241.6727	0
141	4	-213.9276	470.2084	0
141	5	1754.064	472.8502	3
141	6	1783.586	482.4301	3
142	1	740.7639	61.76508	2
142	2	735.9406	82.95496	2
142	3	637.455	239.9039	0
142	4	-207.1783	469.1407	0
142	5	1748.86	473.6217	3
142	6	1777.183	477.3185	3
143	1	735.1672	62.7583	2
143	2	730.2036	84.21863	2
143	3	639.1068	238.3084	0
143	4	-200.1525	468.099	0
143	5	1743.903	474.2337	3
143	6	1764.12	473.506	3
144	1	729.5165	63.49298	2
144	2	724.776	85.97546	2
144	3	640.8629	236.8673	0
144	4	-193.5126	467.5637	0
144	5	1738.604	473.6206	3
144	6	1751.506	467.298	3
145	1	724.0387	64.01074	2
145	2	720.0384	89.32837	2
145	3	642.6871	235.5422	0
145	4	-187.438	467.1188	0
145	5	1732.525	473.2193	3
145	6	1737.708	462.2026	3
146	1	718.5292	64.30005	2
146	2	714.8723	90.98077	2
146	3	644.5737	234.3245	0
146	4	-181.9687	467.1346	0
146	5	1725.889	472.8899	3
146	6	1724.719	459.4323	3
147	1	712.95	64.13312	2
147	2	709.4437	92.30792	2
147	3	646.4822	233.1924	0
147	4	-177.3206	467.7314	0
147	5	1718.573	472.3821	3
147	6	1711.799	458.5999	3
148	1	707.8061	63.72699	2
148	2	703.9985	93.9516	2
148	3	648.3904	232.1116	0
148	4	-172.8789	468.256	0
148	5	1710.866	471.7358	3
148	6	1698.985	459.9593	3
149	1	702.6293	63.60352	2
149	2	698.5594	95.69238	2
149	3	650.2984	231.0648	0
149	4	-167.1948	468.5252	0
149	5	1703.492	470.7875	3
149	6	1687.389	459.8498	3
150	1	697.5004	63.79376	2
150	2	692.9243	97.30786	2
150	3	652.1838	230.0175	0
150	4	-160.8886	468.5194	0
150	5	1697.596	469.3884	3
150	6	1675.801	461.0276	3
151	1	692.3004	64.21234	2
151	2	686.9799	98.83514	2
151	3	654.0261	228.9084	0
151	4	-154.1867	468.4185	0
151	5	1692.61	467.7888	3
151	6	1661.761	462.2225	3
152	1	687.0607	64.74426	2
152	2	681.0117	99.78827	2
152	3	655.8519	227.7085	0
152	4	-148.1033	468.3476	0
152	5	1685.209	466.225	3
152	6	1647.399	462.8239	3
153	1	681.9321	65.20782	2
153	2	675.1617	100.5184	2
153	3	657.645	226.4008	0
153	4	-141.9671	468.3476	0
153	5	1676.526	464.7764	3
153	6	1634.148	463.1465	3
154	1	676.6555	65.60559	2
154	2	669.1437	100.7558	2
154	3	659.5072	224.9792	0
154	4	-135.1047	468.8504	0
154	5	1668.59	463.4237	3
154	6	1622.22	463.1083	3
155	1	671.1475	65.82782	2
155	2	663.0771	100.3165	2
155	3	661.3878	223.481	0
155	4	-128.5548	469.3404	0
155	5	1659.818	461.6458	3
155	6	1609.294	463.2962	3
156	1	665.4794	63.27277	2
156	2	657.6565	99.71851	2
156	3	663.2598	221.9158	0
156	4	-123.2751	469.2526	0
156	5	1651.028	459.8407	3
156	6	1596.704	463.5541	3
157	1	659.2984	59.71637	2
157	2	652.1868	99.45691	2
157	3	665.1193	220.2722	0
157	4	-118.2267	469.0123	0
157	5	1643.82	459.1717	3
157	6	1585.033	463.6779	3
158	1	652.6453	58.09827	2
158	2	646.5657	99.23041	2
158	3	666.9852	218.558	0
158	4	-113.1302	467.5665	0
158	5	1636.151	460.0752	3
158	6	1570.427	462.6207	3
159	1	646.0724	58.65955	2
159	2	640.8464	98.74506	2
159	3	668.869	216.7724	0
159	4	-108.1335	464.9112	0
159	5	1628.765	460.7084	3
159	6	1557.805	463.2947	3
160	1	640.2861	57.58044	2
160	2	635.0829	97.29816	2
160	3	670.7974	214.9428	0
160	4	-103.0387	464.6475	0
160	5	1620.671	460.4085	3
160	6	1545.447	465.4113	3
161	1	634.4594	57.3924	2
161	2	628.8787	94.93164	2
161	3	672.7869	213.05	0
161	4	-97.28264	463.9752	0
161	5	1611.773	460.4434	3
161	6	1534.02	467.792	3
162	1	628.7133	57.71063	2
162	2	621.9767	91.38806	2
162	3	674.8513	211.1143	0
162	4	-91.07178	463.0077	0
162	5	1601.946	460.3075	3
162	6	1522.897	469.0605	3
163	1	622.8588	58.14349	2
163	2	614.4433	88.47229	2
163	3	676.7898	208.8446	0
163	4	-84.63394	462.0493	0
163	5	1592.367	459.7927	3
163	6	1515.864	471.2137	3
164	1	616.7499	58.61481	2
164	2	606.9816	86.90369	2
164	3	678.9584	206.7805	0
164	4	-77.81029	461.2109	0
164	5	1583.777	459.1318	3
164	6	1507.152	472.6438	3
164	7	-806.5441	52.34613	0
165	1	610.8264	58.79602	2
165	2	599.7565	88.34698	2
165	3	681.2794	204.6688	0
165	4	-71.02745	460.545	0
165	5	1576.57	457.9808	3
165	6	1499.68	473.0051	3
165	7	-805.0034	52.39099	0
166	1	604.8207	58.80469	2
166	2	593.4709	87.22791	2
166	3	683.7671	202.4735	0
166	4	-64.77493	460.2175	0
166	5	1568.565	456.9534	3
166	6	1494.969	473.0057	3
166	7	-802.8929	52.50848	0
167	1	598.6641	58.24207	2
167	2	587.0889	87.32294	2
167	3	686.4307	200.1732	0
167	4	-58.95523	460.1171	0
167	5	1559.396	456.0649	3
167	6	1491.531	472.6242	3
167	7	-800.2858	52.69702	0
168	1	593.105	57.57471	2
168	2	580.7179	87.82111	2
168	3	689.2946	197.9976	0
168	4	-53.70399	460.6129	0
168	5	1550.445	455.1737	3
168	6	1488.712	472.1111	3
168	7	-795.2893	52.92645	0
169	1	587.5891	57.40863	2
169	2	573.9072	88.32886	2
169	3	692.2688	195.7846	0
169	4	-49.29192	461.3636	0
169	5	1541.533	454.1449	3
169	6	1485.941	471.6556	3
169	7	-791.2172	53.20917	0
170	1	582.0862	57.62958	2
170	2	567.2726	88.27405	2
170	3	695.4769	193.5367	0
170	4	-44.05991	461.792	0
170	5	1531.699	452.5601	3
170	6	1482.944	471.2191	3
170	7	-786.6252	53.58765	0
171	1	576.6265	58.07611	2
171	2	560.5383	88.0058	2
171	3	698.9664	191.2985	0
171	4	-38.04291	461.9823	0
171	5	1523.54	452.2929	3
171	6	1479.9	470.7118	3
171	7	-781.5613	54.05206	0
172	1	571.2495	58.49109	2
172	2	553.6222	86.90204	2
172	3	702.7623	189.1206	0
172	4	-31.62407	461.9973	0
172	5	1515.365	453.1353	3
172	6	1476.992	470.232	3
172	7	-776.2773	54.50067	0
173	1	565.7148	58.80237	2
173	2	547.5459	86.01941	2
173	3	706.717	187.0906	0
173	4	-25.2932	461.977	0
173	5	1507.443	454.6412	3
173	6	1475.641	471.021	3
173	7	-771.0328	55.20276	0
174	1	559.9496	58.91943	2
174	2	541.7035	86.0354	2
174	3	710.5555	185.302	0
174	4	-19.5134	462.0349	0
174	5	1499.187	454.6847	3
174	6	1473.021	470.5358	3
174	7	-765.8965	55.83612	0
175	1	554.0726	58.9303	2
175	2	535.8622	86.66101	2
175	3	714.5629	183.4369	0
175	4	-13.00911	462.3183	0
175	5	1490.268	455.1322	3
175	6	1470.535	470.0284	3
175	7	-761.0175	56.50024	0
176	1	548.1815	59.23724	2
176	2	530.0714	87.41931	2
176	3	718.5139	181.8223	0
176	4	-6.047134	463.167	0
176	5	1480.477	455.4157	3
176	6	1468.158	469.4985	3
176	7	-756.7439	57.26196	0
177	1	542.2153	59.62244	2
177	2	524.0134	88.04004	2
177	3	722.6166	180.1641	0
177	4	-0.4189301	463.1607	0
177	5	1470.627	455.36	3
177	6	1465.714	469.0589	3
177	7	-753.1665	58.14496	0
178	1	536.6517	60.92902	2
178	2	517.5012	88.33679	2
178	3	726.7372	178.6354	0
178	4	4.868355	463.0975	0
178	5	1461.948	455.1126	3
178	6	1463.066	468.6496	3
178	7	-749.7113	59.01306	0
179	1	531.069	61.66644	2
179	2	511.2859	89.49384	2
179	3	731.0498	176.7962	0
179	4	10.71457	462.8298	0
179	5	1453.61	454.9114	3
179	6	1460.203	468.2692	3
179	7	-744.4685	59.68188	0
