4	1	1186.894	403.8924	2
4	2	1200.419	405.4197	2
4	3	137.8345	379.0096	0
5	1	1177.471	402.831	2
5	2	1197.676	405.1096	2
5	3	141.6156	381	0
6	1	1173.637	402.4023	2
6	2	1194.894	404.8562	2
6	3	146.7991	382.5651	0
7	1	1168.053	401.7784	2
7	2	1192.041	404.648	2
7	3	153.2017	383.7557	0
8	1	1161.536	401.0525	2
8	2	1189.079	404.4733	2
8	3	160.6611	384.6177	0
9	1	1154.324	400.2522	2
9	2	1185.964	404.3209	2
9	3	169.0338	385.1921	0
10	1	1146.614	399.4008	2
10	2	1182.656	404.18	2
10	3	172.099	385.0976	0
11	1	1138.567	398.5179	2
11	2	1179.117	404.0406	2
11	3	176.6468	384.8411	0
12	1	1130.314	397.6201	2
12	2	1175.241	403.8839	2
12	3	182.4756	384.445	0
13	1	1121.957	396.7206	2
13	2	1171.072	403.7113	2
13	3	189.4088	383.9291	0
14	1	1113.646	395.84	2
14	2	1166.649	403.5243	2
14	3	197.2931	383.3106	0
15	1	1105.373	394.977	2
15	2	1162.008	403.324	2
15	3	205.9948	382.605	0
16	1	1097.133	394.1305	2
16	2	1157.178	403.1118	2
16	3	215.3976	381.8256	0
17	1	1088.921	393.2997	2
17	2	1152.183	402.8887	2
17	3	218.5393	381.553	0
18	1	1080.734	392.4836	2
18	2	1147.048	402.6556	2
18	3	223.1305	381.1502	0
19	1	1072.57	391.6815	2
19	2	1141.791	402.4136	2
19	3	228.9732	380.6357	0
20	1	1064.425	390.8929	2
20	2	1136.428	402.1635	2
20	3	235.8947	380.0258	0
21	1	1056.299	390.1173	2
21	2	1130.975	401.9061	2
21	3	243.7448	379.3348	0
22	1	1048.19	389.3541	2
22	2	1125.444	401.6421	2
22	3	252.3933	378.5754	0
23	1	1040.096	388.6029	2
23	2	1119.847	401.3724	2
23	3	261.7265	377.7586	0
24	1	1032.018	387.8633	2
24	2	1114.192	401.0974	2
24	3	264.8348	377.4904	0
25	1	1023.963	387.1676	2
25	2	1108.489	400.818	2
25	3	269.375	377.1006	0
26	1	1015.926	386.5087	2
26	2	1102.744	400.5349	2
26	3	275.1514	376.6065	0
27	1	1007.905	385.8807	2
27	2	1096.963	400.2488	2
27	3	281.9937	376.0236	0
28	1	999.8967	385.2788	2
28	2	1091.153	399.9604	2
28	3	289.7541	375.3653	0
29	1	991.8998	384.6992	2
29	2	1085.318	399.6706	2
29	3	298.3038	374.6433	0
30	1	983.9135	384.1387	2
30	2	1079.462	399.3798	2
30	3	307.5311	373.8683	0
31	1	975.9427	383.5941	2
31	2	1072.371	399.2787	2
31	3	310.6043	373.615	0
32	1	967.9957	383.063	2
32	2	1064.208	399.3415	2
32	3	315.0931	373.2476	0
33	1	960.0794	382.5436	2
33	2	1055.108	399.5445	2
33	3	320.7971	372.8138	0
34	1	952.1996	382.0346	2
34	2	1051.851	399.7179	2
34	3	327.5501	372.3238	0
35	1	944.3671	381.5315	2
35	2	1046.807	399.6404	2
35	3	335.2076	371.7865	0
36	1	936.736	381.3864	2
36	2	1040.218	399.3469	2
36	3	343.6444	371.2096	0
37	1	929.2596	381.524	2
37	2	1032.486	399.2424	2
37	3	352.7517	370.6	0
38	1	921.9018	381.8866	2
38	2	1023.759	399.3031	2
38	3	355.7836	370.4091	0
39	1	914.6416	382.4257	2
39	2	1020.489	399.464	2
39	3	360.2131	370.1356	0
40	1	907.3436	382.74	2
40	2	1015.624	399.7579	2
40	3	365.8506	369.7912	0
41	1	900.0605	382.8568	2
41	2	1009.373	400.1676	2
41	3	372.5317	369.3866	0
42	1	893.0323	382.7792	2
42	2	1001.916	400.6765	2
42	3	378.7903	369.0504	0
43	1	886.7766	382.4228	2
43	2	993.2364	400.8932	2
43	3	384.6841	368.7737	0
44	1	881.6826	381.6531	2
44	2	989.8209	400.6956	2
44	3	390.2626	368.5486	0
45	1	878.2114	380.7102	2
45	2	984.6984	400.2953	2
45	3	395.5684	368.3685	0
46	1	876.2595	379.466	2
46	2	978.1019	399.6828	2
46	3	400.6385	368.2274	0
47	1	876.8356	377.6763	2
47	2	970.2539	398.8808	2
47	3	405.5049	368.1201	0
48	1	879.2101	375.4478	2
48	2	961.3596	397.8723	2
48	3	410.1952	368.0425	0
49	1	882.6434	373.0396	2
49	2	951.5338	396.6006	2
49	3	414.7331	367.9905	0
50	1	886.4718	370.6888	2
50	2	948.1376	396.0121	2
50	3	419.1393	367.9609	0
51	1	890.2054	368.5661	2
51	2	943.1177	395.0953	2
51	3	423.4316	367.9507	0
52	1	893.5569	366.7591	2
52	2	936.73	393.8753	2
52	3	427.6255	367.9575	0
53	1	896.416	365.2926	2
53	2	929.2099	392.3721	2
53	3	431.7343	367.979	0
54	1	898.6952	364.0977	2
54	2	920.8484	390.6745	2
54	3	435.7695	368.0133	0
55	1	900.3936	363.1055	2
55	2	911.8632	388.8438	2
55	3	439.7413	368.0588	0
56	1	901.5428	362.264	2
56	2	908.8867	388.2691	2
56	3	443.6582	368.1141	0
57	1	902.2061	361.5586	2
57	2	904.635	387.4501	2
57	3	447.5278	368.1778	0
58	1	902.9565	360.4594	2
58	2	899.3932	386.4008	2
58	3	451.3564	368.2489	0
59	1	904.6014	358.4278	2
59	2	893.6792	385.1078	2
59	3	455.1498	368.3265	0
60	1	906.9801	355.9124	2
60	2	888.0571	383.4171	2
60	3	458.9129	368.4097	0
61	1	909.6119	353.4045	2
61	2	882.9896	381.2881	2
61	3	462.6498	368.4977	0
62	1	912.3192	351.0436	2
62	2	878.9236	378.9863	2
62	3	466.3643	368.5901	0
63	1	914.9419	348.9238	2
63	2	877.0792	376.1942	2
63	3	470.0593	368.6861	0
64	1	917.2684	347.1133	2
64	2	877.0645	372.9675	2
64	3	473.7378	368.7854	0
65	1	919.0408	345.6417	2
65	2	878.2755	369.4726	2
65	3	477.402	368.8875	0
66	1	920.2137	344.4866	2
66	2	880.1345	365.9011	2
66	3	481.054	368.9921	0
67	1	920.6475	343.5628	2
67	2	882.1729	362.4236	2
67	3	484.6957	369.0989	0
68	1	920.6387	342.668	2
68	2	884.074	359.1568	2
68	3	488.3286	369.2075	0
69	1	920.4172	341.5863	2
69	2	885.6824	356.153	2
69	3	491.9539	369.3178	0
70	1	920.036	340.3133	2
70	2	886.9568	353.4169	2
70	3	495.5728	369.4295	0
71	1	919.5381	338.8507	2
71	2	887.9224	350.9245	2
71	3	499.1864	369.5425	0
72	1	919.0375	337.1756	2
72	2	888.6142	348.6481	2
72	3	502.7956	369.6566	0
73	1	918.7163	335.1228	2
73	2	888.9849	346.5954	2
73	3	506.4009	369.7716	0
74	1	918.38	332.9075	2
74	2	889.0696	344.7369	2
74	3	510.0032	369.8875	0
75	1	917.8812	330.7348	2
75	2	888.8998	343.048	2
75	3	513.603	370.0041	0
76	1	917.0685	328.7735	2
76	2	888.5028	341.5074	2
76	3	517.2008	370.1214	0
77	1	915.9874	326.9968	2
77	2	887.9019	340.0969	2
77	3	520.797	370.2392	0
78	1	914.5135	325.5536	2
78	2	887.1144	338.8028	2
78	3	524.392	370.3575	0
79	1	912.8617	324.2191	2
79	2	886.1573	337.611	2
79	3	527.986	370.4763	0
80	1	910.9067	323.1558	2
80	2	885.0418	336.5127	2
80	3	531.5794	370.5955	0
82	1	906.2766	321.6878	2
82	2	882.3677	334.5727	2
82	3	538.7651	370.8349	0
82	4	-213.6955	584.2546	0
83	1	903.6846	321.2161	2
83	2	880.8209	333.7218	2
83	3	542.3579	370.955	0
83	4	-211.7296	583.2699	0
84	1	900.9552	320.8806	2
84	2	879.1406	332.9458	2
84	3	545.9509	371.0753	0
84	4	-208.9871	581.9017	0
85	1	898.119	320.6564	2
85	2	877.3306	332.2427	2
85	3	549.5441	371.1959	0
85	4	-205.5869	580.2153	0
86	1	895.2025	320.522	2
86	2	875.394	331.6113	2
86	3	553.1377	371.3167	0
86	4	-201.6353	578.2696	0
87	1	892.2281	320.4585	2
87	2	873.3359	331.0478	2
87	3	556.7318	371.4376	0
87	4	-197.225	576.1175	0
88	1	889.2152	320.45	2
88	2	871.1605	330.55	2
88	3	560.3265	371.5587	0
88	4	-192.4384	573.8063	0
89	1	886.1797	320.4828	2
89	2	868.8726	330.114	2
89	3	563.9218	371.6799	0
89	4	-187.3466	571.3775	0
90	1	883.1349	320.5458	2
90	2	866.4775	329.7367	2
90	3	567.5179	371.8012	0
90	4	-182.0122	568.8677	0
93	1	874.038	320.8336	2
93	2	858.6005	329.0417	2
93	3	578.311	372.166	0
93	4	-165.0476	561.1442	0
93	5	1711.497	598.22	3
93	6	1711.497	598.22	3
94	1	871.0365	320.9449	2
94	2	855.6372	329.1053	2
94	3	581.9105	372.2877	0
94	4	-159.2027	558.5815	0
94	5	1710.658	597.4926	3
94	6	1710.658	597.4926	3
95	1	868.051	321.0602	2
95	2	852.533	329.2981	2
95	3	585.5109	372.4095	0
95	4	-153.3131	556.0541	0
95	5	1709.541	596.5244	3
95	6	1709.541	596.5244	3
96	1	865.3956	320.1592	2
96	2	849.5499	329.4426	2
96	3	589.1109	372.5313	0
96	4	-147.4017	553.5745	0
96	5	1708.148	595.3168	3
96	6	1708.148	595.3168	3
97	1	863.2396	317.5492	2
97	2	846.6912	329.5187	2
97	3	592.7083	372.6527	0
97	4	-141.487	551.1529	0
97	5	1706.48	593.8716	3
97	6	1706.48	593.8716	3
98	1	861.3625	313.9682	2
98	2	843.8671	329.499	2
98	3	596.3	372.773	0
98	4	-135.5843	548.7974	0
98	5	1704.54	592.1909	3
98	6	1704.54	592.1909	3
99	1	859.5972	309.8578	2
99	2	841.1126	329.336	2
99	3	599.8826	372.8917	0
99	4	-129.7057	546.5139	0
99	5	1702.33	590.2772	3
99	6	1702.33	590.2772	3
100	1	857.702	306.0303	2
100	2	838.4772	328.9514	2
100	3	603.4522	373.0077	0
100	4	-123.8609	544.3065	0
100	5	1699.854	588.1332	3
100	6	1699.853	588.1333	3
101	1	855.6403	302.5518	2
101	2	835.9418	328.3588	2
101	3	607.0051	373.1202	0
101	4	-118.0573	542.1782	0
101	5	1697.146	585.7618	3
101	6	1697.112	585.7623	3
102	1	853.4387	299.4058	2
102	2	833.4847	327.5789	2
102	3	610.5372	373.228	0
102	4	-112.3006	540.1304	0
102	5	1694.211	583.1665	3
102	6	1694.11	583.1676	3
103	1	851.0718	296.7347	2
103	2	831.0904	326.6356	2
103	3	614.0453	373.3301	0
103	4	-106.5945	538.1636	0
103	5	1691.056	580.351	3
103	6	1690.848	580.3533	3
104	1	848.566	294.4802	2
104	2	828.7411	325.5536	2
104	3	617.5262	373.4259	0
104	4	-100.9418	536.2776	0
104	5	1687.687	577.3193	3
104	6	1687.329	577.3232	3
105	1	845.9717	292.4424	2
105	2	826.4218	324.3618	2
105	3	620.9759	373.5139	0
105	4	-95.34431	534.4714	0
105	5	1684.11	574.076	3
105	6	1683.554	574.0823	3
106	1	843.2682	290.744	2
106	2	824.1234	323.081	2
106	3	624.3918	373.5933	0
106	4	-89.80278	532.7433	0
106	5	1680.333	570.6256	3
106	6	1679.525	570.6354	3
107	1	840.4943	289.1994	2
107	2	821.8358	321.7329	2
107	3	627.7722	373.6638	0
107	4	-84.31709	531.0914	0
107	5	1676.365	566.9733	3
107	6	1675.241	566.9884	3
108	1	837.6635	287.7878	2
108	2	819.5511	320.3288	2
108	3	631.1125	373.7234	0
108	4	-78.88664	529.5132	0
108	5	1672.217	563.1244	3
108	6	1670.702	563.1476	3
109	1	834.7729	286.4934	2
109	2	817.2629	318.8811	2
109	3	634.4114	373.7719	0
109	4	-73.51059	528.0062	0
109	5	1667.898	559.0848	3
109	6	1665.904	559.1212	3
110	1	831.8353	285.2962	2
110	2	814.9685	317.3956	2
110	3	637.6677	373.8088	0
110	4	-68.18748	526.5675	0
110	5	1663.423	554.861	3
110	6	1660.843	554.9192	3
111	1	828.8466	284.1822	2
111	2	812.6627	315.8828	2
111	3	640.8768	373.8321	0
111	4	-62.91588	525.1943	0
111	5	1658.808	550.4603	3
111	6	1650.403	547.344	3
112	1	825.8182	283.1327	2
112	2	810.3413	314.3501	2
112	3	644.0381	373.8416	0
112	4	-57.69386	523.8836	0
112	5	1651.901	543.2488	3
112	6	1636.539	538.2733	3
113	1	822.7451	282.1357	2
113	2	808.0007	312.8057	2
113	3	647.1471	373.835	0
113	4	-52.51953	522.6324	0
113	5	1644.308	534.9894	3
113	6	1631.116	535.6309	3
114	1	819.637	281.0252	2
114	2	805.64	311.2521	2
114	3	650.2033	373.8122	0
114	4	-47.3909	521.4376	0
114	5	1636.979	526.5968	3
114	6	1624.086	532.493	3
115	1	816.4904	279.9636	2
115	2	803.2563	309.6958	2
115	3	653.2026	373.7707	0
115	4	-42.30591	520.2963	0
115	5	1629.677	518.1704	3
115	6	1616.794	529.2622	3
116	1	813.3082	278.7789	2
116	2	800.8467	308.1423	2
116	3	656.1456	373.7108	0
116	4	-37.26242	519.2057	0
116	5	1622.314	509.6972	3
116	6	1609.263	525.8588	3
117	1	810.0799	277.4846	2
117	2	798.4088	306.5959	2
117	3	659.028	373.6298	0
117	4	-32.25838	518.1628	0
117	5	1612.678	498.6656	3
117	6	1601.607	522.2783	3
118	1	806.8186	276.0867	2
118	2	795.941	305.0633	2
118	3	661.8506	373.528	0
118	4	-27.29172	517.165	0
118	5	1609.968	496.0031	3
118	6	1593.914	518.5725	3
119	1	803.5138	274.6002	2
119	2	793.4423	303.5421	2
119	3	664.6097	373.4026	0
119	4	-22.36069	516.2096	0
119	5	1606.193	492.3893	3
119	6	1586.286	514.7257	3
120	1	800.1834	273.2016	2
120	2	790.9103	302.0333	2
120	3	667.3065	373.2543	0
120	4	-17.46315	515.2942	0
120	5	1601.637	488.1651	3
120	6	1578.776	510.8052	3
121	1	796.8099	271.7108	2
121	2	788.3444	300.5425	2
121	3	669.9214	373.077	0
121	4	-12.59735	514.4162	0
121	5	1596.573	483.5279	3
121	6	1571.42	506.865	3
122	1	793.385	270.1446	2
122	2	785.7424	299.0702	2
122	3	672.4014	372.86	0
122	4	-7.761536	513.5735	0
122	5	1591.271	479.2712	3
122	6	1564.248	502.949	3
123	1	789.9414	268.681	2
123	2	783.1036	297.6165	2
123	3	674.6606	372.5804	0
123	4	-2.954025	512.7639	0
123	5	1585.832	475.5686	3
123	6	1557.281	499.0931	3
124	1	786.5436	267.6388	2
124	2	780.4312	296.1829	2
124	3	676.6302	372.2197	0
124	4	1.826935	511.9852	0
124	5	1580.293	472.3585	3
124	6	1550.533	495.326	3
125	1	783.1858	266.9604	2
125	2	777.726	294.7691	2
125	3	678.2432	371.7536	0
125	4	6.58268	511.2357	0
125	5	1574.684	469.5847	3
125	6	1544.017	491.6703	3
126	1	779.8625	266.5967	2
126	2	774.9905	293.3789	2
126	3	679.4641	371.1682	0
126	4	11.31466	510.5134	0
126	5	1569.023	467.1968	3
126	6	1537.739	488.1432	3
127	1	776.5687	266.506	2
127	2	772.226	292.0121	2
127	3	680.2905	370.4542	0
127	4	16.02448	509.8166	0
127	5	1563.326	465.1491	3
127	6	1531.702	484.7573	3
128	1	773.2996	266.6524	2
128	2	769.4349	290.6714	2
128	3	680.7411	369.6144	0
128	4	20.71301	509.1436	0
128	5	1557.601	463.4004	3
128	6	1525.905	481.5213	3
129	1	770.0604	266.949	2
129	2	766.6165	289.4258	2
129	3	680.8704	368.6584	0
129	4	25.3817	508.4932	0
129	5	1551.855	461.9135	3
129	6	1520.347	478.441	3
130	1	766.8493	267.3564	2
130	2	763.772	288.2879	2
130	3	680.7487	367.6072	0
130	4	30.03166	507.8636	0
130	5	1546.089	460.6552	3
130	6	1515.023	475.5194	3
131	1	763.6646	267.8402	2
131	2	760.905	287.2703	2
131	3	680.4572	366.4865	0
131	4	34.66385	507.2537	0
131	5	1540.305	459.595	3
131	6	1509.861	472.8006	3
132	1	760.5048	268.3713	2
132	2	758.0173	286.3804	2
132	3	680.0788	365.3239	0
132	4	39.27917	506.6622	0
132	5	1534.572	458.6762	3
132	6	1504.833	470.2887	3
133	1	757.3682	268.9249	2
133	2	755.113	285.6225	2
133	3	679.6851	364.1443	0
133	4	43.87886	506.088	0
133	5	1528.906	457.8708	3
133	6	1499.919	467.9836	3
134	1	754.2535	269.481	2
134	2	752.1943	284.9985	2
134	3	679.3295	362.9655	0
134	4	48.46348	505.5298	0
134	5	1523.321	457.1555	3
134	6	1495.093	465.8817	3
135	1	751.1594	270.024	2
135	2	749.2651	284.5092	2
135	3	679.0585	361.8064	0
135	4	53.03391	504.9868	0
135	5	1517.831	456.5115	3
135	6	1490.333	463.9762	3
136	1	748.0852	270.5407	2
136	2	746.3274	284.1515	2
136	3	678.9039	360.683	0
136	4	57.59094	504.458	0
136	5	1512.448	455.9242	3
136	6	1485.621	462.2578	3
137	1	745.0305	271.0216	2
137	2	743.3843	283.9192	2
137	3	678.88	359.6047	0
137	4	62.13528	503.9424	0
137	5	1507.179	455.382	3
137	6	1480.937	460.7153	3
138	1	741.9947	271.4606	2
138	2	740.4559	283.9765	2
138	3	678.9946	358.5753	0
138	4	66.66748	503.4395	0
138	5	1502.029	454.8769	3
138	6	1476.427	459.3887	3
139	1	738.9765	271.8563	2
139	2	737.5435	284.3102	2
139	3	679.2469	357.5988	0
139	4	71.1882	502.9481	0
139	5	1497.003	454.4026	3
139	6	1472.067	458.2549	3
140	1	735.9741	272.2118	2
140	2	734.6456	284.885	2
140	3	679.6288	356.6756	0
140	4	75.69805	502.4678	0
140	5	1492.103	453.9547	3
140	6	1467.834	457.2908	3
141	1	732.9852	272.5333	2
141	2	731.7568	285.6512	2
141	3	680.136	355.8067	0
141	4	80.19749	501.9978	0
141	5	1487.329	453.5299	3
141	6	1461.609	455.0616	3
142	1	730.0073	272.8292	2
142	2	728.8495	286.3949	2
142	3	680.7495	354.9853	0
142	4	84.687	501.5375	0
142	5	1482.675	453.1291	3
142	6	1455.186	452.6776	3
143	1	727.0385	273.107	2
143	2	725.9246	287.1115	2
143	3	681.4587	354.2093	0
143	4	89.16706	501.0864	0
143	5	1478.133	452.7541	3
143	6	1447.674	450.854	3
144	1	724.0769	273.373	2
144	2	722.9827	287.7955	2
144	3	682.2482	353.4742	0
144	4	93.63804	500.6437	0
144	5	1473.669	452.404	3
144	6	1438.207	448.3743	3
145	1	721.1211	273.6326	2
145	2	720.0245	288.4444	2
145	3	683.1055	352.7729	0
145	4	98.10051	500.2092	0
145	5	1469.227	452.073	3
145	6	1428.784	446.5575	3
146	1	718.1696	273.8902	2
146	2	717.0505	289.0564	2
146	3	684.0185	352.1013	0
146	4	102.5546	499.7823	0
146	5	1464.746	451.7513	3
146	6	1419.508	445.2954	3
147	1	715.221	274.1491	2
147	2	714.0614	289.6306	2
147	3	684.9726	351.4531	0
147	4	107.0008	499.3625	0
147	5	1460.17	451.4296	3
147	6	1410.423	444.489	3
148	1	712.274	274.412	2
148	2	711.0571	290.1662	2
148	3	685.9554	350.8204	0
148	4	111.4394	498.9494	0
148	5	1455.451	451.1007	3
148	6	1401.521	444.0532	3
149	1	709.3275	274.6803	2
149	2	708.0378	290.664	2
149	3	686.9595	350.1981	0
149	4	115.8707	498.5427	0
149	5	1450.467	450.75	3
149	6	1392.799	443.9202	3
150	1	706.38	274.955	2
150	2	705.004	291.1255	2
150	3	687.9771	349.5815	0
150	4	120.2951	498.1419	0
150	5	1445.26	450.3866	3
150	6	1384.354	444.046	3
151	1	703.4304	275.2367	2
151	2	701.9554	291.5526	2
151	3	688.9979	348.9616	0
151	4	124.7126	497.7468	0
151	5	1439.867	450.0186	3
151	6	1376.117	444.3745	3
152	1	700.4775	275.5249	2
152	2	698.8922	291.9481	2
152	3	690.0226	348.3361	0
152	4	129.1236	497.3571	0
152	5	1434.318	449.6536	3
152	6	1368.033	444.8603	3
153	1	697.5203	275.8192	2
153	2	695.814	292.3148	2
153	3	691.0476	347.701	0
153	4	133.5283	496.9722	0
153	5	1428.64	449.2981	3
153	6	1360.065	445.4664	3
154	1	694.5574	276.1188	2
154	2	692.7203	292.6559	2
154	3	692.07	347.0495	0
154	4	137.927	496.5921	0
154	5	1422.858	448.9575	3
154	6	1352.181	446.1631	3
155	1	691.5879	276.4226	2
155	2	689.6107	292.975	2
155	3	693.0911	346.3801	0
155	4	142.3198	496.2165	0
155	5	1416.992	448.6361	3
155	6	1344.358	446.9262	3
156	1	688.231	276.058	2
156	2	686.4841	293.2663	2
156	3	694.1163	345.6902	0
156	4	146.707	495.845	0
156	5	1411.057	448.3373	3
156	6	1336.579	447.7361	3
157	1	684.5779	275.1823	2
157	2	683.3383	293.518	2
157	3	695.1484	344.975	0
157	4	151.0887	495.4774	0
157	5	1405.069	448.0637	3
157	6	1328.83	448.5775	3
158	1	681.0143	274.4923	2
158	2	680.1419	293.6778	2
158	3	696.1919	344.233	0
158	4	155.4649	495.1136	0
158	5	1399.04	447.8169	3
158	6	1321.063	449.3998	3
159	1	677.5247	273.9744	2
159	2	676.8452	293.6807	2
159	3	697.2534	343.4607	0
159	4	159.8362	494.7533	0
159	5	1392.978	447.5978	3
159	6	1313.281	450.2007	3
160	1	674.0963	273.6128	2
160	2	673.3365	293.389	2
160	3	698.3408	342.6598	0
160	4	164.2023	494.3962	0
160	5	1386.892	447.4064	3
160	6	1305.486	450.9789	3
161	1	670.7179	273.3885	2
161	2	669.6305	292.8644	2
161	3	699.4593	341.83	0
161	4	168.5637	494.0422	0
161	5	1380.788	447.2423	3
161	6	1297.679	451.7338	3
162	1	667.3795	273.2805	2
162	2	665.7545	292.1772	2
162	3	700.6182	340.9709	0
162	4	172.9203	493.691	0
162	5	1374.67	447.1046	3
162	6	1289.861	452.4652	3
164	1	660.7911	273.328	2
164	2	657.9031	290.8029	2
164	3	703.0779	339.1684	0
164	4	181.6199	492.9965	0
164	5	1362.41	446.9042	3
164	6	1277.853	453.4214	3
164	7	-130.3815	301.0952	0
165	1	657.5296	273.4462	2
165	2	654.1015	290.295	2
165	3	704.3929	338.2303	0
165	4	185.9632	492.6527	0
165	5	1356.272	446.8386	3
165	6	1273.204	453.7055	3
165	7	-129.6241	301.1441	0
166	1	654.2844	273.608	2
166	2	650.3654	289.9013	2
166	3	705.7686	337.2702	0
166	4	190.3022	492.311	0
166	5	1350.132	446.794	3
166	6	1269.219	453.8913	3
166	7	-128.5618	301.2128	0
167	1	651.053	273.8023	2
167	2	646.6836	289.617	2
167	3	707.2118	336.2913	0
167	4	194.6372	491.9711	0
167	5	1343.991	446.7688	3
167	6	1265.761	453.9969	3
167	7	-127.235	301.2986	0
168	1	647.8336	274.0208	2
168	2	643.0464	289.4368	2
168	3	708.7233	335.2953	0
168	4	198.9682	491.6329	0
168	5	1337.849	446.7617	3
168	6	1262.724	454.0369	3
168	7	-125.6788	301.3991	0
169	1	644.6247	274.2575	2
169	2	639.4455	289.3548	2
169	3	710.3082	334.2852	0
169	4	203.2954	491.2961	0
169	5	1331.708	446.7715	3
169	6	1260.02	454.0229	3
169	7	-123.9235	301.5126	0
170	1	641.4255	274.5081	2
170	2	635.8739	289.3647	2
170	3	711.9736	333.2691	0
170	4	207.6189	490.9605	0
170	5	1325.567	446.7968	3
170	6	1257.581	453.9644	3
170	7	-121.9955	301.6372	0
171	1	638.235	274.77	2
171	2	632.3258	289.4601	2
171	3	713.7188	332.2509	0
171	4	211.9386	490.6261	0
171	5	1319.428	446.8367	3
171	6	1255.351	453.8687	3
171	7	-119.9174	301.7715	0
172	1	635.0527	275.0419	2
172	2	628.7966	289.6341	2
172	3	715.5461	331.2357	0
172	4	216.2548	490.2927	0
172	5	1313.292	446.8903	3
172	6	1253.287	453.7418	3
172	7	-117.709	301.9142	0
173	1	631.8779	275.3237	2
173	2	625.2827	289.8798	2
173	3	717.4507	330.2233	0
173	4	220.5674	489.9603	0
173	5	1307.157	446.9569	3
173	6	1251.354	453.5886	3
173	7	-115.3875	302.0643	0
174	1	628.71	275.6159	2
174	2	621.7814	290.1902	2
174	3	719.4339	329.2205	0
174	4	224.8765	489.6287	0
174	5	1301.026	447.0358	3
174	6	1249.523	453.4124	3
174	7	-112.9678	302.2207	0
175	1	625.5485	275.9197	2
175	2	618.2913	290.5588	2
175	3	721.4946	328.2307	0
175	4	229.1822	489.2978	0
175	5	1294.897	447.1265	3
175	6	1247.771	453.2162	3
175	7	-110.4626	302.3826	0
176	1	622.3926	276.2365	2
176	2	614.8112	290.9786	2
176	3	723.6262	327.2554	0
176	4	233.4844	488.9676	0
176	5	1288.772	447.2289	3
176	6	1246.08	453.0019	3
176	7	-107.8828	302.5493	0
177	1	619.2418	276.5682	2
177	2	611.3408	291.4435	2
177	3	725.8282	326.3033	0
177	4	237.7833	488.6381	0
177	5	1282.651	447.3426	3
177	6	1244.29	452.7931	3
177	7	-105.2387	302.7202	0
178	1	616.0958	276.9163	2
178	2	607.8804	291.9474	2
178	3	728.098	325.3802	0
178	4	242.0787	488.3091	0
178	5	1276.661	447.4498	3
178	6	1242.365	452.5965	3
178	7	-102.5381	302.8948	0
179	1	612.954	277.2827	2
179	2	604.4307	292.4848	2
179	3	730.4326	324.4937	0
179	4	246.3709	487.9807	0
179	5	1270.837	447.5447	3
179	6	1240.283	452.4177	3
179	7	-99.78859	303.0725	0
