2	1	10.82692	0.33	-1.291767	10.79397	1.590383	-1.308546	2
3	1	10.71115	0.33	-1.269327	10.6664	1.565475	-1.266675	2
3	2	10.85753	0.33	-1.297699	10.82763	1.968534	-1.33577	2
4	1	10.54361	0.33	-1.236891	10.4784	1.540667	-1.225792	2
4	2	10.82843	0.33	-1.292054	10.79853	1.968499	-1.329915	2
4	3	-13.95307	0.33	0.5202852	-13.88603	1.848575	0.541419	0
5	1	10.34449	0.33	-1.198407	10.31734	1.593081	-1.224107	2
5	2	10.77074	0.33	-1.280872	10.71694	1.948365	-1.31242	2
5	3	-13.83514	0.33	0.4553766	-13.75069	1.845024	0.4603232	0
6	1	10.26328	0.33	-1.18281	10.23845	1.560475	-1.17585	2
6	2	10.71116	0.33	-1.271208	10.6597	1.954221	-1.298868	2
6	3	-13.69053	0.33	0.4023747	-13.59217	1.852077	0.4007922	0
7	1	10.14482	0.33	-1.160071	10.11048	1.538921	-1.126036	2
7	2	10.64914	0.33	-1.262714	10.6005	1.959416	-1.286628	2
7	3	-13.52282	0.33	0.3597556	-13.42253	1.851234	0.3530919	0
8	1	10.00629	0.33	-1.133554	9.956984	1.541988	-1.093463	2
8	2	10.58399	0.33	-1.255035	10.53761	1.960418	-1.275018	2
8	3	-13.33508	0.33	0.3261824	-13.23216	1.834079	0.3190645	0
9	1	9.852633	0.33	-1.104235	9.788899	1.548064	-1.067196	2
9	2	10.51492	0.33	-1.247821	10.47132	1.956466	-1.26321	2
9	3	-13.13	0.33	0.3004819	-13.10038	1.905192	0.3342885	0
10	1	9.687959	0.33	-1.07294	9.616424	1.54574	-1.065356	2
10	2	10.44119	0.33	-1.240734	10.39964	1.949723	-1.251551	2
10	3	-13.05896	0.33	0.3003065	-13.02231	1.878654	0.3099743	0
11	1	9.515625	0.33	-1.04037	9.44441	1.548798	-1.032477	2
11	2	10.36208	0.33	-1.233461	10.32271	1.938454	-1.238729	2
11	3	-12.955	0.33	0.3035655	-12.9215	1.855386	0.296275	0
12	1	9.338355	0.33	-1.007103	9.266293	1.55202	-1.008132	2
12	2	10.27546	0.33	-1.225381	10.24117	1.926469	-1.223691	2
12	3	-12.82253	0.33	0.3097873	-12.76583	1.841672	0.2883161	0
13	1	9.158293	0.33	-0.9736124	9.081759	1.547737	-0.9838472	2
13	2	10.18233	0.33	-1.216577	10.15076	1.91784	-1.205499	2
13	3	-12.66534	0.33	0.3185563	-12.585	1.835712	0.2879409	0
14	1	8.978589	0.33	-0.9406231	8.895808	1.540302	-0.9543969	2
14	2	10.08357	0.33	-1.207125	10.04967	1.898764	-1.168211	2
14	3	-12.48672	0.33	0.3295061	-12.3845	1.838713	0.3040361	0
15	1	8.799113	0.33	-0.9080967	8.710687	1.539434	-0.9196641	2
15	2	9.97994	0.33	-1.19709	9.938705	1.906038	-1.150747	2
15	3	-12.28953	0.33	0.3423136	-12.1814	1.827448	0.3515921	0
16	1	8.619763	0.33	-0.8760007	8.533039	1.544642	-0.8779641	2
16	2	9.872086	0.33	-1.186535	9.819839	1.925585	-1.143925	2
16	3	-12.07624	0.33	0.356694	-12.05316	1.904806	0.3699105	0
17	1	8.440462	0.33	-0.8443074	8.359944	1.541999	-0.8406955	2
17	2	9.760576	0.33	-1.175512	9.70437	1.933076	-1.182813	2
17	3	-12.00502	0.33	0.3618762	-11.96748	1.894221	0.3838403	0
18	1	8.261149	0.33	-0.8129935	8.186218	1.537512	-0.8055536	2
18	2	9.645904	0.33	-1.164072	9.592665	1.941276	-1.176296	2
18	3	-11.90091	0.33	0.3695916	-11.86269	1.88112	0.4002835	0
19	1	8.081781	0.33	-0.782039	8.014089	1.54156	-0.7674396	2
19	2	9.528493	0.33	-1.152257	9.476107	1.936915	-1.172997	2
19	3	-11.76828	0.33	0.3794808	-11.71507	1.864115	0.4176332	0
20	1	7.902326	0.33	-0.7514271	7.834052	1.534533	-0.7204255	2
20	2	9.408713	0.33	-1.140108	9.356007	1.925482	-1.173231	2
20	3	-11.61093	0.33	0.3912259	-11.53598	1.849371	0.4363117	0
21	1	7.722758	0.33	-0.7211428	7.650658	1.533893	-0.6823944	2
21	2	9.286882	0.33	-1.127661	9.224502	1.911826	-1.169386	2
21	3	-11.43217	0.33	0.4045458	-11.33706	1.838622	0.4485643	0
22	1	7.543061	0.33	-0.6911737	7.465353	1.538856	-0.6558247	2
22	2	9.163278	0.33	-1.114949	9.093304	1.905977	-1.155114	2
22	3	-11.23483	0.33	0.4191919	-11.11953	1.834321	0.4561562	0
23	1	7.363225	0.33	-0.6615088	7.285097	1.539613	-0.6520523	2
23	2	9.038136	0.33	-1.102	8.958948	1.915448	-1.134556	2
23	3	-11.0214	0.33	0.4349442	-11.00137	1.905045	0.476264	0
24	1	7.183243	0.33	-0.6321384	7.108843	1.546437	-0.6249769	2
24	2	8.911667	0.33	-1.088842	8.835535	1.934231	-1.105495	2
24	3	-10.95018	0.33	0.4400824	-10.90507	1.893367	0.4727812	0
25	1	7.002905	0.33	-0.6040094	6.92988	1.551744	-0.6080181	2
25	2	8.784046	0.33	-1.075504	8.715873	1.932956	-1.081471	2
25	3	-10.84604	0.33	0.4475315	-10.7966	1.884126	0.4638788	0
26	1	6.822216	0.33	-0.5769168	6.745325	1.547019	-0.5910003	2
26	2	8.655429	0.33	-1.062011	8.593769	1.919769	-1.06092	2
26	3	-10.71338	0.33	0.4569603	-10.65114	1.858681	0.4667789	0
27	1	6.641193	0.33	-0.5506939	6.558375	1.539767	-0.5676922	2
27	2	8.525947	0.33	-1.048393	8.473337	1.912864	-1.038943	2
27	3	-10.55599	0.33	0.4680753	-10.48521	1.845802	0.4707881	0
28	1	6.459864	0.33	-0.5252048	6.370959	1.53972	-0.5392008	2
28	2	8.395714	0.33	-1.034672	8.342875	1.905632	-1.010157	2
28	3	-10.37716	0.33	0.4806164	-10.29	1.837361	0.4704554	0
29	1	6.278256	0.33	-0.500339	6.19145	1.544627	-0.5049482	2
29	2	8.26483	0.33	-1.020874	8.207549	1.897706	-0.9770911	2
29	3	-10.17976	0.33	0.4943528	-10.07328	1.825069	0.4717498	0
30	1	6.096401	0.33	-0.4760067	6.015593	1.540854	-0.4752486	2
30	2	8.133378	0.33	-1.007019	8.067379	1.912836	-0.9618161	2
30	3	-9.966261	0.33	0.50908	-9.940496	1.904782	0.5430781	0
31	1	5.914467	0.33	-0.4521244	5.839487	1.536804	-0.4470824	2
31	2	7.970601	0.33	-0.9972827	7.879355	1.906899	-0.9823758	2
31	3	-9.895014	0.33	0.5138408	-9.850347	1.874923	0.4946808	0
32	1	5.732688	0.33	-0.4286262	5.663716	1.541548	-0.4158574	2
32	2	7.780683	0.33	-0.9911014	7.675956	1.897872	-0.9896761	2
32	3	-9.790838	0.33	0.5207232	-9.738187	1.87116	0.5071966	0
33	1	5.551255	0.33	-0.4054697	5.48079	1.533033	-0.37466	2
33	2	7.567255	0.33	-0.9879522	7.53942	1.967962	-1.00353	2
33	3	-9.658027	0.33	0.5284476	-9.593914	1.868527	0.5452822	0
34	1	5.370327	0.33	-0.3826274	5.295694	1.534665	-0.3466218	2
34	2	7.489558	0.33	-0.9896539	7.452425	1.952984	-1.016136	2
34	3	-9.500396	0.33	0.5368727	-9.425037	1.860507	0.55373	0
35	1	5.19022	0.33	-0.3599744	5.111455	1.538855	-0.3305988	2
35	2	7.373821	0.33	-0.982571	7.325788	1.93044	-1.015248	2
35	3	-9.321253	0.33	0.545871	-9.23574	1.854782	0.5719231	0
36	1	5.01094	0.33	-0.3480886	4.934174	1.541789	-0.3464875	2
36	2	7.225105	0.33	-0.9679141	7.1482	1.913205	-0.9996555	2
36	3	-9.123466	0.33	0.555328	-9.021695	1.843033	0.5906368	0
37	1	4.832389	0.33	-0.3447148	4.760145	1.548834	-0.3496703	2
37	2	7.047384	0.33	-0.9574503	6.945104	1.900026	-0.9883611	2
37	3	-8.909518	0.33	0.5651407	-8.884855	1.904934	0.6045629	0
38	1	4.65448	0.33	-0.3481126	4.585859	1.553002	-0.3666241	2
38	2	6.844518	0.33	-0.9506667	6.820758	1.96857	-0.9930093	2
38	3	-8.838126	0.33	0.5680356	-8.798501	1.866897	0.6182495	0
39	1	4.477342	0.33	-0.3568176	4.406865	1.547139	-0.387483	2
39	2	6.766798	0.33	-0.952013	6.71875	1.928439	-1.000341	2
39	3	-8.733719	0.33	0.5721012	-8.679418	1.850574	0.6228421	0
40	1	4.301679	0.33	-0.358842	4.225669	1.540642	-0.3895981	2
40	2	6.650578	0.33	-0.9555488	6.581516	1.931449	-0.9890266	2
40	3	-8.600698	0.33	0.5771602	-8.523666	1.86476	0.609112	0
41	1	4.128331	0.33	-0.3550508	4.045753	1.542717	-0.3800067	2
41	2	6.500987	0.33	-0.9609875	6.417055	1.923844	-0.9804688	2
41	3	-8.442876	0.33	0.583053	-8.357079	1.857862	0.6016243	0
42	1	3.962812	0.33	-0.3457741	3.885152	1.552629	-0.3582354	2
42	2	6.322479	0.33	-0.9680338	6.225523	1.899524	-0.9817532	2
42	3	-8.294579	0.33	0.5872376	-8.221017	1.854393	0.5970479	0
43	1	3.817987	0.33	-0.3290251	3.756104	1.558277	-0.331308	2
43	2	6.119343	0.33	-0.9656867	6.094055	1.968632	-1.004363	2
43	3	-8.154536	0.33	0.5899341	-8.093585	1.84917	0.5895709	0
44	1	3.704117	0.33	-0.3011793	3.663502	1.558064	-0.293301	2
44	2	6.042663	0.33	-0.9568226	6.00648	1.933884	-0.9596448	2
44	3	-8.021648	0.33	0.591334	-7.967507	1.848078	0.5784183	0
45	1	3.629984	0.33	-0.2697514	3.603336	1.564237	-0.2614212	2
45	2	5.928763	0.33	-0.940598	5.888382	1.912701	-0.9247338	2
45	3	-7.894962	0.33	0.5916045	-7.839105	1.836073	0.5538155	0
46	1	3.594323	0.33	-0.2307823	3.569631	1.575144	-0.2199858	2
46	2	5.783	0.33	-0.9169447	5.718055	1.895512	-0.8734688	2
46	3	-7.773651	0.33	0.5908909	-7.714689	1.849748	0.5505418	0
47	1	3.623395	0.33	-0.1778959	3.629868	1.570592	-0.1524734	2
47	2	5.610082	0.33	-0.886686	5.520206	1.894622	-0.8363137	2
47	3	-7.656998	0.33	0.5893199	-7.596826	1.865439	0.5623732	0
48	1	3.699353	0.33	-0.1133544	3.740005	1.539395	-0.1157177	2
48	2	5.414749	0.33	-0.8495014	5.303622	1.88826	-0.805064	2
48	3	-7.544383	0.33	0.5870019	-7.490916	1.876431	0.6030115	0
49	1	3.802715	0.33	-0.04406117	3.859305	1.54357	-0.04428881	2
49	2	5.200016	0.33	-0.8038331	5.175856	1.968113	-0.8115371	2
49	3	-7.435268	0.33	0.5840328	-7.388917	1.882684	0.6036527	0
50	1	3.915701	0.33	0.02352037	3.978536	1.555078	0.02906919	2
50	2	5.127173	0.33	-0.7837708	5.081657	1.950223	-0.7907028	2
50	3	-7.329186	0.33	0.5804965	-7.288551	1.875632	0.6125966	0
51	1	4.024995	0.33	0.08462517	4.063455	1.561782	0.1196411	2
51	2	5.019783	0.33	-0.7527285	4.967834	1.943132	-0.7576396	2
51	3	-7.225733	0.33	0.576466	-7.187088	1.860666	0.6199611	0
52	1	4.122699	0.33	0.136739	4.149732	1.574644	0.1681647	2
52	2	4.883303	0.33	-0.7115887	4.813018	1.927433	-0.7144803	2
52	3	-7.124559	0.33	0.5720048	-7.077727	1.848053	0.6222724	0
53	1	4.205702	0.33	0.1790725	4.22248	1.576869	0.2130165	2
53	2	4.722744	0.33	-0.6610693	4.633774	1.914691	-0.6649736	2
53	3	-7.025361	0.33	0.5671683	-6.973436	1.846658	0.6164786	0
54	1	4.272352	0.33	0.2137401	4.284976	1.577147	0.2511177	2
54	2	4.543748	0.33	-0.6039094	4.43326	1.900527	-0.6045159	2
54	3	-6.927874	0.33	0.5620048	-6.868077	1.861706	0.602631	0
55	1	4.323142	0.33	0.2428079	4.332099	1.578653	0.2820378	2
55	2	4.350591	0.33	-0.5420228	4.315449	1.968478	-0.5752584	2
55	3	-6.831871	0.33	0.5565563	-6.775887	1.883562	0.5813515	0
56	1	4.359248	0.33	0.267816	4.363767	1.580972	0.3080167	2
56	2	4.286107	0.33	-0.5223782	4.230762	1.931825	-0.5565286	2
56	3	-6.737154	0.33	0.5508595	-6.687587	1.889426	0.5644877	0
57	1	4.382279	0.33	0.2891326	4.381077	1.592829	0.3247479	2
57	2	4.193814	0.33	-0.4943279	4.125587	1.922889	-0.5196763	2
57	3	-6.643551	0.33	0.5449463	-6.599577	1.881653	0.5508224	0
58	1	4.411356	0.33	0.322715	4.40366	1.577978	0.3659993	2
58	2	4.080122	0.33	-0.4585032	4.007158	1.937831	-0.4617241	2
58	3	-6.550915	0.33	0.5388444	-6.512024	1.86807	0.5386308	0
59	1	4.471622	0.33	0.3847803	4.467398	1.554687	0.4376691	2
59	2	3.957173	0.33	-0.4149689	3.888099	1.931848	-0.4043575	2
59	3	-6.459116	0.33	0.5325782	-6.427202	1.861969	0.5272859	0
60	1	4.55508	0.33	0.4617432	4.563989	1.546623	0.5227775	2
60	2	3.839495	0.33	-0.3596548	3.781155	1.919482	-0.3381847	2
60	3	-6.368043	0.33	0.5261687	-6.336244	1.856336	0.5133037	0
61	1	4.645247	0.33	0.5387258	4.670878	1.560775	0.597531	2
61	2	3.73826	0.33	-0.2916614	3.701249	1.914396	-0.2616098	2
61	3	-6.277599	0.33	0.5196344	-6.242947	1.845237	0.4878568	0
62	1	4.736355	0.33	0.6114377	4.766261	1.574283	0.655889	2
62	2	3.661755	0.33	-0.2191374	3.648486	1.907509	-0.1796462	2
62	3	-6.1877	0.33	0.5129912	-6.150253	1.849361	0.4760914	0
63	1	4.823399	0.33	0.6769167	4.851981	1.571145	0.7072005	2
63	2	3.642	0.33	-0.1336769	3.66256	1.907456	-0.08931869	2
63	3	-6.098274	0.33	0.5062533	-6.055198	1.863422	0.468265	0
64	1	4.900285	0.33	0.7330517	4.925003	1.563727	0.753437	2
64	2	3.669703	0.33	-0.03626202	3.722972	1.909809	-0.004635464	2
64	3	-6.009258	0.33	0.4994327	-5.962625	1.875178	0.4692613	0
65	1	4.960108	0.33	0.7790043	4.979257	1.566504	0.7994021	2
65	2	3.729502	0.33	0.06893931	3.789276	1.923773	0.1097879	2
65	3	-5.920597	0.33	0.49254	-5.874262	1.880984	0.4989244	0
66	1	5.001806	0.33	0.815433	5.01385	1.574151	0.8392551	2
66	2	3.80621	0.33	0.1768249	3.834045	1.925826	0.2407594	2
66	3	-5.832243	0.33	0.4855846	-5.788892	1.888991	0.5009776	0
67	1	5.022679	0.33	0.8451769	5.010084	1.593056	0.8813695	2
67	2	3.887145	0.33	0.2826158	3.91384	1.932642	0.3421381	2
67	3	-5.744156	0.33	0.4785745	-5.70307	1.889734	0.4980273	0
68	1	5.032245	0.33	0.8745074	5.009338	1.593034	0.9059386	2
68	2	3.963524	0.33	0.3829111	3.974666	1.932304	0.443016	2
68	3	-5.6563	0.33	0.4715167	-5.616801	1.884448	0.4991087	0
69	1	5.038578	0.33	0.9102832	5.011198	1.592993	0.9386617	2
69	2	4.030922	0.33	0.4760489	4.023682	1.921871	0.5377652	2
69	3	-5.568645	0.33	0.4644173	-5.530986	1.875886	0.5006158	0
70	1	5.043033	0.33	0.9526469	5.035873	1.575389	0.9796394	2
70	2	4.088101	0.33	0.5617375	4.070683	1.909293	0.6293976	2
70	3	-5.481163	0.33	0.4572816	-5.441808	1.865582	0.4994314	0
71	1	5.04667	0.33	1.001567	5.046991	1.569582	1.029433	2
71	2	4.135738	0.33	0.640546	4.116978	1.912921	0.7078748	2
71	3	-5.393832	0.33	0.4501144	-5.347877	1.858388	0.4971845	0
72	1	5.052601	0.33	1.057765	5.060985	1.565747	1.086008	2
72	2	4.174821	0.33	0.71319	4.156395	1.924734	0.7798719	2
72	3	-5.306631	0.33	0.4429197	-5.257501	1.855165	0.489409	0
73	1	5.067278	0.33	1.126673	5.089283	1.562049	1.154473	2
73	2	4.20399	0.33	0.7793412	4.186008	1.939906	0.8433704	2
73	3	-5.219543	0.33	0.4357009	-5.166316	1.858447	0.4805183	0
74	1	5.083471	0.33	1.201469	5.110935	1.566305	1.231795	2
74	2	4.224298	0.33	0.8398166	4.205323	1.951983	0.8971365	2
74	3	-5.132554	0.33	0.4284613	-5.073373	1.871226	0.4647178	0
75	1	5.095164	0.33	1.275452	5.118492	1.573049	1.309255	2
75	2	4.236689	0.33	0.8952993	4.214837	1.959695	0.9443975	2
75	3	-5.04565	0.33	0.4212034	-4.991011	1.886228	0.4458125	0
76	1	5.096564	0.33	1.343007	5.101969	1.577968	1.377031	2
76	2	4.241995	0.33	0.9463881	4.216553	1.96357	0.9897122	2
76	3	-4.958819	0.33	0.4139296	-4.908413	1.892941	0.4300191	0
77	1	5.089044	0.33	1.404892	5.074035	1.581324	1.435021	2
77	2	4.240921	0.33	0.9935976	4.212449	1.963105	1.03006	2
77	3	-4.872052	0.33	0.4066419	-4.826751	1.887846	0.4156545	0
78	1	5.067695	0.33	1.456025	5.043762	1.585505	1.478194	2
78	2	4.234015	0.33	1.037322	4.202592	1.962119	1.068087	2
78	3	-4.78534	0.33	0.3993422	-4.744699	1.877566	0.4031358	0
79	1	5.040479	0.33	1.503804	5.013341	1.586891	1.522142	2
79	2	4.221808	0.33	1.077975	4.187983	1.960514	1.103382	2
79	3	-4.698676	0.33	0.392032	-4.66254	1.86716	0.3912096	0
80	1	5.002345	0.33	1.542691	4.970078	1.587041	1.551931	2
80	2	4.204646	0.33	1.115799	4.159083	1.968614	1.12168	2
80	3	-4.612054	0.33	0.3847125	-4.58106	1.863973	0.3795016	0
81	1	4.954982	0.33	1.573928	4.920012	1.58577	1.573269	2
81	2	4.182787	0.33	1.150964	4.136693	1.968625	1.151259	2
81	3	-4.525468	0.33	0.3773851	-4.49345	1.857717	0.3638606	0
82	1	4.899921	0.33	1.598647	4.86393	1.582966	1.588848	2
82	2	4.156459	0.33	1.183645	4.110441	1.968638	1.178735	2
82	3	-4.438913	0.33	0.3700507	-4.404053	1.847578	0.3388964	0
82	4	-18.2389	0.33	-4.192117	-18.24606	2.028795	-4.144124	0
83	1	4.838538	0.33	1.61787	4.803696	1.579049	1.599604	2
83	2	4.125796	0.33	1.213909	4.08834	1.951508	1.221609	2
83	3	-4.352385	0.33	0.3627102	-4.315176	1.852205	0.3278498	0
83	4	-18.2174	0.33	-4.174473	-18.22408	2.028798	-4.126462	0
84	1	4.772058	0.33	1.632517	4.738275	1.574067	1.60736	2
84	2	4.090953	0.33	1.241863	4.054487	1.949177	1.246331	2
84	3	-4.265881	0.33	0.3553644	-4.223532	1.864696	0.318899	0
84	4	-18.18726	0.33	-4.149909	-18.1934	2.028776	-4.101842	0
85	1	4.70156	0.33	1.643403	4.667836	1.568096	1.612946	2
85	2	4.05204	0.33	1.267545	4.016953	1.948029	1.269579	2
85	3	-4.179397	0.33	0.348014	-4.133358	1.875696	0.3169518	0
85	4	-18.14962	0.33	-4.11955	-18.13562	2.022603	-4.074209	0
86	1	4.627986	0.33	1.651249	4.592019	1.563364	1.615773	2
86	2	4.009151	0.33	1.290985	3.974301	1.945552	1.292565	2
86	3	-4.09293	0.33	0.3406596	-4.047051	1.88109	0.3410025	0
86	4	-18.10548	0.33	-4.084416	-18.08738	2.018219	-4.042419	0
87	1	4.552144	0.33	1.65668	4.515392	1.560058	1.620095	2
87	2	3.962448	0.33	1.31229	3.928281	1.942031	1.315854	2
87	3	-4.006479	0.33	0.3333016	-3.962743	1.888604	0.3481129	0
87	4	-18.05571	0.33	-4.045421	-18.03464	2.010839	-4.007877	0
88	1	4.474719	0.33	1.660235	4.437012	1.55927	1.622391	2
88	2	3.912069	0.33	1.331516	3.878766	1.936713	1.340358	2
88	3	-3.920041	0.33	0.3259406	-3.878476	1.890575	0.3438776	0
88	4	-18.00106	0.33	-4.003388	-17.97689	2.001514	-3.970432	0
89	1	4.396282	0.33	1.662369	4.355952	1.562941	1.626087	2
89	2	3.858173	0.33	1.348785	3.825091	1.932012	1.364665	2
89	3	-3.833615	0.33	0.3185769	-3.793766	1.886629	0.3437147	0
89	4	-17.94217	0.33	-3.95905	-17.91694	1.993799	-3.931932	0
90	1	4.317301	0.33	1.663459	4.273455	1.57165	1.632838	2
90	2	3.800941	0.33	1.364194	3.767379	1.932405	1.382297	2
90	3	-3.747198	0.33	0.3112109	-3.709246	1.878922	0.3450224	0
90	4	-17.87962	0.33	-3.913054	-17.85287	1.989594	-3.892144	0
91	1	4.23815	0.33	1.663814	4.197848	1.580474	1.64032	2
91	2	3.740595	0.33	1.37792	3.704981	1.935595	1.39971	2
91	3	-3.66079	0.33	0.3038428	-3.622249	1.869252	0.3442148	0
91	4	-17.81388	0.33	-3.865968	-17.77983	1.981828	-3.852032	0
92	1	4.159118	0.33	1.663677	4.120847	1.585191	1.645405	2
92	2	3.677297	0.33	1.390075	3.638808	1.94072	1.414749	2
92	3	-3.57439	0.33	0.296473	-3.530094	1.860917	0.3428706	0
92	4	-17.74539	0.33	-3.818285	-17.69708	1.969938	-3.817589	0
92	5	17.58536	0.33	-5.96528	17.55398	1.63253	-5.945109	3
93	1	4.080423	0.33	1.663235	4.045568	1.582399	1.649973	2
93	2	3.607269	0.33	1.396315	3.56377	1.944138	1.419594	2
93	3	-3.487996	0.33	0.2891016	-3.439703	1.856359	0.3351452	0
93	4	-17.67451	0.33	-3.770433	-17.62067	1.97226	-3.773741	0
93	5	17.58511	0.33	-5.956395	17.55376	1.63254	-5.935855	3
93	6	17.58511	0.33	-5.956395	17.53538	2.211267	-5.932341	3
94	1	4.002148	0.33	1.662592	3.969716	1.577527	1.652787	2
94	2	3.531366	0.33	1.397308	3.487063	1.945632	1.402444	2
94	3	-3.401608	0.33	0.2817289	-3.350089	1.856851	0.3275777	0
94	4	-17.60155	0.33	-3.722773	-17.54139	1.984279	-3.726062	0
94	5	17.58474	0.33	-5.943067	17.55337	1.632532	-5.92218	3
94	6	17.58474	0.33	-5.943067	17.53546	2.211237	-5.918995	3
95	1	3.924271	0.33	1.661789	3.893676	1.570613	1.655083	2
95	2	3.450736	0.33	1.394037	3.408679	1.949173	1.373506	2
95	3	-3.315226	0.33	0.2743552	-3.258469	1.865978	0.3145298	0
95	4	-17.52679	0.33	-3.675615	-17.46608	1.996178	-3.673267	0
95	5	17.58424	0.33	-5.925296	17.55277	1.632509	-5.904088	3
95	6	17.58424	0.33	-5.925296	17.53553	2.211238	-5.901268	3
96	1	3.864701	0.33	1.696161	3.837414	1.569646	1.703867	2
96	2	3.373652	0.33	1.392292	3.334096	1.9548	1.372288	2
96	3	-3.228879	0.33	0.2669865	-3.171371	1.881369	0.2956857	0
96	4	-17.45048	0.33	-3.629214	-17.4113	2.002109	-3.598145	0
96	5	17.58361	0.33	-5.903082	17.55177	1.632502	-5.881599	3
96	6	17.58361	0.33	-5.903082	17.53553	2.211238	-5.87905	3
97	1	3.834294	0.33	1.790205	3.834755	1.551892	1.817138	2
97	2	3.300357	0.33	1.392745	3.261789	1.955752	1.370627	2
97	3	-3.142624	0.33	0.2596359	-3.089844	1.892847	0.2790969	0
97	4	-17.37281	0.33	-3.583779	-17.34359	2.010719	-3.543296	0
97	5	17.58285	0.33	-5.876427	17.55061	1.632495	-5.854661	3
97	6	17.58285	0.33	-5.876427	17.53526	2.211237	-5.852298	3
98	1	3.820278	0.33	1.91919	3.842467	1.538173	1.967261	2
98	2	3.228784	0.33	1.396432	3.190179	1.953467	1.370736	2
98	3	-3.056532	0.33	0.2523235	-3.009997	1.89024	0.2637606	0
98	4	-17.29397	0.33	-3.53948	-17.26873	2.011697	-3.497312	0
98	5	17.58196	0.33	-5.845328	17.54933	1.632477	-5.823273	3
98	6	17.58195	0.33	-5.845329	17.53473	2.211277	-5.82096	3
99	1	3.81418	0.33	2.068448	3.84103	1.541412	2.130463	2
99	2	3.160203	0.33	1.404936	3.120511	1.949989	1.376333	2
99	3	-2.970688	0.33	0.2450751	-2.928383	1.882779	0.2511826	0
99	4	-17.21411	0.33	-3.496449	-17.19493	2.00524	-3.447836	0
99	5	17.58092	0.33	-5.809788	17.54787	1.632458	-5.78737	3
99	6	17.58091	0.33	-5.809789	17.53391	2.211276	-5.78507	3
100	1	3.801837	0.33	2.20929	3.820583	1.553091	2.27298	2
100	2	3.096496	0.33	1.420896	3.053532	1.946699	1.39252	2
100	3	-2.885178	0.33	0.2379213	-2.846598	1.87177	0.2393575	0
100	4	-17.13337	0.33	-3.454789	-17.12025	1.994663	-3.39908	0
100	5	17.57973	0.33	-5.769805	17.54622	1.632421	-5.746991	3
100	6	17.57972	0.33	-5.769806	17.53293	2.211256	-5.74478	3
101	1	3.781545	0.33	2.339023	3.762148	1.561191	2.389758	2
101	2	3.037003	0.33	1.443886	2.989393	1.942757	1.417629	2
101	3	-2.800096	0.33	0.2308964	-2.766953	1.865955	0.2285777	0
101	4	-17.05186	0.33	-3.41457	-17.03868	1.982239	-3.351556	0
101	5	17.579	0.33	-5.725401	17.56872	1.613745	-5.698744	3
101	6	17.57836	0.33	-5.725383	17.54646	2.204387	-5.685618	3
102	1	3.754079	0.33	2.457854	3.730593	1.570453	2.497558	2
102	2	2.980968	0.33	1.47326	2.927136	1.938847	1.450178	2
102	3	-2.715533	0.33	0.2240385	-2.683879	1.862724	0.2172238	0
102	4	-16.96969	0.33	-3.375843	-16.95057	1.974561	-3.306372	0
102	5	17.57874	0.33	-5.676579	17.57585	1.608737	-5.648156	3
102	6	17.57681	0.33	-5.676519	17.54855	2.200871	-5.636354	3
103	1	3.717319	0.33	2.560157	3.682214	1.569804	2.583249	2
103	2	2.92776	0.33	1.508259	2.868309	1.935806	1.489838	2
103	3	-2.631567	0.33	0.2173786	-2.598623	1.855503	0.1992813	0
103	4	-16.88694	0.33	-3.338634	-16.86324	1.97256	-3.267806	0
103	5	17.57899	0.33	-5.623342	17.58235	1.605839	-5.593806	3
103	6	17.57502	0.33	-5.623217	17.5506	2.195085	-5.583488	3
104	1	3.672502	0.33	2.647699	3.628418	1.560835	2.656414	2
104	2	2.876701	0.33	1.548084	2.814841	1.933408	1.535188	2
104	3	-2.548269	0.33	0.2109438	-2.512297	1.850283	0.179948	0
104	4	-16.80369	0.33	-3.302955	-16.77133	1.980806	-3.233964	0
104	5	17.5798	0.33	-5.565693	17.5877	1.605846	-5.535168	3
104	6	17.57295	0.33	-5.56548	17.55259	2.187673	-5.525643	3
105	1	3.622916	0.33	2.727691	3.570719	1.553512	2.733916	2
105	2	2.827147	0.33	1.591807	2.763206	1.932481	1.583232	2
105	3	-2.465736	0.33	0.2047814	-2.426917	1.858158	0.1726208	0
105	4	-16.72001	0.33	-3.268801	-16.67744	1.999283	-3.210465	0
105	5	17.58119	0.33	-5.50364	17.5941	1.608041	-5.470874	3
105	6	17.57052	0.33	-5.503313	17.55435	2.180259	-5.46502	3
106	1	3.566827	0.33	2.79534	3.513095	1.553174	2.797224	2
106	2	2.778683	0.33	1.63875	2.713191	1.934307	1.635978	2
106	3	-2.384023	0.33	0.1989139	-2.340763	1.869919	0.1665113	0
106	4	-16.63595	0.33	-3.236155	-16.59306	2.014142	-3.191803	0
106	5	17.58322	0.33	-5.437189	17.59983	1.611629	-5.401953	3
106	6	17.56763	0.33	-5.436724	17.55593	2.176011	-5.400699	3
107	1	3.50709	0.33	2.857514	3.451844	1.554718	2.857304	2
107	2	2.730865	0.33	1.688197	2.665448	1.940323	1.693498	2
107	3	-2.303172	0.33	0.1933597	-2.257547	1.878803	0.167309	0
107	4	-16.55156	0.33	-3.204989	-16.51047	2.01151	-3.173196	0
107	5	17.58597	0.33	-5.366351	17.60135	1.614439	-5.329792	3
107	6	17.56417	0.33	-5.365729	17.55801	2.170244	-5.328708	3
108	1	3.444283	0.33	2.914915	3.38888	1.562398	2.916978	2
108	2	2.683387	0.33	1.739792	2.622157	1.948965	1.752766	2
108	3	-2.223281	0.33	0.1881761	-2.178703	1.883373	0.1881762	0
108	4	-16.46688	0.33	-3.175269	-16.42746	2.001914	-3.152144	0
108	5	17.5895	0.33	-5.291138	17.58879	1.615829	-5.255079	3
108	6	17.55995	0.33	-5.290354	17.56553	2.160887	-5.250534	3
109	1	3.3785	0.33	2.968095	3.327193	1.574175	2.974435	2
109	2	2.635976	0.33	1.793129	2.582122	1.956565	1.809409	2
109	3	-2.144382	0.33	0.1833771	-2.101563	1.88954	0.1989422	0
109	4	-16.38197	0.33	-3.146953	-16.34443	1.988739	-3.131555	0
109	5	17.59392	0.33	-5.211572	17.58083	1.619359	-5.176054	3
109	6	17.55474	0.33	-5.210647	17.57914	2.148749	-5.164906	3
110	1	3.310279	0.33	3.017763	3.265681	1.583218	3.025621	2
110	2	2.588507	0.33	1.848029	2.540688	1.958745	1.867018	2
110	3	-2.066498	0.33	0.1789736	-2.02568	1.892819	0.1963664	0
110	4	-16.29683	0.33	-3.119994	-16.26342	1.983797	-3.112304	0
110	5	17.59938	0.33	-5.127682	17.58496	1.621104	-5.093325	3
110	6	17.5482	0.33	-5.126698	17.57832	2.1513	-5.077322	3
111	1	3.239664	0.33	3.064434	3.20186	1.581982	3.073537	2
111	2	2.54076	0.33	1.90414	2.499105	1.954992	1.924686	2
111	3	-1.989732	0.33	0.1750348	-1.950609	1.891984	0.1971691	0
111	4	-16.21151	0.33	-3.094344	-16.17456	1.977402	-3.094613	0
111	5	17.60605	0.33	-5.039517	17.58652	1.617869	-5.00659	3
111	6	17.51062	0.33	-4.972375	17.52374	2.1411	-4.862025	3
112	1	3.167145	0.33	3.108781	3.133734	1.57675	3.119125	2
112	2	2.492556	0.33	1.961223	2.455861	1.948717	1.982734	2
112	3	-1.914097	0.33	0.1715661	-1.876007	1.8882	0.2002569	0
112	4	-16.12603	0.33	-3.069948	-16.0795	1.96575	-3.088128	0
112	5	17.62993	0.33	-4.893783	17.61486	1.597177	-4.836149	3
112	6	17.43796	0.33	-4.783146	17.40907	2.210593	-4.764393	3
113	1	3.09271	0.33	3.151261	3.063322	1.567691	3.16304	2
113	2	2.443734	0.33	2.018994	2.411361	1.940007	2.041573	2
113	3	-1.839693	0.33	0.1686437	-1.803545	1.88319	0.2037365	0
113	4	-16.04041	0.33	-3.046753	-15.98965	1.969636	-3.069783	0
113	5	17.66402	0.33	-4.724341	17.64957	1.585342	-4.647873	3
113	6	17.3892	0.33	-4.726175	17.35669	2.186176	-4.687922	3
114	1	3.018115	0.33	3.198372	2.995233	1.560433	3.213095	2
114	2	2.394244	0.33	2.07737	2.366911	1.933108	2.099711	2
114	3	-1.766521	0.33	0.1662667	-1.73061	1.87763	0.2064283	0
114	4	-15.95466	0.33	-3.024704	-15.89814	1.983835	-3.048013	0
114	5	17.70699	0.33	-4.549364	17.69707	1.577522	-4.463172	3
114	6	17.31923	0.33	-4.657605	17.26861	2.187392	-4.639091	3
115	1	2.94179	0.33	3.24375	2.922164	1.557084	3.261083	2
115	2	2.343952	0.33	2.136129	2.321265	1.930966	2.15862	2
115	3	-1.694676	0.33	0.1645176	-1.656953	1.872471	0.2089835	0
115	4	-15.86881	0.33	-3.003744	-15.81068	1.996453	-3.020198	0
115	5	17.75208	0.33	-4.370476	17.74938	1.577893	-4.2764	3
115	6	17.24563	0.33	-4.586472	17.19316	2.185082	-4.575112	3
116	1	2.865331	0.33	3.294184	2.852143	1.547245	3.325314	2
116	2	2.292739	0.33	2.195077	2.273221	1.926046	2.222609	2
116	3	-1.62414	0.33	0.1633873	-1.583505	1.869632	0.211157	0
116	4	-15.78286	0.33	-2.983822	-15.73623	2.002609	-2.96627	0
116	5	17.79786	0.33	-4.187198	17.80455	1.580149	-4.095634	3
116	6	17.17052	0.33	-4.511123	17.10881	2.17087	-4.509037	3
117	1	2.788281	0.33	3.349201	2.779679	1.544166	3.391801	2
117	2	2.240499	0.33	2.254061	2.228698	1.917543	2.292322	2
117	3	-1.555003	0.33	0.1629646	-1.513638	1.868529	0.2109607	0
117	4	-15.69684	0.33	-2.96488	-15.65667	2.011095	-2.935509	0
117	5	17.85773	0.33	-3.9433	17.8317	1.632415	-3.916709	3
117	6	17.09627	0.33	-4.43147	17.02342	2.152374	-4.431379	3
118	1	2.710918	0.33	3.408605	2.70034	1.556368	3.456866	2
118	2	2.187139	0.33	2.312833	2.17907	1.915924	2.358107	2
118	3	-1.487236	0.33	0.1632338	-1.445315	1.869525	0.2119461	0
118	4	-15.61074	0.33	-2.946867	-15.57371	2.012652	-2.914885	0
118	5	17.86448	0.33	-3.883192	17.8504	1.625668	-3.848661	3
118	6	17.02344	0.33	-4.348563	16.93991	2.141109	-4.340136	3
119	1	2.632782	0.33	3.471859	2.61135	1.566734	3.508337	2
119	2	2.132645	0.33	2.371482	2.123743	1.923359	2.420939	2
119	3	-1.42093	0.33	0.1642904	-1.377458	1.873354	0.2119915	0
119	4	-15.52459	0.33	-2.929733	-15.49126	2.007602	-2.890537	0
119	5	17.8717	0.33	-3.800942	17.86557	1.615956	-3.765823	3
119	6	16.95444	0.33	-4.262087	16.86806	2.143417	-4.242626	3
120	1	2.552854	0.33	3.531887	2.515184	1.576044	3.540991	2
120	2	2.07694	0.33	2.429967	2.065126	1.933942	2.482851	2
120	3	-1.356042	0.33	0.1661108	-1.310169	1.880291	0.2102921	0
120	4	-15.43838	0.33	-2.913426	-15.40927	1.998673	-2.865983	0
120	5	17.87722	0.33	-3.703817	17.87905	1.598193	-3.672394	3
120	6	16.88885	0.33	-4.173421	16.81083	2.167794	-4.134514	3
121	1	2.472161	0.33	3.595948	2.434705	1.576786	3.601969	2
121	2	2.019962	0.33	2.488073	2.000806	1.941275	2.535505	2
121	3	-1.293026	0.33	0.1688981	-1.246806	1.888699	0.2078409	0
121	4	-15.35212	0.33	-2.8979	-15.32313	1.987682	-2.843871	0
121	5	17.88205	0.33	-3.59606	17.89107	1.590116	-3.566647	3
121	6	16.82629	0.33	-4.083691	16.76869	2.186294	-4.040946	3
122	1	2.390293	0.33	3.663418	2.348335	1.568282	3.661735	2
122	2	1.961652	0.33	2.545784	1.922481	1.945418	2.569408	2
122	3	-1.233123	0.33	0.1730407	-1.191543	1.8956	0.2073243	0
122	4	-15.26583	0.33	-2.88311	-15.2312	1.979285	-2.821662	0
122	5	17.87279	0.33	-3.495555	17.89519	1.578836	-3.464061	3
122	6	16.76638	0.33	-3.993847	16.72576	2.176675	-3.951457	3
123	1	2.306691	0.33	3.727046	2.260022	1.555816	3.716778	2
123	2	1.901976	0.33	2.603082	1.859152	1.952033	2.618428	2
123	3	-1.178328	0.33	0.1793196	-1.140333	1.900171	0.212222	0
123	4	-15.1795	0.33	-2.869011	-15.14059	1.975159	-2.807665	0
123	5	17.84717	0.33	-3.406596	17.86619	1.583324	-3.367184	3
123	6	16.70883	0.33	-3.90469	16.68236	2.157289	-3.86451	3
124	1	2.22065	0.33	3.773632	2.169698	1.548715	3.75402	2
124	2	1.841014	0.33	2.65991	1.797534	1.95344	2.67144	2
124	3	-1.130238	0.33	0.1883833	-1.098134	1.900356	0.2210991	0
124	4	-15.09314	0.33	-2.855562	-15.04957	1.977487	-2.794618	0
124	5	17.80735	0.33	-3.328116	17.81545	1.59611	-3.282815	3
124	6	16.65336	0.33	-3.81689	16.64141	2.149942	-3.7789	3
125	1	2.132611	0.33	3.805375	2.082671	1.549466	3.77984	2
125	2	1.778782	0.33	2.716259	1.732225	1.949792	2.721205	2
125	3	-1.090395	0.33	0.2010458	-1.078864	1.90505	0.2444643	0
125	4	-15.00675	0.33	-2.842725	-14.95476	1.990011	-2.78861	0
125	5	17.75518	0.33	-3.259097	17.75061	1.606739	-3.212344	3
125	6	16.59973	0.33	-3.730995	16.60698	2.133879	-3.677719	3
126	1	2.042936	0.33	3.824199	1.993247	1.557319	3.796537	2
126	2	1.715323	0.33	2.771981	1.664879	1.942567	2.768674	2
126	3	-1.059614	0.33	0.2177825	-1.056209	1.905085	0.2625519	0
126	4	-14.92034	0.33	-2.830461	-14.8683	2.006584	-2.789884	0
126	5	17.69228	0.33	-3.198577	17.6668	1.611503	-3.169762	3
126	6	16.54774	0.33	-3.64745	16.56225	2.13641	-3.583322	3
127	1	1.951925	0.33	3.83178	1.904293	1.571678	3.808413	2
127	2	1.650665	0.33	2.827073	1.595939	1.933354	2.817682	2
127	3	-1.037935	0.33	0.2389023	-1.046463	1.90514	0.2829614	0
127	4	-14.83391	0.33	-2.818734	-14.78386	2.016027	-2.788614	0
127	5	17.62003	0.33	-3.145653	17.58208	1.617372	-3.136935	3
127	6	16.49722	0.33	-3.566606	16.50536	2.159165	-3.497102	3
128	1	1.859826	0.33	3.829583	1.818522	1.582196	3.810578	2
128	2	1.584857	0.33	2.881413	1.522913	1.924407	2.869078	2
128	3	-1.024934	0.33	0.2643177	-1.04679	1.905178	0.3035101	0
128	4	-14.74746	0.33	-2.807513	-14.70147	2.011027	-2.78689	0
128	5	17.53966	0.33	-3.099481	17.50183	1.619092	-3.098388	3
128	6	16.44801	0.33	-3.488733	16.43979	2.174684	-3.427592	3
129	1	1.767511	0.33	3.821183	1.731717	1.578589	3.807824	2
129	2	1.517423	0.33	2.932351	1.452065	1.920079	2.919446	2
129	3	-1.019342	0.33	0.2937099	-1.051179	1.905193	0.3255431	0
129	4	-14.66099	0.33	-2.796766	-14.61869	2.000625	-2.783027	0
129	5	17.45219	0.33	-3.059282	17.4134	1.612923	-3.069873	3
129	6	16.39998	0.33	-3.414032	16.35321	2.182787	-3.382636	3
130	1	1.675274	0.33	3.808212	1.64333	1.568956	3.79923	2
130	2	1.448338	0.33	2.979352	1.381695	1.919837	2.96436	2
130	3	-1.019542	0.33	0.3263831	-1.056889	1.905204	0.351923	0
130	4	-14.57452	0.33	-2.786463	-14.53559	1.988831	-2.778874	0
130	5	17.35855	0.33	-3.024335	17.3193	1.600037	-3.047782	3
130	6	16.35301	0.33	-3.342642	16.30881	2.192706	-3.315196	3
131	1	1.583353	0.33	3.792091	1.55507	1.558998	3.787772	2
131	2	1.377631	0.33	3.021882	1.309827	1.925954	3.007642	2
131	3	-1.023664	0.33	0.3614763	-1.063658	1.9052	0.3831547	0
131	4	-14.48803	0.33	-2.776576	-14.45407	1.984949	-2.774891	0
131	5	17.25952	0.33	-2.993976	17.21228	1.587443	-3.024402	3
131	6	16.30459	0.33	-3.275588	16.25735	2.193702	-3.254408	3
132	1	1.491936	0.33	3.774036	1.466005	1.55566	3.77469	2
132	2	1.305345	0.33	3.059615	1.237559	1.93881	3.050776	2
132	3	-1.029792	0.33	0.3980749	-1.070922	1.905169	0.4181615	0
132	4	-14.40153	0.33	-2.76708	-14.36522	1.978624	-2.773297	0
132	5	17.15796	0.33	-2.966951	17.10622	1.582862	-2.996857	3
132	6	16.25413	0.33	-3.213029	16.20104	2.189806	-3.20048	3
133	1	1.401164	0.33	3.755059	1.370702	1.547941	3.766153	2
133	2	1.231591	0.33	3.092334	1.172553	1.951102	3.085909	2
133	3	-1.036267	0.33	0.4353297	-1.077976	1.905162	0.4554475	0
133	4	-14.31502	0.33	-2.757951	-14.27257	1.967491	-2.782147	0
133	5	17.05494	0.33	-2.942632	16.99799	1.591858	-2.96735	3
133	6	16.20113	0.33	-3.155029	16.143	2.183481	-3.152951	3
134	1	1.311134	0.33	3.735985	1.27479	1.544558	3.756833	2
134	2	1.156461	0.33	3.119925	1.102998	1.957174	3.114898	2
134	3	-1.041838	0.33	0.4726381	-1.083585	1.905153	0.4940314	0
134	4	-14.2285	0.33	-2.749165	-14.18265	1.97061	-2.778599	0
134	5	16.95137	0.33	-2.920496	16.89898	1.611484	-2.932242	3
134	6	16.1452	0.33	-3.101559	16.08271	2.176033	-3.108182	3
135	1	1.221907	0.33	3.717458	1.181452	1.554814	3.73833	2
135	2	1.080088	0.33	3.142325	1.033095	1.953396	3.138488	2
135	3	-1.045422	0.33	0.5093548	-1.086511	1.905131	0.5331733	0
135	4	-14.14198	0.33	-2.740701	-14.0905	1.983645	-2.771363	0
135	5	16.84801	0.33	-2.900117	16.80397	1.615166	-2.902881	3
135	6	16.08604	0.33	-3.052514	16.01835	2.168382	-3.065889	3
136	1	1.133542	0.33	3.700003	1.090037	1.566394	3.717617	2
136	2	1.002599	0.33	3.159633	0.9601005	1.946563	3.15638	2
136	3	-1.046271	0.33	0.5449412	-1.08597	1.905112	0.5721464	0
136	4	-14.05544	0.33	-2.732539	-14.00042	1.996158	-2.758544	0
136	5	16.74546	0.33	-2.88116	16.70862	1.604697	-2.877967	3
136	6	16.02343	0.33	-3.007718	15.95105	2.163265	-3.025786	3
137	1	1.046074	0.33	3.684005	1.008681	1.572185	3.680448	2
137	2	0.9241529	0.33	3.17206	0.8850407	1.937196	3.169852	2
137	3	-1.044056	0.33	0.5790696	-1.081708	1.905071	0.6102282	0
137	4	-13.96891	0.33	-2.724661	-13.91957	2.002306	-2.720009	0
137	5	16.64419	0.33	-2.863366	16.6153	1.592782	-2.85466	3
137	6	15.95726	0.33	-2.966941	15.88432	2.160171	-2.988808	3
138	1	0.9595058	0.33	3.669713	0.9277551	1.578607	3.649422	2
138	2	0.8444018	0.33	3.173158	0.8100684	1.930767	3.169239	2
138	3	-1.038581	0.33	0.6116031	-1.073151	1.905015	0.6469145	0
138	4	-13.88237	0.33	-2.71705	-13.83827	2.010351	-2.693226	0
138	5	16.54452	0.33	-2.846547	16.51993	1.58713	-2.82995	3
138	6	15.88981	0.33	-2.931321	15.81651	2.163031	-2.956385	3
139	1	0.8737913	0.33	3.657173	0.8441422	1.581499	3.636174	2
139	2	0.7635593	0.33	3.16344	0.731632	1.927507	3.159948	2
139	3	-1.029859	0.33	0.6423988	-1.060447	1.904952	0.6816798	0
139	4	-13.79582	0.33	-2.709687	-13.75464	2.013239	-2.683522	0
139	5	16.4467	0.33	-2.830564	16.42079	1.57614	-2.793636	3
139	6	15.8211	0.33	-2.900329	15.74721	2.17134	-2.924155	3
140	1	0.7888432	0.33	3.646258	0.7614918	1.579442	3.621175	2
140	2	0.6818751	0.33	3.144316	0.646143	1.919444	3.147047	2
140	3	-1.018088	0.33	0.6714414	-1.044026	1.904897	0.7139093	0
140	4	-13.70927	0.33	-2.70256	-13.67127	2.009505	-2.669506	0
140	5	16.35089	0.33	-2.815313	16.32097	1.586383	-2.777164	3
140	6	15.7512	0.33	-2.873434	15.67816	2.183998	-2.89193	3
141	1	0.7045474	0.33	3.636712	0.6793185	1.574287	3.605817	2
141	2	0.59956	0.33	3.117768	0.5537667	1.908486	3.133794	2
141	3	-1.00336	0.33	0.6986866	-1.023903	1.904875	0.7433471	0
141	4	-13.62272	0.33	-2.695652	-13.58811	2.001425	-2.653704	0
141	5	16.25718	0.33	-2.800719	16.22151	1.601668	-2.765134	3
141	6	15.66599	0.33	-2.814254	15.59893	2.189428	-2.797503	3
142	1	0.6207786	0.33	3.628197	0.59641	1.567738	3.592262	2
142	2	0.5170462	0.33	3.09217	0.4682682	1.915301	3.10982	2
142	3	-0.986114	0.33	0.7243662	-1.001421	1.90485	0.7697772	0
142	4	-13.53617	0.33	-2.688952	-13.50232	1.991125	-2.639722	0
142	5	16.16544	0.33	-2.786799	16.12747	1.609405	-2.775626	3
142	6	15.57945	0.33	-2.750829	15.52602	2.178555	-2.725519	3
143	1	0.537431	0.33	3.620413	0.5108014	1.561007	3.580096	2
143	2	0.4343749	0.33	3.0677	0.38076	1.928421	3.08516	2
143	3	-0.9666057	0.33	0.7485442	-0.9767431	1.904808	0.7936206	0
143	4	-13.44961	0.33	-2.682447	-13.41102	1.981716	-2.625936	0
143	5	16.07547	0.33	-2.773594	16.03766	1.616979	-2.783671	3
143	6	15.45643	0.33	-2.699697	15.38995	2.148965	-2.675623	3
144	1	0.4544154	0.33	3.613102	0.4238382	1.557035	3.570604	2
144	2	0.3515847	0.33	3.04456	0.2984974	1.938596	3.054509	2
144	3	-0.9451908	0.33	0.7713704	-0.9505093	1.90477	0.8151574	0
144	4	-13.36305	0.33	-2.676124	-13.31966	1.976463	-2.618911	0
144	5	15.98653	0.33	-2.76105	15.95105	1.619815	-2.773711	3
144	6	15.30461	0.33	-2.630497	15.22466	2.138749	-2.587069	3
145	1	0.3716564	0.33	3.606047	0.3391342	1.55566	3.563233	2
145	2	0.2686908	0.33	3.022845	0.2273063	1.943826	3.002331	2
145	3	-0.9221635	0.33	0.7930829	-0.9232553	1.904792	0.8349486	0
145	4	-13.27649	0.33	-2.669973	-13.22969	1.976403	-2.612326	0
145	5	15.89756	0.33	-2.748979	15.86348	1.616376	-2.768157	3
145	6	15.13845	0.33	-2.577253	15.05027	2.12366	-2.515331	3
146	1	0.2890901	0.33	3.599074	0.253359	1.558697	3.557308	2
146	2	0.1857016	0.33	3.002607	0.1495517	1.951327	2.974512	2
146	3	-0.8978044	0.33	0.8138202	-0.8950729	1.904789	0.8531404	0
146	4	-13.18993	0.33	-2.663984	-13.13671	1.985432	-2.611009	0
146	5	15.80748	0.33	-2.737089	15.7748	1.608616	-2.764488	3
146	6	14.96286	0.33	-2.537617	14.85948	2.124412	-2.474798	3
147	1	0.2066619	0.33	3.592048	0.1658562	1.567729	3.555609	2
147	2	0.102626	0.33	2.983878	0.06868683	1.952849	2.954132	2
147	3	-0.8724519	0.33	0.8337923	-0.8665602	1.904736	0.8700638	0
147	4	-13.10336	0.33	-2.658148	-13.04616	2.001992	-2.616985	0
147	5	15.71527	0.33	-2.725101	15.6811	1.59759	-2.75865	3
147	6	14.78122	0.33	-2.509326	14.66354	2.128756	-2.461968	3
148	1	0.1243246	0.33	3.584872	0.08509828	1.578132	3.556954	2
148	2	0.0194543	0.33	2.966679	-0.01184361	1.948993	2.931348	2
148	3	-0.8463945	0.33	0.8532689	-0.8380508	1.904647	0.8862293	0
148	4	-13.0168	0.33	-2.652454	-12.96346	2.015063	-2.622472	0
148	5	15.62003	0.33	-2.7128	15.57861	1.588012	-2.750391	3
148	6	14.59541	0.33	-2.490335	14.4761	2.129114	-2.481731	3
149	1	0.04203711	0.33	3.577478	0.004409119	1.584499	3.555835	2
149	2	-0.06382496	0.33	2.950975	-0.09203244	1.941728	2.908545	2
149	3	-0.8197958	0.33	0.8724203	-0.809545	1.904555	0.9018868	0
149	4	-12.93023	0.33	-2.646895	-12.88217	2.013039	-2.626798	0
149	5	15.51944	0.33	-2.699718	15.4724	1.583497	-2.736545	3
149	6	14.40706	0.33	-2.479006	14.29134	2.138458	-2.478638	3
150	1	-0.04023674	0.33	3.569831	-0.07457565	1.581544	3.554301	2
150	2	-0.1472246	0.33	2.936702	-0.1751211	1.932756	2.888287	2
150	3	-0.7928381	0.33	0.8914028	-0.7813783	1.904568	0.9175305	0
150	4	-12.84366	0.33	-2.641463	-12.79915	2.005178	-2.628081	0
150	5	15.4142	0.33	-2.686109	15.35785	1.597311	-2.712499	3
150	6	14.21937	0.33	-2.47435	14.10779	2.147359	-2.494349	3
151	1	-0.1225294	0.33	3.56192	-0.1544675	1.575721	3.550592	2
151	2	-0.2307655	0.33	2.92378	-0.2630426	1.92457	2.868968	2
151	3	-0.7657434	0.33	0.9105194	-0.7538576	1.904705	0.9340711	0
151	4	-12.75709	0.33	-2.636151	-12.71587	1.992806	-2.628742	0
151	5	15.3049	0.33	-2.672208	15.25253	1.614114	-2.684908	3
151	6	14.03213	0.33	-2.474913	13.91639	2.139487	-2.513026	3
152	1	-0.2048703	0.33	3.553753	-0.2348943	1.567583	3.546219	2
152	2	-0.3144712	0.33	2.9121	-0.3517056	1.919879	2.856717	2
152	3	-0.7384903	0.33	0.9298505	-0.7265844	1.904821	0.9519715	0
152	4	-12.67052	0.33	-2.630951	-12.63471	1.985791	-2.628911	0
152	5	15.19205	0.33	-2.658225	15.14531	1.610065	-2.661507	3
152	6	13.84525	0.33	-2.479516	13.72325	2.129578	-2.523418	3
153	1	-0.2872864	0.33	3.545353	-0.313966	1.56283	3.54129	2
153	2	-0.3983712	0.33	2.901548	-0.4389229	1.919223	2.846099	2
153	3	-0.7111536	0.33	0.9495271	-0.6997988	1.904874	0.971497	0
153	4	-12.58395	0.33	-2.625857	-12.54903	1.981646	-2.629631	0
153	5	15.07612	0.33	-2.644344	15.03374	1.59668	-2.64143	3
153	6	13.6587	0.33	-2.487198	13.52749	2.131198	-2.527853	3
154	1	-0.3698033	0.33	3.536757	-0.395547	1.560411	3.536271	2
154	2	-0.4825001	0.33	2.892004	-0.5289915	1.925748	2.839845	2
154	3	-0.6837837	0.33	0.9697739	-0.6719773	1.904838	0.9927418	0
154	4	-12.49738	0.33	-2.620862	-12.45896	1.972317	-2.63871	0
154	5	14.95748	0.33	-2.630719	14.92177	1.590313	-2.62161	3
154	6	13.47248	0.33	-2.497184	13.34467	2.136879	-2.526357	3
155	1	-0.4524449	0.33	3.528006	-0.4805993	1.554888	3.535434	2
155	2	-0.5668933	0.33	2.88333	-0.61994	1.93986	2.840516	2
155	3	-0.6563401	0.33	0.9906474	-0.6438811	1.904764	1.015141	0
155	4	-12.4108	0.33	-2.615961	-12.36743	1.967762	-2.646775	0
155	5	14.8365	0.33	-2.617478	14.79932	1.582342	-2.595452	3
155	6	13.28662	0.33	-2.508848	13.16729	2.129854	-2.530258	3
156	1	-0.5431783	0.33	3.54649	-0.5679923	1.543549	3.580434	2
156	2	-0.6515679	0.33	2.875741	-0.7009792	1.952662	2.844072	2
156	3	-0.6286767	0.33	1.012231	-0.6159115	1.904699	1.038537	0
156	4	-12.32423	0.33	-2.611148	-12.2764	1.978131	-2.643656	0
156	5	14.71346	0.33	-2.604719	14.67153	1.57737	-2.568346	3
156	6	13.10115	0.33	-2.521687	12.99012	2.125711	-2.534706	3
157	1	-0.6403352	0.33	3.58587	-0.6641661	1.551737	3.631682	2
157	2	-0.7365539	0.33	2.869684	-0.7823017	1.954171	2.84733	2
157	3	-0.6007099	0.33	1.034676	-0.5881301	1.904628	1.063107	0
157	4	-12.23766	0.33	-2.606418	-12.18464	1.992053	-2.63766	0
157	5	14.58865	0.33	-2.59252	14.53858	1.59071	-2.555879	3
157	6	12.9161	0.33	-2.535301	12.80889	2.132969	-2.535304	3
158	1	-0.7359208	0.33	3.617766	-0.7676098	1.565781	3.649972	2
158	2	-0.8225377	0.33	2.867189	-0.8657669	1.948027	2.853266	2
158	3	-0.5723187	0.33	1.058038	-0.5602513	1.904563	1.088732	0
158	4	-12.15108	0.33	-2.601765	-12.09955	2.000056	-2.614882	0
158	5	14.46228	0.33	-2.580933	14.40878	1.597826	-2.568691	3
158	6	12.73139	0.33	-2.548404	12.61638	2.119335	-2.522141	3
159	1	-0.8302249	0.33	3.642694	-0.8694624	1.574459	3.637088	2
159	2	-0.9106842	0.33	2.870784	-0.9507947	1.935298	2.865816	2
159	3	-0.5433206	0.33	1.082433	-0.5321053	1.904525	1.115417	0
159	4	-12.06451	0.33	-2.597185	-12.01792	2.006517	-2.574533	0
159	5	14.33457	0.33	-2.56999	14.28315	1.605177	-2.577274	3
159	6	12.54712	0.33	-2.560942	12.42415	2.124769	-2.531078	3
160	1	-0.9234765	0.33	3.661266	-0.9589739	1.579663	3.651255	2
160	2	-1.003643	0.33	2.885839	-1.03672	1.921967	2.892977	2
160	3	-0.513514	0.33	1.107799	-0.5032912	1.904444	1.142769	0
160	4	-11.97793	0.33	-2.592673	-11.93486	2.013042	-2.569542	0
160	5	14.20569	0.33	-2.559702	14.15718	1.605916	-2.572531	3
160	6	12.36332	0.33	-2.572888	12.23961	2.127718	-2.561453	3
161	1	-1.015862	0.33	3.674246	-1.049087	1.57654	3.655679	2
161	2	-1.101313	0.33	2.910017	-1.129448	1.910038	2.933338	2
161	3	-0.4827681	0.33	1.134147	-0.473565	1.904384	1.171061	0
161	4	-11.89136	0.33	-2.588223	-11.85134	2.011799	-2.559823	0
161	5	14.07579	0.33	-2.550064	14.02902	1.600116	-2.574003	3
161	6	12.18002	0.33	-2.584232	12.06462	2.133548	-2.595159	3
162	1	-1.107537	0.33	3.682483	-1.138087	1.569267	3.654284	2
162	2	-1.203263	0.33	2.94065	-1.232889	1.896647	2.992015	2
162	3	-0.4508412	0.33	1.161484	-0.4427232	1.904378	1.199982	0
162	4	-11.80478	0.33	-2.583833	-11.76741	2.00515	-2.546633	0
162	5	13.94502	0.33	-2.541061	13.89375	1.589528	-2.57361	3
162	6	11.99723	0.33	-2.594971	11.88756	2.144128	-2.611794	3
163	1	-1.198625	0.33	3.686853	-1.228947	1.560234	3.651957	2
163	2	-1.30784	0.33	2.973786	-1.344916	1.911638	3.029085	2
163	3	-0.4176378	0.33	1.189811	-0.4131625	1.894208	1.236357	0
163	4	-11.71821	0.33	-2.579498	-11.68319	1.995755	-2.534007	0
163	5	13.81349	0.33	-2.532674	13.75588	1.582932	-2.566714	3
163	6	11.84594	0.33	-2.60249	11.76621	2.157635	-2.640727	3
164	1	-1.289217	0.33	3.688188	-1.323822	1.553852	3.64774	2
164	2	-1.410451	0.33	3.002203	-1.455347	1.929775	3.044557	2
164	3	-0.3829044	0.33	1.219027	-0.3805588	1.891486	1.267896	0
164	4	-11.63163	0.33	-2.575212	-11.59456	1.985058	-2.52334	0
164	5	13.68131	0.33	-2.524872	13.61709	1.586903	-2.555868	3
164	6	11.72	0.33	-2.607357	11.65401	2.147272	-2.663383	3
164	7	-22.28278	0.33	3.488524	-22.25076	2.043989	3.503095	0
165	1	-1.37938	0.33	3.687179	-1.415767	1.551337	3.646146	2
165	2	-1.51141	0.33	3.026027	-1.562269	1.941016	3.018156	2
165	3	-0.3465362	0.33	1.249051	-0.3456164	1.888211	1.300305	0
165	4	-11.54506	0.33	-2.570973	-11.50184	1.978271	-2.514573	0
165	5	13.54856	0.33	-2.517621	13.48425	1.601218	-2.535837	3
165	6	11.61433	0.33	-2.610044	11.55593	2.139552	-2.670038	3
165	7	-22.26138	0.33	3.485795	-22.22817	2.043956	3.50245	0
166	1	-1.469157	0.33	3.684391	-1.508678	1.555133	3.644178	2
166	2	-1.610994	0.33	3.045413	-1.655299	1.947798	3.031842	2
166	3	-0.3084708	0.33	1.279825	-0.3081475	1.884799	1.334021	0
166	4	-11.45848	0.33	-2.566774	-11.41215	1.975636	-2.510142	0
166	5	13.41532	0.33	-2.510884	13.35697	1.603774	-2.519591	3
166	6	11.5248	0.33	-2.610944	11.46599	2.155116	-2.667227	3
166	7	-22.23137	0.33	3.481967	-22.19731	2.043868	3.500764	0
167	1	-1.558581	0.33	3.68027	-1.603298	1.567309	3.647006	2
167	2	-1.709439	0.33	3.060538	-1.750841	1.940261	3.033726	2
167	3	-0.2685348	0.33	1.311247	-0.2680612	1.881992	1.36918	0
167	4	-11.3719	0.33	-2.562612	-11.32059	1.980345	-2.507898	0
167	5	13.28166	0.33	-2.504626	13.22867	1.594875	-2.507259	3
167	6	11.4481	0.33	-2.610371	11.38663	2.176628	-2.657795	3
167	7	-22.1939	0.33	3.477187	-22.15907	2.043815	3.498016	0
168	1	-1.647674	0.33	3.675158	-1.688427	1.579671	3.651341	2
168	2	-1.806947	0.33	3.071606	-1.846926	1.92692	3.032135	2
168	3	-0.2267031	0.33	1.343254	-0.2249754	1.87951	1.402406	0
168	4	-11.28533	0.33	-2.55848	-11.22661	1.994876	-2.5129	0
168	5	13.14764	0.33	-2.498815	13.10119	1.587566	-2.494618	3
168	6	11.38164	0.33	-2.60858	11.32459	2.192162	-2.64756	3
168	7	-22.14997	0.33	3.471583	-22.1103	2.033057	3.499938	0
169	1	-1.73645	0.33	3.669306	-1.773529	1.581791	3.652879	2
169	2	-1.903687	0.33	3.078845	-1.949743	1.914544	3.029959	2
169	3	-0.1828488	0.33	1.375754	-0.1802634	1.87762	1.436053	0
169	4	-11.19875	0.33	-2.554376	-11.14428	2.010302	-2.521499	0
169	5	13.0133	0.33	-2.493418	12.96807	1.584408	-2.479201	3
169	6	11.32333	0.33	-2.605779	11.27167	2.201606	-2.639274	3
169	7	-22.10043	0.33	3.465264	-22.06053	2.028601	3.497965	0
170	1	-1.824923	0.33	3.662886	-1.859061	1.576696	3.651935	2
170	2	-1.999797	0.33	3.082498	-2.049337	1.909553	3.032953	2
170	3	-0.1368167	0.33	1.408458	-0.1321376	1.876946	1.469913	0
170	4	-11.11217	0.33	-2.550295	-11.06141	2.0154	-2.526994	0
170	5	12.87869	0.33	-2.488408	12.82905	1.57536	-2.456054	3
170	6	11.27149	0.33	-2.602132	11.22301	2.205539	-2.632258	3
170	7	-22.04603	0.33	3.458325	-22.00528	2.023165	3.495058	0
171	1	-1.913106	0.33	3.656003	-1.944459	1.567226	3.649615	2
171	2	-2.095384	0.33	3.082824	-2.149128	1.915536	3.034348	2
171	3	-0.08862703	0.33	1.441244	-0.07998253	1.878335	1.503075	0
171	4	-11.0256	0.33	-2.546235	-10.97886	2.009633	-2.530747	0
171	5	12.74385	0.33	-2.483761	12.68771	1.586045	-2.45034	3
171	6	11.22482	0.33	-2.597772	11.17998	2.20481	-2.625054	3
171	7	-21.98742	0.33	3.450849	-21.94467	2.01699	3.491238	0
172	1	-2.001011	0.33	3.648711	-2.028437	1.560539	3.646424	2
172	2	-2.19053	0.33	3.080094	-2.249575	1.935429	3.042106	2
172	3	-0.03823016	0.33	1.473935	-0.02353937	1.882565	1.534544	0
172	4	-10.93902	0.33	-2.542192	-10.89636	1.998205	-2.532837	0
172	5	12.60881	0.33	-2.479455	12.54995	1.594203	-2.462137	3
172	6	11.18224	0.33	-2.592802	11.13904	2.203993	-2.618262	3
172	7	-21.92517	0.33	3.442908	-21.87856	2.011762	3.487178	0
173	1	-2.088651	0.33	3.64102	-2.114491	1.557894	3.64288	2
173	2	-2.28529	0.33	3.074579	-2.337578	1.952119	3.047915	2
173	3	0.01425694	0.33	1.506534	0.03500454	1.888908	1.563185	0
173	4	-10.85244	0.33	-2.538165	-10.81415	1.987502	-2.534288	0
173	5	12.47361	0.33	-2.475471	12.41818	1.601013	-2.48435	3
173	6	11.14292	0.33	-2.587304	11.1096	2.211376	-2.628356	3
173	7	-21.85975	0.33	3.434563	-21.81091	2.007429	3.478928	0
174	1	-2.17604	0.33	3.632907	-2.204671	1.551327	3.644238	2
174	2	-2.379698	0.33	3.066555	-2.425034	1.948196	3.049401	2
174	3	0.06884762	0.33	1.538815	0.09178826	1.894732	1.588318	0
174	4	-10.76586	0.33	-2.534152	-10.732	1.984253	-2.535677	0
174	5	12.33825	0.33	-2.471794	12.28675	1.603969	-2.484572	3
174	6	11.10619	0.33	-2.58134	11.07168	2.211424	-2.621337	3
174	7	-21.79159	0.33	3.425869	-21.74094	2.004807	3.470848	0
175	1	-2.263192	0.33	3.624329	-2.296434	1.54672	3.646293	2
175	2	-2.473768	0.33	3.056291	-2.514021	1.935447	3.045687	2
175	3	0.1255092	0.33	1.570654	0.1512729	1.898469	1.615154	0
175	4	-10.67929	0.33	-2.53015	-10.64299	1.977254	-2.541023	0
175	5	12.20278	0.33	-2.468415	12.1542	1.600307	-2.492032	3
175	6	11.0715	0.33	-2.574955	11.03574	2.211445	-2.614002	3
175	7	-21.72106	0.33	3.416872	-21.6673	2.00549	3.460701	0
176	1	-2.35012	0.33	3.615226	-2.386712	1.554284	3.637883	2
176	2	-2.567497	0.33	3.04405	-2.602511	1.922609	3.040008	2
176	3	0.1840668	0.33	1.602004	0.2106407	1.896065	1.639978	0
176	4	-10.59271	0.33	-2.526158	-10.55075	1.966677	-2.555353	0
176	5	12.0672	0.33	-2.465326	12.0163	1.590538	-2.4979	3
176	6	11.03842	0.33	-2.568179	11.00138	2.211457	-2.606344	3
176	7	-21.64847	0.33	3.407612	-21.59032	2.011659	3.44645	0
177	1	-2.436837	0.33	3.605533	-2.477521	1.564962	3.626767	2
177	2	-2.660872	0.33	3.030081	-2.693672	1.918135	3.032704	2
177	3	0.2444774	0.33	1.632562	0.2724595	1.892508	1.665799	0
177	4	-10.50613	0.33	-2.522176	-10.46117	1.972579	-2.554283	0
177	5	11.93154	0.33	-2.462523	11.87395	1.583221	-2.498158	3
177	6	11.00306	0.33	-2.561445	10.96607	2.211456	-2.599994	3
177	7	-21.57409	0.33	3.398124	-21.51447	2.021964	3.428421	0
178	1	-2.523351	0.33	3.595181	-2.562618	1.571312	3.603491	2
178	2	-2.753864	0.33	3.014621	-2.793063	1.90671	3.033254	2
178	3	0.3066485	0.33	1.662121	0.3349837	1.886154	1.690514	0
178	4	-10.41955	0.33	-2.5182	-10.36889	1.986192	-2.551096	0
178	5	11.79889	0.33	-2.459681	11.73674	1.58555	-2.49398	3
178	6	10.96458	0.33	-2.554884	10.92786	2.211421	-2.594087	3
178	7	-21.49817	0.33	3.38844	-21.44305	2.031143	3.411184	0
179	1	-2.609668	0.33	3.584106	-2.649005	1.571312	3.592081	2
179	2	-2.846441	0.33	2.997892	-2.885898	1.90671	3.015972	2
179	3	0.3704629	0.33	1.690414	0.3995406	1.886154	1.718046	0
179	4	-10.33298	0.33	-2.514232	-10.28232	1.986192	-2.547132	0
179	5	11.67011	0.33	-2.456686	11.6079	1.58555	-2.490871	3
179	6	10.92236	0.33	-2.548613	10.8865	2.211421	-2.588591	3
179	7	-21.42091	0.33	3.378584	-21.36579	2.031143	3.401329	0
