2	1	1315.089	375.3106	2
3	1	1308.459	374.0258	2
3	2	1316.841	375.6503	2
4	1	1298.866	372.1685	2
4	2	1315.175	375.327	2
4	3	-103.7615	271.5573	0
5	1	1287.466	369.9651	2
5	2	1311.872	374.6868	2
5	3	-97.00867	275.2739	0
6	1	1282.815	369.072	2
6	2	1308.46	374.1335	2
6	3	-88.72887	278.3086	0
7	1	1276.033	367.77	2
7	2	1304.909	373.6471	2
7	3	-79.12605	280.7489	0
8	1	1268.101	366.2517	2
8	2	1301.179	373.2074	2
8	3	-68.37677	282.6712	0
9	1	1259.303	364.5729	2
9	2	1297.224	372.7943	2
9	3	-56.63399	284.1428	0
10	1	1249.874	362.7811	2
10	2	1293.002	372.3886	2
10	3	-52.56622	284.1528	0
11	1	1240.006	360.9162	2
11	2	1288.473	371.9722	2
11	3	-46.61415	283.9662	0
12	1	1229.856	359.0114	2
12	2	1283.513	371.5095	2
12	3	-39.02901	283.61	0
13	1	1219.546	357.0938	2
13	2	1278.181	371.0054	2
13	3	-30.02853	283.1078	0
14	1	1209.257	355.2049	2
14	2	1272.526	370.4642	2
14	3	-19.80118	282.4809	0
15	1	1198.981	353.3425	2
15	2	1266.592	369.8897	2
15	3	-8.510513	281.7476	0
16	1	1188.711	351.5048	2
16	2	1260.417	369.2853	2
16	3	3.701973	280.9241	0
17	1	1178.445	349.6902	2
17	2	1254.032	368.6541	2
17	3	7.779732	280.6274	0
18	1	1168.178	347.8972	2
18	2	1247.466	367.9991	2
18	3	13.74123	280.1857	0
19	1	1157.908	346.1248	2
19	2	1240.743	367.3226	2
19	3	21.33537	279.6194	0
20	1	1147.632	344.372	2
20	2	1233.885	366.627	2
20	3	30.34458	278.9469	0
21	1	1137.351	342.638	2
21	2	1226.909	365.9143	2
21	3	40.58041	278.1842	0
22	1	1127.062	340.9221	2
22	2	1219.832	365.1864	2
22	3	51.87935	277.3456	0
23	1	1116.765	339.2235	2
23	2	1212.667	364.445	2
23	3	64.09996	276.4437	0
24	1	1106.459	337.5418	2
24	2	1205.425	363.6917	2
24	3	68.17787	276.1495	0
25	1	1096.134	335.9312	2
25	2	1198.118	362.9279	2
25	3	74.14051	275.7229	0
26	1	1085.788	334.38	2
26	2	1190.753	362.1554	2
26	3	81.73664	275.183	0
27	1	1075.423	332.8785	2
27	2	1183.34	361.3756	2
27	3	90.74852	274.5466	0
28	1	1065.04	331.4191	2
28	2	1175.883	360.59	2
28	3	100.9875	273.8286	0
29	1	1054.642	329.9953	2
29	2	1168.389	359.8	2
29	3	112.2903	273.042	0
30	1	1044.229	328.6021	2
30	2	1160.862	359.0067	2
30	3	124.5151	272.1988	0
31	1	1033.812	327.2347	2
31	2	1151.542	358.4492	2
31	3	128.5945	271.9262	0
32	1	1023.404	325.8892	2
32	2	1140.667	358.0953	2
32	3	134.5594	271.5321	0
33	1	1013.015	324.5634	2
33	2	1128.447	357.9149	2
33	3	142.1639	271.0898	0
34	1	1002.656	323.2555	2
34	2	1123.998	358.0124	2
34	3	151.1895	270.6074	0
35	1	992.3431	321.9584	2
35	2	1117.371	357.6069	2
35	3	161.4469	270.0922	0
36	1	982.0779	321.2778	2
36	2	1108.856	356.7676	2
36	3	172.7718	269.5507	0
37	1	971.8546	321.0847	2
37	2	1098.68	356.1685	2
37	3	185.022	268.9888	0
38	1	961.6678	321.2792	2
38	2	1087.065	355.7801	2
38	3	189.1097	268.8231	0
39	1	951.5253	321.7776	2
39	2	1082.615	355.8572	2
39	3	195.0879	268.5902	0
40	1	941.4672	321.8936	2
40	2	1075.96	356.0596	2
40	3	202.7043	268.3005	0
41	1	931.5417	321.6765	2
41	2	1067.395	356.3711	2
41	3	211.741	267.9632	0
42	1	922.0643	321.1454	2
42	2	1057.174	356.7745	2
42	3	220.2321	267.7235	0
43	1	913.772	320.1864	2
43	2	1045.543	356.6402	2
43	3	228.2506	267.5692	0
44	1	907.2521	318.592	2
44	2	1041.152	356.1326	2
44	3	235.8595	267.489	0
45	1	903.0073	316.7925	2
45	2	1034.63	355.2036	2
45	3	243.1133	267.4735	0
46	1	900.9655	314.5612	2
46	2	1026.284	353.8493	2
46	3	250.0593	267.5143	0
47	1	902.6301	311.5331	2
47	2	1016.384	352.1168	2
47	3	256.7386	267.6043	0
48	1	906.9793	307.8375	2
48	2	1005.199	349.9876	2
48	3	263.1867	267.737	0
49	1	912.8976	303.8699	2
49	2	992.9041	347.3728	2
49	3	269.4344	267.907	0
50	1	919.3669	300.0004	2
50	2	988.7332	346.2241	2
50	3	275.5085	268.1095	0
51	1	925.6249	296.5016	2
51	2	982.5843	344.4467	2
51	3	281.4319	268.3403	0
52	1	931.2192	293.5177	2
52	2	974.7698	342.0911	2
52	3	287.2249	268.5957	0
53	1	935.9717	291.0938	2
53	2	965.5765	339.1985	2
53	3	292.9048	268.8726	0
54	1	939.788	289.1087	2
54	2	955.3275	335.9256	2
54	3	298.4868	269.1683	0
55	1	942.696	287.4444	2
55	2	944.2678	332.3821	2
55	3	303.9837	269.4803	0
56	1	944.7635	286.0125	2
56	2	940.5756	331.2573	2
56	3	309.407	269.8065	0
57	1	946.0822	284.7919	2
57	2	935.2911	329.6512	2
57	3	314.7665	270.145	0
58	1	947.7471	282.8691	2
58	2	928.7813	327.6	2
58	3	320.0706	270.4944	0
59	1	951.1978	279.3154	2
59	2	921.7415	325.1073	2
59	3	325.3268	270.8531	0
60	1	955.9763	274.9086	2
60	2	915.0035	321.9402	2
60	3	330.5415	271.2202	0
61	1	961.139	270.5007	2
61	2	909.207	318.047	2
61	3	335.7202	271.5943	0
62	1	966.3557	266.3374	2
62	2	904.8265	313.8944	2
62	3	340.8676	271.9747	0
63	1	971.3397	262.5883	2
63	2	903.6954	309.0011	2
63	3	345.9879	272.3605	0
64	1	975.7421	259.3741	2
64	2	905.2816	303.4234	2
64	3	351.0848	272.751	0
65	1	979.1674	256.7429	2
65	2	908.7055	297.3998	2
65	3	356.1613	273.1457	0
66	1	981.5549	254.6571	2
66	2	913.0977	291.2224	2
66	3	361.2202	273.5439	0
67	1	982.7501	252.954	2
67	2	917.7318	285.1651	2
67	3	366.264	273.9453	0
68	1	983.2977	251.2746	2
68	2	922.1051	279.4224	2
68	3	371.2944	274.3494	0
69	1	983.6604	249.2261	2
69	2	925.9642	274.0895	2
69	3	376.3134	274.7559	0
70	1	983.9155	246.8005	2
70	2	929.2382	269.1832	2
70	3	381.3224	275.1644	0
71	1	984.1237	243.9994	2
71	2	931.9657	264.6708	2
71	3	386.3228	275.5748	0
72	1	984.4634	240.7817	2
72	2	934.2036	260.5113	2
72	3	391.3157	275.9868	0
73	1	985.3036	236.8362	2
73	2	935.8737	256.7236	2
73	3	396.3022	276.4001	0
74	1	986.2308	232.5535	2
74	2	937.0364	253.261	2
74	3	401.283	276.8146	0
75	1	986.9004	228.3174	2
75	2	937.746	250.0841	2
75	3	406.2589	277.2302	0
76	1	986.9806	224.4493	2
76	2	938.0498	247.1589	2
76	3	411.2307	277.6467	0
77	1	986.55	220.9059	2
77	2	937.9883	244.4558	2
77	3	416.1988	278.064	0
78	1	985.3275	217.9781	2
78	2	937.5928	241.9522	2
78	3	421.1638	278.4819	0
79	1	983.7692	215.2424	2
79	2	936.8939	239.6245	2
79	3	426.1259	278.9005	0
80	1	981.5858	213.0158	2
80	2	935.9113	237.4588	2
80	3	431.0858	279.3196	0
81	1	978.8739	211.2273	2
81	2	934.6597	235.4453	2
81	3	436.0435	279.7391	0
82	1	975.7211	209.8119	2
82	2	933.1522	233.5741	2
82	3	440.9995	280.1591	0
82	4	-349.1586	541.3798	0
83	1	972.2065	208.7112	2
83	2	931.3965	231.8412	2
83	3	445.9538	280.5794	0
83	4	-347.9278	540.3695	0
84	1	968.4	207.8726	2
84	2	929.4014	230.2407	2
84	3	450.9069	281	0
84	4	-346.2018	538.9631	0
85	1	964.3634	207.2493	2
85	2	927.1733	228.7701	2
85	3	455.8588	281.4208	0
85	4	-344.0466	537.2248	0
86	1	960.1508	206.8	2
86	2	924.7177	227.428	2
86	3	460.8097	281.8419	0
86	4	-341.5196	535.213	0
87	1	955.8082	206.4891	2
87	2	922.0435	226.2082	2
87	3	465.7596	282.2632	0
87	4	-338.6698	532.9802	0
88	1	951.3751	206.2855	2
88	2	919.1589	225.1073	2
88	3	470.7089	282.6847	0
88	4	-335.5405	530.5735	0
89	1	946.8839	206.1633	2
89	2	916.073	224.1185	2
89	3	475.6576	283.1064	0
89	4	-332.1688	528.0349	0
90	1	942.3616	206.1009	2
90	2	912.796	223.2363	2
90	3	480.6056	283.5281	0
90	4	-328.5872	525.4012	0
91	1	937.8296	206.0806	2
91	2	909.3407	222.4503	2
91	3	485.5531	283.95	0
91	4	-324.8233	522.7052	0
92	1	933.3044	206.0884	2
92	2	905.7164	221.7544	2
92	3	490.5002	284.3719	0
92	4	-320.9016	519.975	0
92	5	1702.062	642.9055	3
93	1	928.7985	206.1138	2
93	2	901.7067	221.3971	2
93	3	495.4469	284.794	0
93	4	-316.8429	517.235	0
93	5	1702.047	642.3967	3
93	6	1702.048	642.3967	3
94	1	924.3167	206.1506	2
94	2	897.3607	221.3402	2
94	3	500.3933	285.2162	0
94	4	-312.6654	514.5061	0
94	5	1702.026	641.6336	3
94	6	1702.026	641.6336	3
95	1	919.8575	206.1965	2
95	2	892.744	221.5275	2
95	3	505.3394	285.6384	0
95	4	-308.3851	511.806	0
95	5	1701.998	640.6161	3
95	6	1701.998	640.6161	3
96	1	916.4467	204.2285	2
96	2	888.3303	221.6274	2
96	3	510.2834	286.0603	0
96	4	-304.0154	509.1491	0
96	5	1701.962	639.3442	3
96	6	1701.962	639.3442	3
97	1	914.7057	198.8438	2
97	2	884.1336	221.6015	2
97	3	515.2222	286.4811	0
97	4	-299.5683	506.5476	0
97	5	1701.918	637.8179	3
97	6	1701.918	637.8179	3
98	1	913.9031	191.4584	2
98	2	880.0355	221.3904	2
98	3	520.1516	286.8998	0
98	4	-295.0541	504.0111	0
98	5	1701.867	636.0374	3
98	6	1701.867	636.0374	3
99	1	913.554	182.9122	2
99	2	876.1087	220.9035	2
99	3	525.0669	287.3149	0
99	4	-290.4815	501.5472	0
99	5	1701.808	634.0023	3
99	6	1701.807	634.0024	3
100	1	912.8472	174.8478	2
100	2	872.4609	219.9896	2
100	3	529.963	287.7245	0
100	4	-285.8585	499.1619	0
100	5	1701.74	631.7131	3
100	6	1701.739	631.7131	3
101	1	911.6853	167.4196	2
101	2	869.0545	218.6732	2
101	3	534.8347	288.1267	0
101	4	-281.1915	496.859	0
101	5	1701.697	629.1706	3
101	6	1701.661	629.1695	3
102	1	910.1127	160.6155	2
102	2	865.8461	216.9914	2
102	3	539.6766	288.5194	0
102	4	-276.4865	494.6416	0
102	5	1701.683	626.3751	3
102	6	1701.572	626.3716	3
103	1	908.0079	154.758	2
103	2	862.7996	214.9874	2
103	3	544.4843	288.9007	0
103	4	-271.7485	492.5111	0
103	5	1701.697	623.3268	3
103	6	1701.47	623.3197	3
104	1	905.4418	149.7455	2
104	2	859.876	212.7071	2
104	3	549.2537	289.2692	0
104	4	-266.9818	490.4682	0
104	5	1701.743	620.026	3
104	6	1701.351	620.0138	3
105	1	902.6025	145.1653	2
105	2	857.0386	210.2036	2
105	3	553.9794	289.622	0
105	4	-262.1902	488.5126	0
105	5	1701.823	616.473	3
105	6	1701.212	616.4542	3
106	1	899.391	141.2919	2
106	2	854.2636	207.5157	2
106	3	558.6581	289.9579	0
106	4	-257.3772	486.6433	0
106	5	1701.939	612.6681	3
106	6	1701.047	612.6415	3
107	1	895.9706	137.7319	2
107	2	851.5256	204.6846	2
107	3	563.2875	290.2759	0
107	4	-252.5452	484.8588	0
107	5	1702.097	608.6121	3
107	6	1700.848	608.5765	3
108	1	892.3744	134.4453	2
108	2	848.8073	201.7303	2
108	3	567.8619	290.5728	0
108	4	-247.6971	483.1571	0
108	5	1702.299	604.3056	3
108	6	1700.607	604.2607	3
109	1	888.6078	131.4003	2
109	2	846.0925	198.6764	2
109	3	572.3795	290.8475	0
109	4	-242.8347	481.5358	0
109	5	1702.552	599.7498	3
109	6	1700.309	599.6969	3
110	1	884.7017	128.5563	2
110	2	843.3746	195.533	2
110	3	576.8389	291.0997	0
110	4	-237.9601	479.9922	0
110	5	1702.864	594.9465	3
110	6	1699.934	594.8901	3
111	1	880.6584	125.8842	2
111	2	840.6407	192.3201	2
111	3	581.2344	291.3252	0
111	4	-233.0748	478.5235	0
111	5	1703.246	589.8983	3
111	6	1697.783	586.054	3
112	1	876.5061	123.3448	2
112	2	837.8806	189.0516	2
112	3	585.5651	291.5238	0
112	4	-228.1803	477.1266	0
112	5	1704.614	581.5539	3
112	6	1693.622	575.2191	3
113	1	872.2441	120.9125	2
113	2	835.0851	185.7438	2
113	3	589.8253	291.6911	0
113	4	-223.2777	475.7986	0
113	5	1706.566	571.8521	3
113	6	1690.83	571.9571	3
114	1	867.973	118.2151	2
114	2	832.2515	182.4014	2
114	3	594.015	291.8272	0
114	4	-218.3681	474.536	0
114	5	1709.026	561.8332	3
114	6	1686.824	568.0309	3
115	1	863.6028	115.6169	2
115	2	829.3719	179.0369	2
115	3	598.1287	291.9273	0
115	4	-213.4524	473.3359	0
115	5	1711.608	551.5905	3
115	6	1682.61	563.958	3
116	1	859.2249	112.7292	2
116	2	826.4395	175.6617	2
116	3	602.1674	291.9921	0
116	4	-208.5314	472.1952	0
116	5	1714.229	541.0964	3
116	6	1678.309	559.6437	3
117	1	854.8132	109.579	2
117	2	823.4484	172.2844	2
117	3	606.126	292.0163	0
117	4	-203.6058	471.1107	0
117	5	1717.657	527.1313	3
117	6	1674.057	555.0829	3
118	1	850.3835	106.1776	2
118	2	820.3931	168.9193	2
118	3	610.0062	292.0009	0
118	4	-198.6762	470.0793	0
118	5	1718.044	523.6896	3
118	6	1669.887	550.3358	3
119	1	845.9095	102.5558	2
119	2	817.2729	165.5612	2
119	3	613.8027	291.9403	0
119	4	-193.7431	469.0982	0
119	5	1718.457	518.9802	3
119	6	1665.937	545.3844	3
120	1	841.3331	99.11871	2
120	2	814.0833	162.2124	2
120	3	617.5181	291.8362	0
120	4	-188.8069	468.1645	0
120	5	1718.773	513.4191	3
120	6	1662.181	540.3076	3
121	1	836.7128	95.45081	2
121	2	810.8209	158.8854	2
121	3	621.1263	291.6765	0
121	4	-183.8681	467.2755	0
121	5	1719.049	507.2491	3
121	6	1658.599	535.1698	3
122	1	832.0251	91.58759	2
122	2	807.4822	155.581	2
122	3	624.5562	291.4394	0
122	4	-178.927	466.4286	0
122	5	1718.519	501.4944	3
122	6	1655.169	530.0256	3
123	1	827.2383	87.9444	2
123	2	804.0652	152.3002	2
123	3	627.6936	291.0798	0
123	4	-173.9839	465.6214	0
123	5	1717.053	496.4008	3
123	6	1651.874	524.9207	3
124	1	822.3118	85.27698	2
124	2	800.5746	149.0463	2
124	3	630.4471	290.5608	0
124	4	-169.0391	464.8513	0
124	5	1714.772	491.9072	3
124	6	1648.698	519.8934	3
125	1	817.2708	83.45947	2
125	2	797.0114	145.8199	2
125	3	632.7285	289.8358	0
125	4	-164.0927	464.1163	0
125	5	1711.785	487.9553	3
125	6	1645.627	514.9752	3
126	1	812.1362	82.38165	2
126	2	793.3778	142.6294	2
126	3	634.491	288.8775	0
126	4	-159.145	463.4141	0
126	5	1708.184	484.4901	3
126	6	1642.65	510.1917	3
127	1	806.9251	81.94751	2
127	2	789.6757	139.475	2
127	3	635.7322	287.6682	0
127	4	-154.1962	462.7426	0
127	5	1704.047	481.4598	3
127	6	1639.757	505.5627	3
128	1	801.6517	82.07336	2
128	2	785.9076	136.3636	2
128	3	636.4767	286.213	0
128	4	-149.2463	462.1001	0
128	5	1699.445	478.8161	3
128	6	1636.939	501.1039	3
129	1	796.366	82.55432	2
129	2	782.0465	133.447	2
129	3	636.7968	284.5301	0
129	4	-144.2954	461.4847	0
129	5	1694.437	476.5144	3
129	6	1634.189	496.8267	3
130	1	791.0847	83.29706	2
130	2	778.0908	130.7559	2
130	3	636.7854	282.6592	0
130	4	-139.3439	460.8948	0
130	5	1689.075	474.5134	3
130	6	1631.5	492.739	3
131	1	785.8215	84.22009	2
131	2	774.0424	128.3206	2
131	3	636.5493	280.6499	0
131	4	-134.3916	460.3287	0
131	5	1683.405	472.7751	3
131	6	1628.728	488.8997	3
132	1	780.5872	85.25391	2
132	2	769.9034	126.1601	2
132	3	636.1985	278.5544	0
132	4	-129.4389	459.785	0
132	5	1677.59	471.2277	3
132	6	1625.838	485.3177	3
133	1	775.3897	86.34045	2
133	2	765.6804	124.2867	2
133	3	635.8278	276.4212	0
133	4	-124.4855	459.2623	0
133	5	1671.691	469.8353	3
133	6	1622.804	481.9967	3
134	1	770.2349	87.43262	2
134	2	761.3787	122.7068	2
134	3	635.5087	274.285	0
134	4	-119.5317	458.7592	0
134	5	1665.761	468.5679	3
134	6	1619.602	478.9352	3
135	1	765.1259	88.49341	2
135	2	757.0057	121.4243	2
135	3	635.3036	272.1827	0
135	4	-114.5776	458.2746	0
135	5	1659.843	467.401	3
135	6	1616.214	476.127	3
136	1	760.0663	89.49286	2
136	2	752.5688	120.4333	2
136	3	635.2549	270.1451	0
136	4	-109.623	457.8073	0
136	5	1653.971	466.3155	3
136	6	1612.629	473.562	3
137	1	755.058	90.40887	2
137	2	748.0771	119.7217	2
137	3	635.3818	268.1909	0
137	4	-104.668	457.3562	0
137	5	1648.172	465.2967	3
137	6	1608.841	471.2272	3
138	1	750.1013	91.22717	2
138	2	743.5107	119.6589	2
138	3	635.6953	266.3282	0
138	4	-99.71291	456.9203	0
138	5	1642.466	464.3337	3
138	6	1604.979	469.1877	3
139	1	745.1935	91.94519	2
139	2	738.8819	120.2153	2
139	3	636.1946	264.5648	0
139	4	-94.75761	456.4988	0
139	5	1636.865	463.4185	3
139	6	1601.044	467.4131	3
140	1	740.3296	92.57019	2
140	2	734.2048	121.3104	2
140	3	636.8687	262.902	0
140	4	-89.80194	456.0907	0
140	5	1631.379	462.5453	3
140	6	1597.042	465.8732	3
141	1	735.5029	93.11676	2
141	2	729.4916	122.8304	2
141	3	637.7119	261.3419	0
141	4	-84.84619	455.6952	0
141	5	1626.013	461.7097	3
141	6	1592.163	462.4847	3
142	1	730.7065	93.60431	2
142	2	724.7671	124.2961	2
142	3	638.6994	259.8716	0
142	4	-79.89029	455.3116	0
142	5	1620.76	460.9127	3
142	6	1587.208	458.8531	3
143	1	725.9342	94.04999	2
143	2	720.0335	125.6971	2
143	3	639.8164	258.4872	0
143	4	-74.93416	454.939	0
143	5	1615.609	460.1566	3
143	6	1580.164	455.9254	3
144	1	721.181	94.46863	2
144	2	715.2931	127.0221	2
144	3	641.0425	257.1802	0
144	4	-69.97795	454.577	0
144	5	1610.516	459.4384	3
144	6	1571.471	451.9632	3
145	1	716.4423	94.87262	2
145	2	710.5468	128.2656	2
145	3	642.3611	255.937	0
145	4	-65.02159	454.2248	0
145	5	1605.422	458.7472	3
145	6	1561.957	448.9146	3
146	1	711.7148	95.27191	2
146	2	705.795	129.4243	2
146	3	643.7558	254.7496	0
146	4	-60.06516	453.8819	0
146	5	1600.264	458.0664	3
146	6	1551.903	446.6451	3
147	1	706.9951	95.67413	2
147	2	701.0383	130.4967	2
147	3	645.2075	253.6061	0
147	4	-55.10864	453.5477	0
147	5	1594.984	457.38	3
147	6	1541.503	445.0252	3
148	1	702.2806	96.08508	2
148	2	696.276	131.4814	2
148	3	646.6995	252.4909	0
148	4	-50.15205	453.2217	0
148	5	1589.531	456.6757	3
148	6	1530.864	443.9378	3
149	1	697.569	96.50842	2
149	2	691.5076	132.3807	2
149	3	648.2224	251.3943	0
149	4	-45.19531	452.9034	0
149	5	1583.772	455.9267	3
149	6	1520.079	443.2892	3
150	1	692.8582	96.94629	2
150	2	686.7323	133.1979	2
150	3	649.7659	250.3074	0
150	4	-40.23857	452.5924	0
150	5	1577.746	455.1474	3
150	6	1509.333	443.0226	3
151	1	688.1463	97.39923	2
151	2	681.9489	133.9377	2
151	3	651.3174	249.2128	0
151	4	-35.28183	452.2882	0
151	5	1571.488	454.3515	3
151	6	1498.612	443.0549	3
152	1	683.4316	97.86688	2
152	2	677.1561	134.6066	2
152	3	652.8778	248.106	0
152	4	-30.32494	451.9904	0
152	5	1565.027	453.5508	3
152	6	1487.911	443.3184	3
153	1	678.7127	98.34778	2
153	2	672.3522	135.2107	2
153	3	654.4431	246.9793	0
153	4	-25.36812	451.6988	0
153	5	1558.388	452.756	3
153	6	1477.23	443.7583	3
154	1	673.988	98.84003	2
154	2	667.5352	135.7573	2
154	3	656.0102	245.82	0
154	4	-20.41115	451.4128	0
154	5	1551.595	451.976	3
154	6	1466.568	444.3301	3
155	1	669.256	99.34106	2
155	2	662.703	136.2538	2
155	3	657.5815	244.6249	0
155	4	-15.45425	451.1321	0
155	5	1544.668	451.2178	3
155	6	1455.926	444.9979	3
156	1	664.0608	98.28271	2
156	2	657.8547	136.6884	2
156	3	659.1655	243.389	0
156	4	-10.49728	450.8566	0
156	5	1537.623	450.4873	3
156	6	1445.306	445.733	3
157	1	658.4979	96.02795	2
157	2	652.9886	137.0352	2
157	3	660.7668	242.1039	0
157	4	-5.540237	450.5857	0
157	5	1530.477	449.7887	3
157	6	1434.71	446.5126	3
158	1	653.0248	94.2016	2
158	2	648.0653	137.178	2
158	3	662.3925	240.7662	0
158	4	-0.5831909	450.3193	0
158	5	1523.241	449.1253	3
158	6	1424.135	447.2628	3
159	1	647.6251	92.77429	2
159	2	643.0182	136.9723	2
159	3	664.0528	239.3694	0
159	4	4.373856	450.057	0
159	5	1515.929	448.4988	3
159	6	1413.583	447.9807	3
160	1	642.2858	91.71088	2
160	2	637.6957	136.1102	2
160	3	665.7594	237.9171	0
160	4	9.33094	449.7987	0
160	5	1508.549	447.9097	3
160	6	1403.059	448.6647	3
161	1	636.996	90.96765	2
161	2	632.1033	134.7258	2
161	3	667.5199	236.4084	0
161	4	14.28806	449.5439	0
161	5	1501.112	447.3578	3
161	6	1392.564	449.3143	3
162	1	631.7469	90.49603	2
162	2	626.2658	132.9719	2
162	3	669.348	234.8431	0
162	4	19.24522	449.2926	0
162	5	1493.624	446.8424	3
162	6	1382.097	449.9292	3
163	1	626.5314	90.24585	2
163	2	620.278	131.0745	2
163	3	671.2491	233.2212	0
163	4	24.20235	449.0443	0
163	5	1486.093	446.3622	3
163	6	1373.435	450.3597	3
164	1	621.3442	90.16943	2
164	2	614.4027	129.4475	2
164	3	673.2379	231.5483	0
164	4	29.15947	448.7989	0
164	5	1478.525	445.9154	3
164	6	1366.224	450.6384	3
164	7	-580.7036	101.6024	0
165	1	616.1817	90.22717	2
165	2	608.6219	128.0833	2
165	3	675.3203	229.8292	0
165	4	34.11667	448.5562	0
165	5	1470.924	445.5002	3
165	6	1360.174	450.7923	3
165	7	-579.4785	101.7586	0
166	1	611.0412	90.38684	2
166	2	602.92	126.9734	2
166	3	677.4998	228.0672	0
166	4	39.07387	448.3158	0
166	5	1463.295	445.1145	3
166	6	1355.047	450.8438	3
166	7	-577.7603	101.9778	0
167	1	605.921	90.6228	2
167	2	597.2833	126.1074	2
167	3	679.7864	226.2681	0
167	4	44.03103	448.0774	0
167	5	1455.642	444.7562	3
167	6	1350.656	450.811	3
167	7	-575.615	102.2515	0
168	1	600.8198	90.91553	2
168	2	591.7001	125.4736	2
168	3	682.1816	224.4353	0
168	4	48.98823	447.8409	0
168	5	1447.968	444.4234	3
168	6	1346.851	450.7085	3
168	7	-573.0994	102.5724	0
169	1	595.7366	91.25061	2
169	2	586.161	125.0592	2
169	3	684.6926	222.5745	0
169	4	53.94543	447.6059	0
169	5	1440.276	444.1145	3
169	6	1343.512	450.5481	3
169	7	-570.2628	102.9342	0
170	1	590.6708	91.61816	2
170	2	580.658	124.85	2
170	3	687.3284	220.7019	0
170	4	58.90259	447.3722	0
170	5	1432.568	443.8276	3
170	6	1340.544	450.3393	3
170	7	-567.1482	103.3315	0
171	1	585.6216	92.01233	2
171	2	575.1848	124.8313	2
171	3	690.0876	218.8246	0
171	4	63.85986	447.1397	0
171	5	1424.848	443.5616	3
171	6	1337.871	450.0896	3
171	7	-563.7924	103.7596	0
172	1	580.5884	92.42981	2
172	2	569.737	124.9876	2
172	3	692.9731	216.9529	0
172	4	68.81714	446.9083	0
172	5	1417.116	443.315	3
172	6	1335.433	449.8051	3
172	7	-560.2278	104.2142	0
173	1	575.5704	92.87018	2
173	2	564.3113	125.3033	2
173	3	695.9785	215.0863	0
173	4	73.77438	446.6777	0
173	5	1409.374	443.0869	3
173	6	1333.182	449.4903	3
173	7	-556.4821	104.6921	0
174	1	570.5667	93.33472	2
174	2	558.9056	125.7628	2
174	3	699.1042	213.2379	0
174	4	78.73161	446.4478	0
174	5	1401.624	442.8763	3
174	6	1331.079	449.1488	3
174	7	-552.5796	105.1899	0
175	1	565.5765	93.82593	2
175	2	553.5194	126.3505	2
175	3	702.3486	211.4149	0
175	4	83.68889	446.2187	0
175	5	1393.867	442.6829	3
175	6	1329.092	448.7832	3
175	7	-548.541	105.705	0
176	1	560.5992	94.34711	2
176	2	548.1526	127.0515	2
176	3	705.7014	209.6199	0
176	4	88.64613	445.9901	0
176	5	1386.104	442.506	3
176	6	1327.198	448.3952	3
176	7	-544.3845	106.2352	0
177	1	555.6339	94.90216	2
177	2	542.8062	127.8513	2
177	3	709.1604	207.8702	0
177	4	93.60336	445.7621	0
177	5	1378.336	442.3455	3
177	6	1325.174	448.0096	3
177	7	-540.126	106.7784	0
178	1	550.6804	95.49481	2
178	2	537.4816	128.7365	2
178	3	712.7202	206.1777	0
178	4	98.5606	445.5345	0
178	5	1370.741	442.1828	3
178	6	1322.97	447.634	3
178	7	-535.7789	107.333	0
179	1	545.738	96.12903	2
179	2	532.1809	129.6944	2
179	3	716.374	204.5577	0
179	4	103.5178	445.3073	0
179	5	1363.368	442.0113	3
179	6	1320.553	447.2749	3
179	7	-531.3552	107.8972	0
