4	1	1221.505	370.7166	2
4	2	1254.221	361.2986	2
4	3	98.54828	335.5255	0
5	1	1215.904	369.3738	2
5	2	1249.152	361.3946	2
5	3	103.0828	338.197	0
6	1	1209.855	368.7022	2
6	2	1246.277	360.8077	2
6	3	108.913	339.7902	0
7	1	1201.954	367.7327	2
7	2	1243.331	360.2923	2
7	3	115.8037	341.2094	0
8	1	1194.219	366.7079	2
8	2	1240.086	359.9335	2
8	3	124.4773	342.6277	0
9	1	1186.111	365.8445	2
9	2	1236.507	359.7238	2
9	3	128.9388	339.7435	0
10	1	1178.227	366.1054	2
10	2	1232.59	359.6131	2
10	3	132.8427	341.2802	0
11	1	1169.686	365.1009	2
11	2	1228.245	359.6058	2
11	3	137.9494	342.316	0
12	1	1161.12	364.4065	2
12	2	1223.605	359.5466	2
12	3	145.4766	342.782	0
13	1	1152.059	363.9437	2
13	2	1218.586	359.2845	2
13	3	154.118	342.7137	0
14	1	1142.731	363.3928	2
14	2	1212.169	358.6631	2
14	3	163.7646	341.7776	0
15	1	1133.518	362.4637	2
15	2	1206.784	357.9789	2
15	3	174.5172	340.1942	0
16	1	1124.658	361.1029	2
16	2	1201.749	357.3192	2
16	3	178.8456	337.0219	0
17	1	1115.922	360.1244	2
17	2	1197.795	358.6789	2
17	3	183.4005	336.7473	0
18	1	1107.187	359.2782	2
18	2	1192.705	358.3632	2
18	3	188.9459	336.4375	0
19	1	1098.701	358.0788	2
19	2	1187.076	358.554	2
19	3	196.5799	336.156	0
20	1	1089.4	356.9081	2
20	2	1181.162	359.0935	2
20	3	205.612	335.7169	0
21	1	1080.349	355.8722	2
21	2	1174.541	359.569	2
21	3	215.3154	335.3469	0
22	1	1071.626	355.0751	2
22	2	1167.897	359.4277	2
22	3	225.6174	334.9125	0
23	1	1063.532	355.1847	2
23	2	1161.412	358.5989	2
23	3	229.7997	331.9019	0
24	1	1055.258	354.303	2
24	2	1155.486	357.1623	2
24	3	234.4707	332.2415	0
25	1	1047.049	353.8205	2
25	2	1149.272	356.5135	2
25	3	239.5532	332.6715	0
26	1	1038.368	353.639	2
26	2	1142.7	356.3575	2
26	3	246.8959	333.1469	0
27	1	1029.412	353.3182	2
27	2	1136.37	355.9572	2
27	3	254.9017	333.1707	0
28	1	1020.506	352.6089	2
28	2	1129.409	355.3382	2
28	3	264.0753	333.1638	0
29	1	1011.962	351.5459	2
29	2	1122.119	354.5959	2
29	3	274.3268	333.1891	0
30	1	1003.506	350.8911	2
30	2	1115.709	353.7998	2
30	3	279.8856	328.1732	0
31	1	995.0828	350.2988	2
31	2	1107.396	355.0012	2
31	3	283.9205	330.582	0
32	1	986.809	349.3444	2
32	2	1097.955	355.8449	2
32	3	289.337	330.1208	0
33	1	977.8085	348.4525	2
33	2	1093.836	354.4159	2
33	3	296.5544	328.7281	0
34	1	969.1572	347.7155	2
34	2	1089.709	355.4605	2
34	3	304.5629	328.4566	0
35	1	960.804	347.311	2
35	2	1083.234	356.3076	2
35	3	313.5735	327.7636	0
36	1	953.26	348.0177	2
36	2	1074.21	356.538	2
36	3	323.7979	327.2056	0
37	1	945.7084	348.1675	2
37	2	1064.229	356.8384	2
37	3	329.1415	324.6535	0
38	1	938.3001	348.8726	2
38	2	1060.255	355.1079	2
38	3	333.9037	325.2522	0
39	1	930.5596	350.0153	2
39	2	1054.704	356.7516	2
39	3	339.6555	325.4366	0
40	1	922.4149	350.5394	2
40	2	1048.161	356.4595	2
40	3	346.3483	325.2383	0
41	1	914.2859	350.4088	2
41	2	1040.166	356.6312	2
41	3	353.9555	325.4661	0
42	1	906.9612	349.603	2
42	2	1030.749	357.7069	2
42	3	360.1481	325.5349	0
43	1	900.9117	348.7018	2
43	2	1026.675	356.6234	2
43	3	365.9409	325.7649	0
44	1	896.2584	347.5452	2
44	2	1020.899	356.1967	2
44	3	371.5701	325.9915	0
45	1	893.2341	346.3654	2
45	2	1014.247	355.7606	2
45	3	377.3287	326.9931	0
46	1	891.329	344.687	2
46	2	1004.98	354.6976	2
46	3	382.7548	326.5099	0
47	1	893.0267	342.4602	2
47	2	995.1056	353.6921	2
47	3	388.0089	325.4745	0
48	1	896.9554	341.9948	2
48	2	984.3952	353.0942	2
48	3	393.0586	323.6521	0
49	1	901.2878	339.3223	2
49	2	980.1891	351.082	2
49	3	397.6095	323.2979	0
50	1	905.6688	336.3863	2
50	2	975.0933	351.0267	2
50	3	402.338	323.0828	0
51	1	908.2142	333.0938	2
51	2	969.0973	350.2355	2
51	3	407.1946	323.1615	0
52	1	911.4821	331.0086	2
52	2	960.895	349.4131	2
52	3	412.3222	323.3224	0
53	1	914.0447	329.385	2
53	2	951.5582	348.317	2
53	3	417.0047	323.4114	0
54	1	916.2196	328.0582	2
54	2	941.0927	346.9167	2
54	3	421.4712	323.2582	0
55	1	917.8424	326.9516	2
55	2	936.3709	343.9826	2
55	3	425.2119	323.1573	0
56	1	918.8754	326.0035	2
56	2	931.5602	344.5758	2
56	3	429.0133	323.409	0
57	1	919.5626	325.0884	2
57	2	926.0105	343.7158	2
57	3	432.9899	323.9761	0
58	1	919.7211	324.1804	2
58	2	919.9379	341.4135	2
58	3	437.0224	324.6739	0
59	1	921.0842	322.5067	2
59	2	913.5388	339.7832	2
59	3	440.8518	325.1176	0
60	1	923.8762	319.9275	2
60	2	907.5018	338.038	2
60	3	444.9357	325.6253	0
61	1	927.572	317.0174	2
61	2	902.6937	335.6881	2
61	3	449.1055	326.676	0
62	1	930.9887	314.6674	2
62	2	899.0452	333.1899	2
62	3	453.1852	326.8099	0
63	1	933.826	313.057	2
63	2	898.4139	330.1269	2
63	3	457.3018	326.5056	0
64	1	936.1198	311.7561	2
64	2	899.9759	327.1388	2
64	3	461.3925	325.9831	0
65	1	937.7742	310.1888	2
65	2	901.5415	322.8263	2
65	3	465.5302	324.7024	0
66	1	938.7614	308.6935	2
66	2	901.7343	318.4132	2
66	3	469.3365	324.2701	0
67	1	938.2742	306.8441	2
67	2	903.9481	314.8101	2
67	3	473.2029	324.2256	0
68	1	937.8784	306.0976	2
68	2	905.2127	311.5024	2
68	3	477.1668	324.2332	0
69	1	937.472	305.1025	2
69	2	905.8884	308.7492	2
69	3	481.1374	324.3282	0
70	1	937.6281	304.3605	2
70	2	906.4819	306.1902	2
70	3	485.2554	324.5604	0
71	1	937.2705	303.0199	2
71	2	907.4553	303.5632	2
71	3	489.551	324.7253	0
72	1	936.9659	301.42	2
72	2	908.3332	300.9088	2
72	3	493.623	324.9552	0
73	1	937.0862	299.4527	2
73	2	908.9505	298.4378	2
73	3	497.6751	325.021	0
74	1	936.9241	297.005	2
74	2	909.2123	296.3849	2
74	3	501.7062	325.0207	0
75	1	936.217	294.511	2
75	2	909.0791	294.687	2
75	3	505.2381	325.0691	0
76	1	934.6339	292.399	2
76	2	908.5839	293.1841	2
76	3	508.8651	325.2697	0
77	1	932.7061	290.6433	2
77	2	907.8472	291.9805	2
77	3	512.5461	325.7882	0
78	1	930.9126	289.302	2
78	2	906.8916	290.8748	2
78	3	516.2891	326.4046	0
79	1	929.0667	288.0272	2
79	2	905.7651	289.8804	2
79	3	520.0389	327.0048	0
80	1	926.8806	287.2169	2
80	2	904.3992	289.113	2
80	3	523.7106	327.3773	0
82	1	921.9702	286.4076	2
82	2	901.5618	287.4642	2
82	3	531.702	328.9811	0
82	4	-318.6424	544.5791	0
83	1	919.306	286.2901	2
83	2	899.8163	286.7502	2
83	3	535.6709	329.0828	0
83	4	-316.2862	543.5167	0
84	1	916.4584	286.2971	2
84	2	898.0228	286.1303	2
84	3	539.732	328.87	0
84	4	-313.0061	542.0405	0
85	1	913.4236	286.4021	2
85	2	896.1127	285.523	2
85	3	543.7598	328.4713	0
85	4	-307.4656	540.4861	0
86	1	910.2253	286.5552	2
86	2	893.9757	284.9727	2
86	3	547.7069	327.385	0
86	4	-302.4341	538.6821	0
87	1	906.9952	286.6234	2
87	2	891.683	284.4515	2
87	3	551.5082	326.8003	0
87	4	-296.7956	536.7962	0
88	1	903.755	286.6757	2
88	2	889.209	283.9562	2
88	3	555.3102	326.7628	0
88	4	-290.5933	534.7954	0
89	1	900.4467	286.5566	2
89	2	886.5762	283.4539	2
89	3	559.1675	326.7714	0
89	4	-284.3459	532.7026	0
90	1	897.106	286.1997	2
90	2	883.9281	282.9944	2
90	3	563.0319	326.847	0
90	4	-278.0514	530.4535	0
93	1	887.7173	285.6584	2
93	2	875.0397	281.7833	2
93	3	575.2996	327.4913	0
93	4	-256.7133	523.8633	0
93	5	1810.037	570.4798	3
93	6	1860.191	556.7602	3
94	1	884.521	285.8163	2
94	2	872.03	282.3343	2
94	3	579.3401	327.6023	0
94	4	-250.2898	520.7896	0
94	5	1809.013	569.6867	3
94	6	1859.131	555.9631	3
95	1	881.2994	286.0509	2
95	2	869.1076	283.1711	2
95	3	583.4419	327.6277	0
95	4	-243.8692	517.4661	0
95	5	1807.655	568.6399	3
95	6	1857.726	554.9056	3
96	1	878.4106	284.7538	2
96	2	866.0373	283.1229	2
96	3	587.3251	327.6597	0
96	4	-237.2325	513.1681	0
96	5	1805.959	567.342	3
96	6	1855.966	553.5838	3
97	1	876.7588	282.0784	2
97	2	863.0103	283.2315	2
97	3	590.9794	327.7449	0
97	4	-231.0356	509.8792	0
97	5	1803.935	565.7917	3
97	6	1853.836	551.9979	3
98	1	875.1663	278.2701	2
98	2	859.9536	283.3886	2
98	3	594.6025	328.2242	0
98	4	-224.411	507.2595	0
98	5	1801.589	563.9919	3
98	6	1851.342	550.1463	3
99	1	873.2786	273.6536	2
99	2	856.9034	283.419	2
99	3	598.3203	328.7585	0
99	4	-217.2705	504.6697	0
99	5	1798.917	561.9413	3
99	6	1848.481	548.0363	3
100	1	870.9879	269.4264	2
100	2	853.8526	283.1282	2
100	3	602.0532	329.3762	0
100	4	-209.9163	502.2425	0
100	5	1795.923	559.6461	3
100	6	1845.28	545.6796	3
101	1	867.4596	266.0872	2
101	2	850.8212	282.5925	2
101	3	605.6771	329.8026	0
101	4	-202.1619	499.931	0
101	5	1792.176	557.2897	3
101	6	1840.854	542.376	3
102	1	865.1333	262.9509	2
102	2	847.7957	281.8367	2
102	3	609.4525	330.1643	0
102	4	-194.4681	497.6172	0
102	5	1788.572	554.5421	3
102	6	1836.868	539.6129	3
103	1	862.2921	260.7442	2
103	2	844.8572	280.8439	2
103	3	613.3385	330.8655	0
103	4	-187.4969	495.5076	0
103	5	1784.865	551.5558	3
103	6	1832.43	536.7196	3
104	1	859.301	259.1407	2
104	2	842.1008	279.6624	2
104	3	617.2737	331.5511	0
104	4	-181.0899	493.3659	0
104	5	1781.057	548.2874	3
104	6	1827.503	533.6065	3
105	1	856.1492	257.3887	2
105	2	839.4196	278.3592	2
105	3	621.1432	331.4356	0
105	4	-175.6272	491.477	0
105	5	1777.118	544.6768	3
105	6	1822.394	530.3629	3
106	1	853.2397	255.807	2
106	2	836.7969	276.8373	2
106	3	625.048	331.159	0
106	4	-170.7309	489.9518	0
106	5	1772.964	540.8085	3
106	6	1817.318	526.8589	3
107	1	850.2551	254.264	2
107	2	834.274	275.0505	2
107	3	628.8175	330.7427	0
107	4	-164.9686	488.906	0
107	5	1768.331	536.8225	3
107	6	1811.617	522.9977	3
108	1	847.283	252.5543	2
108	2	831.9557	273.1334	2
108	3	632.3616	329.7927	0
108	4	-158.7076	487.9269	0
108	5	1762.692	532.7979	3
108	6	1805.521	518.9152	3
109	1	844.4341	250.7826	2
109	2	829.7981	271.3276	2
109	3	635.8392	329.135	0
109	4	-152.2958	487.0717	0
109	5	1757.225	528.5155	3
109	6	1799.06	514.5314	3
110	1	841.6356	249.2601	2
110	2	827.5288	269.6737	2
110	3	639.2828	329.0137	0
110	4	-146.5324	486.0695	0
110	5	1752.068	524.0921	3
110	6	1792.956	509.7392	3
111	1	838.6892	248.1405	2
111	2	825.2066	268.2124	2
111	3	642.6832	328.9072	0
111	4	-140.3236	485.1712	0
111	5	1746.179	519.6297	3
111	6	1774.007	498.7214	3
112	1	835.5719	247.2101	2
112	2	822.8004	266.8293	2
112	3	646.0547	328.8157	0
112	4	-133.9684	484.963	0
112	5	1735.042	511.2992	3
112	6	1766.579	491.9979	3
113	1	832.3589	246.4444	2
113	2	820.3254	265.5096	2
113	3	649.3246	328.7519	0
113	4	-128.2562	483.757	0
113	5	1724.007	502.0234	3
113	6	1756.576	488.8307	3
114	1	829.2085	245.4695	2
114	2	817.8898	264.16	2
114	3	652.6135	328.7307	0
114	4	-122.8584	482.1003	0
114	5	1714.385	493.0023	3
114	6	1748.603	486.4833	3
115	1	825.9344	244.438	2
115	2	815.4539	262.6486	2
115	3	655.9321	328.7007	0
115	4	-117.3694	480.1978	0
115	5	1705.667	483.8531	3
115	6	1740.075	483.4487	3
116	1	822.5894	243.1964	2
116	2	812.8619	261.0951	2
116	3	659.241	328.6126	0
116	4	-111.2497	477.2173	0
116	5	1697.758	475.1174	3
116	6	1730.089	480.6795	3
117	1	819.2084	241.7038	2
117	2	810.3464	259.5022	2
117	3	662.3949	328.5552	0
117	4	-105.9146	475.3118	0
117	5	1692.112	465.3539	3
117	6	1719.071	477.4783	3
118	1	815.7227	239.7991	2
118	2	807.7328	257.8167	2
118	3	665.4772	328.3963	0
118	4	-100.452	474.0901	0
118	5	1688.595	462.3737	3
118	6	1707.945	473.4355	3
119	1	811.9813	238.3029	2
119	2	805.0031	255.9427	2
119	3	668.5452	328.1824	0
119	4	-94.55696	472.8732	0
119	5	1683.875	458.8339	3
119	6	1698.156	468.7287	3
120	1	808.1237	237.3141	2
120	2	802.1857	254.0065	2
120	3	671.5995	327.932	0
120	4	-88.51044	471.7587	0
120	5	1677.977	455.0755	3
120	6	1690.164	462.9041	3
121	1	804.5724	235.8743	2
121	2	799.2002	252.4345	2
121	3	674.484	327.6666	0
121	4	-82.24907	470.8156	0
121	5	1672.017	450.5563	3
121	6	1683.507	457.9631	3
122	1	800.7533	234.757	2
122	2	795.7886	251.4848	2
122	3	676.9952	327.3943	0
122	4	-75.81009	469.7887	0
122	5	1665.712	446.3325	3
122	6	1675.137	454.0633	3
123	1	796.8879	233.8825	2
123	2	792.886	250.0396	2
123	3	679.2994	327.0192	0
123	4	-69.98299	469.0455	0
123	5	1659.198	442.0361	3
123	6	1666.314	450.6077	3
124	1	793.1395	233.2842	2
124	2	789.9908	248.6553	2
124	3	681.1714	326.6595	0
124	4	-64.48891	468.1707	0
124	5	1652.903	438.1288	3
124	6	1658.62	446.9041	3
125	1	789.6674	232.7238	2
125	2	786.9473	247.5256	2
125	3	681.9622	325.7128	0
125	4	-59.52942	467.345	0
125	5	1646.588	434.9277	3
125	6	1649.854	442.7622	3
126	1	786.2256	232.1725	2
126	2	783.8271	246.5759	2
126	3	682.9135	325.0811	0
126	4	-55.49309	466.7724	0
126	5	1640.53	433.1282	3
126	6	1642.291	438.4626	3
127	1	782.8806	231.5404	2
127	2	780.6314	245.6542	2
127	3	683.2731	324.3913	0
127	4	-51.13701	466.2789	0
127	5	1635.039	431.7199	3
127	6	1635.969	434.005	3
128	1	779.6967	231.2562	2
128	2	777.272	244.6706	2
128	3	683.1785	323.7126	0
128	4	-46.20834	466.1693	0
128	5	1629.218	430.1804	3
128	6	1629.713	430.5515	3
129	1	776.4136	231.5206	2
129	2	774.0536	243.5713	2
129	3	682.8958	322.9927	0
129	4	-40.93948	466.1064	0
129	5	1623.07	429.3038	3
129	6	1623.313	428.4674	3
130	1	773.0724	232.1109	2
130	2	770.9329	242.4893	2
130	3	682.5378	322.1335	0
130	4	-35.59143	466.0679	0
130	5	1616.601	428.8978	3
130	6	1617.948	425.2615	3
131	1	769.7527	232.7805	2
131	2	767.8149	241.2553	2
131	3	682.1144	321.1195	0
131	4	-30.70663	465.8215	0
131	5	1609.485	428.4537	3
131	6	1612.057	422.645	3
132	1	766.4517	233.2901	2
132	2	764.7317	239.8171	2
132	3	681.6558	319.9867	0
132	4	-25.39215	465.7423	0
132	5	1602.701	427.6121	3
132	6	1606.023	420.4991	3
133	1	762.8571	233.8287	2
133	2	761.9923	238.5971	2
133	3	681.1995	318.7825	0
133	4	-20.02052	466.2872	0
133	5	1596.533	426.3163	3
133	6	1600.132	418.7202	3
134	1	759.2676	234.2559	2
134	2	759.0805	237.7371	2
134	3	680.8043	317.5384	0
134	4	-15.00832	465.8513	0
134	5	1591.155	424.4753	3
134	6	1594.24	417.1085	3
135	1	755.9034	234.492	2
135	2	756.1378	237.3272	2
135	3	680.5277	316.2773	0
135	4	-10.18097	464.9603	0
135	5	1585.333	423.3152	3
135	6	1588.295	415.6257	3
136	1	752.6235	234.7407	2
136	2	753.0977	237.1631	2
136	3	680.4068	315.0214	0
136	4	-5.256271	463.8216	0
136	5	1578.913	422.7397	3
136	6	1582.502	414.1744	3
137	1	749.7834	235.5585	2
137	2	749.9951	237.194	2
137	3	680.4546	313.7942	0
137	4	0.2833557	461.6587	0
137	5	1572.609	422.2696	3
137	6	1577.05	412.802	3
138	1	746.9166	236.2088	2
138	2	747.0016	237.4921	2
138	3	680.6973	312.6106	0
138	4	5.359077	460.0048	0
138	5	1566.515	421.5714	3
138	6	1572.156	411.4532	3
139	1	743.8191	236.5332	2
139	2	743.9396	237.9162	2
139	3	681.1298	311.4868	0
139	4	10.21183	459.2999	0
139	5	1559.392	420.5531	3
139	6	1567.535	409.9557	3
140	1	740.7397	237.0507	2
140	2	740.5936	238.5912	2
140	3	681.7343	310.4418	0
140	4	15.46082	458.5789	0
140	5	1554.414	419.7607	3
140	6	1563.193	408.3303	3
141	1	737.6622	237.6712	2
141	2	736.9612	239.3739	2
141	3	682.5109	309.4825	0
141	4	20.92163	457.8981	0
141	5	1549.949	419.0087	3
141	6	1554.773	404.3217	3
142	1	734.5377	238.2907	2
142	2	733.7406	239.8678	2
142	3	683.4004	308.6176	0
142	4	26.54392	457.3618	0
142	5	1546.404	419.3855	3
142	6	1546.923	401.7658	3
143	1	731.2997	238.8846	2
143	2	730.4625	240.1851	2
143	3	684.3943	307.8341	0
143	4	32.41035	456.8007	0
143	5	1542.925	419.6596	3
143	6	1536.062	400.8219	3
144	1	728.0057	239.3305	2
144	2	727.4	240.7451	2
144	3	685.4633	307.1226	0
144	4	37.88559	456.4403	0
144	5	1538.468	419.3192	3
144	6	1523.069	397.7609	3
145	1	724.7961	239.643	2
145	2	724.8578	242.0089	2
145	3	686.5818	306.4642	0
145	4	43.05492	455.9583	0
145	5	1533.832	419.3387	3
145	6	1510.291	395.5782	3
146	1	721.5532	239.7874	2
146	2	721.9261	242.5804	2
146	3	687.7452	305.8567	0
146	4	47.86724	455.4614	0
146	5	1529	419.5593	3
146	6	1499.125	394.2307	3
147	1	718.2431	239.6471	2
147	2	718.8002	243.1516	2
147	3	688.9261	305.291	0
147	4	52.03411	455.0972	0
147	5	1523.654	419.7908	3
147	6	1489.213	393.9123	3
148	1	715.1785	239.3824	2
148	2	715.6725	243.9557	2
148	3	690.108	304.7511	0
148	4	55.92781	454.823	0
148	5	1517.862	419.8969	3
148	6	1480.996	395.0269	3
149	1	712.11	239.3011	2
149	2	712.5406	244.8686	2
149	3	691.2898	304.2279	0
149	4	60.36858	454.9225	0
149	5	1511.913	419.6375	3
149	6	1472.317	394.9348	3
150	1	709.0754	239.5114	2
150	2	709.2706	245.7729	2
150	3	692.4554	303.7031	0
150	4	65.2169	455.041	0
150	5	1506.075	418.4596	3
150	6	1464.506	395.6226	3
151	1	706.0057	239.8637	2
151	2	705.8013	246.6342	2
151	3	693.5877	303.1483	0
151	4	70.26257	455.2566	0
151	5	1500.674	417.0366	3
151	6	1455.555	396.9554	3
152	1	702.9113	240.3033	2
152	2	702.2793	247.2014	2
152	3	694.7015	302.5531	0
152	4	74.99454	455.3026	0
152	5	1494.286	416.3775	3
152	6	1446.034	398.0144	3
153	1	699.8813	240.6528	2
153	2	698.8174	247.598	2
153	3	695.7849	301.9111	0
153	4	79.84669	455.2848	0
153	5	1487.373	416.1261	3
153	6	1436.693	398.4861	3
154	1	696.7609	240.9364	2
154	2	695.2393	247.6578	2
154	3	696.9036	301.2186	0
154	4	84.89098	455.7932	0
154	5	1480.834	415.6892	3
154	6	1427.92	398.5694	3
155	1	693.4823	241.2136	2
155	2	691.6135	247.2975	2
155	3	698.0268	300.4927	0
155	4	89.86588	456.1174	0
155	5	1473.452	415.0587	3
155	6	1419.011	399.249	3
156	1	689.936	240.5286	2
156	2	688.3672	246.8908	2
156	3	699.1377	299.7375	0
156	4	94.58405	455.5031	0
156	5	1465.947	414.3163	3
156	6	1410.273	399.8643	3
157	1	686.0902	239.1105	2
157	2	685.0811	246.8474	2
157	3	700.2326	298.9484	0
157	4	99.29646	454.6532	0
157	5	1459.764	413.6613	3
157	6	1401.713	399.9849	3
158	1	682.097	238.3402	2
158	2	681.683	246.9768	2
158	3	701.3245	298.1284	0
158	4	104.3141	453.2023	0
158	5	1454.507	414.2016	3
158	6	1391.022	400.1857	3
159	1	678.2513	238.5016	2
159	2	678.1904	247.1404	2
159	3	702.4206	297.2768	0
159	4	109.6601	450.9913	0
159	5	1449.264	414.5575	3
159	6	1382.16	400.7252	3
160	1	674.7844	238.0862	2
160	2	674.6222	246.9392	2
160	3	703.5395	296.4075	0
160	4	114.1202	450.4147	0
160	5	1443.101	414.559	3
160	6	1374.412	402.2166	3
161	1	671.311	238.1651	2
161	2	670.7556	246.356	2
161	3	704.6906	295.5099	0
161	4	118.998	449.8393	0
161	5	1436.778	415.0018	3
161	6	1367.372	403.7502	3
162	1	667.8918	238.5128	2
162	2	666.4233	245.3543	2
162	3	705.884	294.5926	0
162	4	124.1645	449.2574	0
162	5	1429.808	415.5156	3
162	6	1359.725	404.438	3
164	1	660.7679	239.3351	2
164	2	657.4196	243.1902	2
164	3	708.1866	292.8619	0
164	4	134.8759	448.4227	0
164	5	1415.768	415.3405	3
164	6	1350.281	406.9204	3
164	7	-195.3858	250.569	0
165	1	657.2427	239.5464	2
165	2	653.2048	243.6414	2
165	3	709.5159	291.9445	0
165	4	140.3708	448.0347	0
165	5	1409.288	414.3493	3
165	6	1345.296	407.6057	3
165	7	-194.4465	250.5619	0
166	1	653.6846	239.577	2
166	2	649.4475	243.1732	2
166	3	710.9418	290.992	0
166	4	145.4466	447.7341	0
166	5	1402.68	413.8344	3
166	6	1341.385	407.1799	3
166	7	-193.1887	250.5751	0
167	1	650.0522	239.2365	2
167	2	645.6085	243.4658	2
167	3	712.4696	289.9778	0
167	4	150.3278	447.3223	0
167	5	1395.66	413.804	3
167	6	1338.002	406.2764	3
167	7	-191.6541	250.6075	0
168	1	646.7775	238.8427	2
168	2	641.7556	244.0316	2
168	3	714.131	289.0107	0
168	4	154.8513	446.9584	0
168	5	1388.751	413.7149	3
168	6	1335.184	405.4868	3
168	7	-189.0685	250.8422	0
169	1	643.5034	238.8289	2
169	2	637.6369	244.5894	2
169	3	715.8562	288.0139	0
169	4	158.6348	446.7554	0
169	5	1381.663	413.406	3
169	6	1332.626	404.9464	3
169	7	-186.836	250.9804	0
170	1	640.2154	239.0961	2
170	2	633.6406	244.7769	2
170	3	717.7245	286.9721	0
170	4	162.8567	446.7026	0
170	5	1373.74	412.9613	3
170	6	1330.087	404.6182	3
170	7	-184.3621	251.1685	0
171	1	636.9357	239.5299	2
171	2	629.6343	244.6624	2
171	3	719.7699	285.8849	0
171	4	167.4446	446.8796	0
171	5	1367.27	412.6689	3
171	6	1327.619	404.4131	3
171	7	-181.6613	251.3985	0
172	1	633.7124	239.8994	2
172	2	625.5815	243.9455	2
172	3	722.0122	284.7571	0
172	4	172.2399	447.1412	0
172	5	1361.524	413.15	3
172	6	1325.269	404.2244	3
172	7	-178.776	251.5985	0
173	1	630.4083	240.1573	2
173	2	622.0269	243.3655	2
173	3	724.3624	283.6465	0
173	4	177.0039	447.3531	0
173	5	1356.389	414.0831	3
173	6	1324.503	404.478	3
173	7	-176.0001	251.8813	0
174	1	626.9413	240.4166	2
174	2	618.5143	243.5461	2
174	3	726.6505	282.6591	0
174	4	181.5334	447.3509	0
174	5	1350.248	414.233	3
174	6	1322.333	404.2481	3
174	7	-173.1899	252.1028	0
175	1	623.4127	240.6008	2
175	2	614.9554	244.1414	2
175	3	729.0294	281.6856	0
175	4	186.4553	447.6227	0
175	5	1344.036	414.8663	3
175	6	1320.25	404.0024	3
175	7	-170.4264	252.2712	0
176	1	619.9393	240.6752	2
176	2	611.4198	244.79	2
176	3	731.3803	280.9646	0
176	4	191.4544	448.4	0
176	5	1337.245	415.6165	3
176	6	1318.235	403.7407	3
176	7	-167.876	252.3731	0
177	1	616.438	240.7233	2
177	2	607.766	245.2213	2
177	3	733.8168	280.2494	0
177	4	196.1663	448.012	0
177	5	1330.136	416.0767	3
177	6	1316.223	403.5362	3
177	7	-165.6591	252.4474	0
178	1	613.1619	241.2003	2
178	2	603.7903	245.6744	2
178	3	736.2686	279.6547	0
178	4	200.849	447.3034	0
178	5	1323.514	416.0758	3
178	6	1314.082	403.3565	3
178	7	-163.5541	252.5413	0
179	1	609.8309	241.5758	2
179	2	600.0596	246.2288	2
179	3	738.814	278.7799	0
179	4	205.6325	446.9559	0
179	5	1317.232	416.1697	3
179	6	1311.8	403.1987	3
179	7	-160.5873	252.7201	0
