4	1	1510.146	420.181	2
4	2	1561.339	396.4764	2
4	3	-111.6711	353.6922	0
5	1	1500.715	416.8878	2
5	2	1552.77	397.2091	2
5	3	-108.6029	355.8982	0
6	1	1489.51	417.2373	2
6	2	1547.535	396.3784	2
6	3	-102.8939	356.9769	0
7	1	1475.305	416.8564	2
7	2	1542.269	395.6374	2
7	3	-95.37941	358.216	0
8	1	1461.89	415.5684	2
8	2	1536.625	395.1924	2
8	3	-85.08461	360.0468	0
9	1	1448.18	414.3232	2
9	2	1530.518	395.0639	2
9	3	-77.85042	355.5435	0
10	1	1435.921	414.4384	2
10	2	1523.932	395.1229	2
10	3	-73.70193	357.684	0
11	1	1421.391	413.159	2
11	2	1516.689	395.4362	2
11	3	-67.50412	359.3625	0
12	1	1407.206	412.1685	2
12	2	1508.905	395.7211	2
12	3	-57.72675	360.3341	0
13	1	1392.385	411.6446	2
13	2	1500.365	395.6848	2
13	3	-46.09322	360.6587	0
14	1	1377.047	411.1418	2
14	2	1488.953	395.683	2
14	3	-32.45285	360.0377	0
15	1	1361.693	410.066	2
15	2	1479.748	394.6581	2
15	3	-16.41083	359.426	0
16	1	1346.651	408.3964	2
16	2	1471.422	393.2037	2
16	3	-9.312057	354.5022	0
17	1	1332.1	407.3592	2
17	2	1466.864	394.0359	2
17	3	-2.801208	354.7453	0
18	1	1317.704	406.5106	2
18	2	1458.593	393.3137	2
18	3	5.100098	355.0653	0
19	1	1303.575	405.0582	2
19	2	1449.77	393.508	2
19	3	15.80849	355.5777	0
20	1	1288.115	403.9946	2
20	2	1440.733	394.2748	2
20	3	28.45364	355.9206	0
21	1	1273.323	402.8479	2
21	2	1430.459	395.05	2
21	3	41.83239	356.1936	0
22	1	1259.37	401.7401	2
22	2	1419.655	394.9759	2
22	3	55.92777	356.2141	0
23	1	1247.075	401.6095	2
23	2	1408.708	393.7142	2
23	3	62.68089	351.6696	0
24	1	1233.841	400.3789	2
24	2	1398.231	391.5792	2
24	3	68.79086	352.4074	0
25	1	1221.028	399.5624	2
25	2	1387.754	390.8983	2
25	3	75.32623	353.1392	0
26	1	1207.621	399.3435	2
26	2	1377.012	391.093	2
26	3	85.13836	354.4932	0
27	1	1193.697	399.0788	2
27	2	1366.551	390.8411	2
27	3	95.97328	355.0996	0
28	1	1179.706	398.228	2
28	2	1354.915	390.393	2
28	3	108.306	355.5576	0
29	1	1166.131	396.9098	2
29	2	1342.676	389.8549	2
29	3	122.1251	356.1894	0
30	1	1152.912	396.2498	2
30	2	1332.206	388.4372	2
30	3	131.994	349.8843	0
31	1	1139.823	395.6568	2
31	2	1320.259	389.5073	2
31	3	136.0129	352.7565	0
32	1	1126.87	394.4586	2
32	2	1306.161	390.3522	2
32	3	143.6258	352.6436	0
33	1	1112.79	393.7423	2
33	2	1299.651	386.3759	2
33	3	154.301	351.8326	0
34	1	1099.47	392.8363	2
34	2	1293.897	387.7507	2
34	3	165.2672	352.0534	0
35	1	1086.84	392.1449	2
35	2	1284.182	389.1807	2
35	3	177.827	351.9022	0
36	1	1076.012	392.4819	2
36	2	1270.073	389.8058	2
36	3	191.9908	352.0741	0
37	1	1064.911	392.1975	2
37	2	1254.623	390.3151	2
37	3	199.8575	348.2285	0
38	1	1054.279	392.4947	2
38	2	1248.094	386.1388	2
38	3	206.3723	350.0276	0
39	1	1043.276	393.4995	2
39	2	1240.205	388.9448	2
39	3	214.1421	350.8157	0
40	1	1031.361	393.977	2
40	2	1229.884	388.4165	2
40	3	222.9544	350.3294	0
41	1	1019.238	393.598	2
41	2	1217.54	388.6556	2
41	3	233.0365	350.8749	0
42	1	1008.088	392.3907	2
42	2	1203.455	390.2731	2
42	3	241.2953	351.1615	0
43	1	998.7891	391.2766	2
43	2	1197.295	386.6376	2
43	3	248.9537	351.6189	0
44	1	991.4424	390.1735	2
44	2	1187.617	387.4321	2
44	3	256.3457	351.9344	0
45	1	986.551	388.882	2
45	2	1176.804	387.6804	2
45	3	263.6104	353.195	0
46	1	983.1536	387.0389	2
46	2	1161.651	387.1689	2
46	3	270.9696	352.4865	0
47	1	984.7484	385.3324	2
47	2	1145.879	386.0934	2
47	3	278.3923	351.2943	0
48	1	990.1346	386.0497	2
48	2	1129.1	385.5543	2
48	3	286.0438	349.6703	0
49	1	995.417	383.7493	2
49	2	1122.329	380.7838	2
49	3	292.2448	349.2879	0
50	1	1000.671	381.008	2
50	2	1114.36	381.2811	2
50	3	298.7811	349.4539	0
51	1	1003.053	378.1059	2
51	2	1104.726	380.73	2
51	3	305.4297	350.1019	0
52	1	1006.996	376.0412	2
52	2	1091.692	380.4181	2
52	3	312.3674	350.7377	0
53	1	1010.031	374.6918	2
53	2	1076.891	379.739	2
53	3	318.6098	350.9413	0
54	1	1012.608	373.6442	2
54	2	1060.309	378.8306	2
54	3	324.4896	350.4171	0
55	1	1014.485	372.7284	2
55	2	1052.336	373.8016	2
55	3	329.2908	349.6897	0
56	1	1015.581	371.9053	2
56	2	1045.138	375.5197	2
56	3	334.1966	349.7556	0
57	1	1016.254	370.7992	2
57	2	1036.376	375.0023	2
57	3	339.353	350.5148	0
58	1	1016.001	370.5407	2
58	2	1026.388	372.4232	2
58	3	344.5982	351.5677	0
59	1	1017.094	369.9546	2
59	2	1016.132	371.1572	2
59	3	349.6139	352.1783	0
60	1	1019.927	368.1924	2
60	2	1006.378	370.0394	2
60	3	354.9439	352.8277	0
61	1	1024.022	365.5051	2
61	2	998.2899	368.2052	2
61	3	360.2059	354.0714	0
62	1	1027.935	363.2941	2
62	2	991.8873	366.3529	2
62	3	365.614	354.1165	0
63	1	1031.224	362.1816	2
63	2	989.7419	363.8892	2
63	3	371.167	353.4995	0
64	1	1033.843	361.4367	2
64	2	990.8348	361.4689	2
64	3	376.8115	352.7936	0
65	1	1035.5	360.1585	2
65	2	991.4688	357.6328	2
65	3	382.918	351.7183	0
66	1	1036.276	358.7784	2
66	2	990.0184	354.1458	2
66	3	388.1701	351.201	0
67	1	1034.896	356.7544	2
67	2	991.8069	351.1973	2
67	3	393.4143	351.2188	0
68	1	1034.012	356.1713	2
68	2	992.3057	348.7239	2
68	3	398.8346	351.4793	0
69	1	1033.006	355.3987	2
69	2	992.1252	347.0146	2
69	3	404.2632	351.9148	0
70	1	1032.787	355.3697	2
70	2	991.8943	345.5297	2
70	3	409.8554	352.5144	0
71	1	1031.667	354.511	2
71	2	992.265	343.4753	2
71	3	415.6881	352.9631	0
72	1	1030.526	353.3985	2
72	2	992.5361	341.1445	2
72	3	421.1567	353.3244	0
73	1	1029.823	352.0157	2
73	2	992.5316	338.8492	2
73	3	426.6036	353.3452	0
74	1	1028.578	350.0336	2
74	2	992.1756	336.9666	2
74	3	431.9611	352.9983	0
75	1	1026.583	347.9458	2
75	2	991.384	335.4857	2
75	3	436.6066	352.6022	0
76	1	1023.546	346.1939	2
76	2	990.1466	334.2704	2
76	3	441.4105	352.5997	0
77	1	1020.191	344.7557	2
77	2	988.6693	333.4109	2
77	3	446.2906	353.2357	0
78	1	1017.208	343.6082	2
78	2	986.9287	332.637	2
78	3	451.2766	354.1227	0
79	1	1014.176	342.5953	2
79	2	984.9958	331.9615	2
79	3	456.2866	355.0031	0
80	1	1010.868	341.9562	2
80	2	982.8748	331.1301	2
80	3	461.2107	355.4674	0
82	1	1003.835	341.3932	2
82	2	978.3733	329.9137	2
82	3	471.7764	357.4053	0
82	4	-1157.075	541.5944	0
83	1	1000.142	341.373	2
83	2	975.6342	329.9308	2
83	3	477.1545	357.4084	0
83	4	-1149.623	540.2878	0
84	1	996.2451	341.4715	2
84	2	972.9456	329.5372	2
84	3	482.6972	356.9069	0
84	4	-1139.296	538.4812	0
85	1	992.1271	341.6669	2
85	2	970.1135	329.1133	2
85	3	488.2661	356.3117	0
85	4	-1124.48	536.9868	0
86	1	987.8126	341.858	2
86	2	966.9898	328.7684	2
86	3	493.9709	355.3793	0
86	4	-1109.929	535.0612	0
87	1	983.4325	341.9447	2
87	2	963.6647	328.4749	2
87	3	499.3039	354.7563	0
87	4	-1093.94	533.2143	0
88	1	979.0468	341.9463	2
88	2	960.099	328.2538	2
88	3	504.5246	354.7374	0
88	4	-1076.6	531.3485	0
89	1	974.5311	341.6911	2
89	2	956.3248	328.0053	2
89	3	509.8563	354.9549	0
89	4	-1059.163	529.2976	0
90	1	969.9158	341.1149	2
90	2	952.5733	327.6256	2
90	3	515.2097	355.3506	0
90	4	-1041.592	526.8897	0
93	1	957.0612	340.2347	2
93	2	940.169	326.2566	2
93	3	532.1052	356.8513	0
93	4	-985.7671	520.2851	0
93	5	3344.702	734.9125	3
93	6	3492.377	677.514	3
94	1	952.7655	340.4333	2
94	2	936.2592	326.5396	2
94	3	537.649	357.0019	0
94	4	-967.3932	516.1401	0
94	5	3337.078	733.082	3
94	6	3484.16	675.7955	3
95	1	948.4528	340.7468	2
95	2	932.5565	326.9584	2
95	3	543.2449	356.7971	0
95	4	-948.448	511.7319	0
95	5	3327.044	730.6771	3
95	6	3473.323	673.5239	3
96	1	944.1414	339.7798	2
96	2	928.3951	326.6924	2
96	3	548.5033	356.3801	0
96	4	-926.1237	506.4824	0
96	5	3314.646	727.7106	3
96	6	3459.846	670.7014	3
97	1	941.0306	338.3286	2
97	2	924.3212	326.685	2
97	3	553.466	356.13	0
97	4	-907.7689	502.3622	0
97	5	3299.946	724.1921	3
97	6	3443.747	667.3384	3
98	1	937.7031	335.9582	2
98	2	920.209	326.8136	2
98	3	558.3988	356.6597	0
98	4	-890.1627	499.4528	0
98	5	3283.025	720.1416	3
98	6	3425.102	663.4434	3
99	1	933.8445	332.5536	2
99	2	916.0673	326.8921	2
99	3	563.4896	357.3997	0
99	4	-871.4161	496.9713	0
99	5	3263.933	715.5699	3
99	6	3404.007	659.0502	3
100	1	929.6381	329.2195	2
100	2	911.8411	326.7412	2
100	3	568.6147	358.3261	0
100	4	-852.6227	494.8983	0
100	5	3242.777	710.5074	3
100	6	3380.688	654.1985	3
101	1	924.0817	326.6154	2
101	2	907.5801	326.4413	2
101	3	573.6022	358.9274	0
101	4	-833.5255	493.0728	0
101	5	3216.909	706.2474	3
101	6	3347.485	647.9028	3
102	1	920.2048	324.1622	2
102	2	903.2795	325.9884	2
102	3	578.8041	359.3947	0
102	4	-814.9913	491.0326	0
102	5	3191.5	700.5714	3
102	6	3319.774	642.5662	3
103	1	915.9003	322.6264	2
103	2	899.0503	325.3466	2
103	3	584.1311	360.2643	0
103	4	-798.6145	488.9511	0
103	5	3165.164	694.3776	3
103	6	3290.158	637.1625	3
104	1	911.5569	321.7338	2
104	2	895.0355	324.5595	2
104	3	589.5297	361.0567	0
104	4	-783.8154	486.3539	0
104	5	3137.828	687.5608	3
104	6	3258.214	631.4938	3
105	1	906.9933	320.696	2
105	2	891.1111	323.6467	2
105	3	594.9058	360.7793	0
105	4	-771.8586	483.5533	0
105	5	3109.063	680.0619	3
105	6	3225.595	625.6639	3
106	1	902.8273	319.5916	2
106	2	887.2364	322.5032	2
106	3	600.339	360.2443	0
106	4	-761.4778	481.3201	0
106	5	3079.084	672.1084	3
106	6	3192.635	619.2819	3
107	1	898.5967	318.4658	2
107	2	883.4618	321.0562	2
107	3	605.6198	359.6954	0
107	4	-749.8074	480.4695	0
107	5	3047.75	664.0767	3
107	6	3156.554	612.428	3
108	1	894.3762	317.0686	2
108	2	879.955	319.451	2
108	3	610.6775	358.8755	0
108	4	-737.1091	480.0333	0
108	5	3014.16	656.119	3
108	6	3118.531	605.4977	3
109	1	890.3281	315.5288	2
109	2	876.7009	317.9642	2
109	3	615.5885	358.2274	0
109	4	-724.2841	479.904	0
109	5	2980.603	647.7456	3
109	6	3078.489	598.3256	3
110	1	886.411	314.2353	2
110	2	873.3335	316.7518	2
110	3	620.3954	358.0923	0
110	4	-712.6721	479.2105	0
110	5	2947.549	639.3843	3
110	6	3040.048	589.8315	3
111	1	882.3835	313.4852	2
111	2	869.9381	315.8546	2
111	3	625.1598	358.1082	0
111	4	-700.5554	478.7159	0
111	5	2912.685	631.3096	3
111	6	2941.345	571.5912	3
112	1	878.1821	312.9657	2
112	2	866.457	315.0881	2
112	3	629.8956	358.2359	0
112	4	-689.5122	479.2343	0
112	5	2847.615	617.3359	3
112	6	2901.648	557.0121	3
113	1	873.8971	312.6553	2
113	2	862.908	314.4385	2
113	3	634.4915	358.4246	0
113	4	-678.1318	477.9134	0
113	5	2782.216	601.9263	3
113	6	2861.974	553.045	3
114	1	869.6652	312.1612	2
114	2	859.4229	313.7164	2
114	3	639.1123	358.6651	0
114	4	-666.8666	475.6196	0
114	5	2723.889	587.4027	3
114	6	2833.874	549.0739	3
115	1	865.285	311.5258	2
115	2	855.9302	312.7466	2
115	3	643.7743	358.8857	0
115	4	-654.8517	473.1384	0
115	5	2669.901	572.897	3
115	6	2801.576	544.3003	3
116	1	860.7778	310.9248	2
116	2	852.2357	311.8338	2
116	3	648.4196	358.982	0
116	4	-639.1515	469.8061	0
116	5	2621.201	559.471	3
116	6	2766.36	540.5388	3
117	1	856.2078	309.9847	2
117	2	848.6449	311.0066	2
117	3	652.8397	359.0399	0
117	4	-627.257	467.5336	0
117	5	2579.132	542.9704	3
117	6	2727.253	536.3829	3
118	1	851.4749	308.3825	2
118	2	844.9382	309.916	2
118	3	657.1608	358.9463	0
118	4	-616.3007	466.326	0
118	5	2561.127	538.9619	3
118	6	2686.022	530.7223	3
119	1	846.5084	307.0945	2
119	2	841.0798	308.4394	2
119	3	661.4564	358.7134	0
119	4	-604.3497	465.4387	0
119	5	2538.794	534.3099	3
119	6	2647.218	523.6115	3
120	1	841.4955	306.1617	2
120	2	837.1203	306.8366	2
120	3	665.7252	358.3462	0
120	4	-592.2082	464.842	0
120	5	2513.117	529.7211	3
120	6	2610.887	514.0906	3
121	1	836.7994	305.172	2
121	2	833.0159	305.5683	2
121	3	669.7531	357.9135	0
121	4	-580.0247	464.5283	0
121	5	2485.993	523.7742	3
121	6	2580.729	506.2981	3
122	1	831.8246	304.6261	2
122	2	828.4696	304.789	2
122	3	673.2635	357.5191	0
122	4	-567.5743	464.0144	0
122	5	2459.378	518.4342	3
122	6	2548.789	501.3497	3
123	1	826.8408	304.3361	2
123	2	824.521	303.633	2
123	3	676.4954	357.1204	0
123	4	-556.9066	463.5947	0
123	5	2433.623	512.4208	3
123	6	2517.177	497.5156	3
124	1	822.0621	304.0844	2
124	2	820.6002	302.6727	2
124	3	679.1318	356.875	0
124	4	-546.8429	462.7387	0
124	5	2410.385	506.6602	3
124	6	2488.528	492.8721	3
125	1	817.6498	303.6599	2
125	2	816.5344	302.0217	2
125	3	680.2628	356.0021	0
125	4	-538.2508	461.4677	0
125	5	2389.352	501.9506	3
125	6	2456.106	488.1378	3
126	1	813.2897	303.0606	2
126	2	812.4053	301.588	2
126	3	681.6168	355.5351	0
126	4	-531.7991	460.2557	0
126	5	2372.721	499.2799	3
126	6	2427.559	482.4365	3
127	1	809.0502	302.246	2
127	2	808.1946	301.2289	2
127	3	682.1442	355.0116	0
127	4	-524.6415	459.4544	0
127	5	2358.479	497.086	3
127	6	2402.907	475.7165	3
128	1	805.0561	301.7514	2
128	2	803.7816	300.8207	2
128	3	682.0364	354.489	0
128	4	-516.6144	459.7219	0
128	5	2343.057	494.9022	3
128	6	2381.244	470.6362	3
129	1	800.9972	301.9625	2
129	2	799.5513	300.2101	2
129	3	681.6681	353.933	0
129	4	-507.8788	460.29	0
129	5	2328.491	493.8502	3
129	6	2363.079	467.5665	3
130	1	796.8985	302.5323	2
130	2	795.4628	299.4967	2
130	3	681.2008	353.2707	0
130	4	-498.9999	460.9471	0
130	5	2314.282	493.6362	3
130	6	2343.93	463.1776	3
131	1	792.8325	303.161	2
131	2	791.3765	298.5097	2
131	3	680.6498	352.4916	0
131	4	-490.8334	461.0169	0
131	5	2298.812	493.3384	3
131	6	2325.069	459.9195	3
132	1	788.772	303.5199	2
132	2	787.3285	297.209	2
132	3	680.0559	351.6251	0
132	4	-482.2088	461.3864	0
132	5	2283.417	492.2467	3
132	6	2307.131	457.4537	3
133	1	784.3452	304.0054	2
133	2	783.7491	296.0683	2
133	3	679.4699	350.7066	0
133	4	-474.4479	462.6347	0
133	5	2268.808	490.0864	3
133	6	2290.488	455.54	3
134	1	779.9128	304.3098	2
134	2	779.994	295.3264	2
134	3	678.972	349.7626	0
134	4	-466.0708	462.1971	0
134	5	2254.908	486.8842	3
134	6	2274.36	453.8791	3
135	1	775.7427	304.1468	2
135	2	776.2471	295.1412	2
135	3	678.6403	348.8118	0
135	4	-457.6128	460.8317	0
135	5	2241.154	485.1388	3
135	6	2258.588	452.3792	3
136	1	771.6757	303.958	2
136	2	772.4033	295.1917	2
136	3	678.5241	347.8712	0
136	4	-448.5251	459.2313	0
136	5	2227.081	484.6429	3
136	6	2243.451	450.8105	3
137	1	768.1973	304.284	2
137	2	768.5004	295.4319	2
137	3	678.6393	346.9591	0
137	4	-436.3074	456.8566	0
137	5	2213.474	484.3345	3
137	6	2229.381	449.2558	3
138	1	764.6674	304.4872	2
138	2	764.7554	295.7537	2
138	3	679.0204	346.0866	0
138	4	-425.8843	454.9298	0
138	5	2200.063	483.5136	3
138	6	2216.855	447.4804	3
139	1	760.8245	304.5721	2
139	2	760.9308	296.0622	2
139	3	679.6582	345.2649	0
139	4	-417.3123	454.2209	0
139	5	2183.726	482.4943	3
139	6	2204.84	445.3118	3
140	1	757.016	304.9081	2
140	2	756.7642	296.6569	2
140	3	680.5269	344.5069	0
140	4	-407.8034	453.8009	0
140	5	2173.084	480.9767	3
140	6	2193.333	442.8267	3
141	1	753.2144	305.3902	2
141	2	752.2412	297.3962	2
141	3	681.6253	343.816	0
141	4	-397.8567	453.6206	0
141	5	2163.771	479.3273	3
141	6	2167.976	438.0135	3
142	1	749.3517	305.9079	2
142	2	748.2059	297.4618	2
142	3	682.8724	343.1984	0
142	4	-387.8351	453.6924	0
142	5	2158.536	479.3291	3
142	6	2146.663	435.554	3
143	1	745.3429	306.4128	2
143	2	744.0807	297.2383	2
143	3	684.2566	342.6443	0
143	4	-377.4547	453.7056	0
143	5	2153.161	479.2193	3
143	6	2122.947	435.5489	3
144	1	741.2531	306.7514	2
144	2	740.2358	297.2497	2
144	3	685.7383	342.1451	0
144	4	-368.2217	453.7334	0
144	5	2144.253	478.5487	3
144	6	2091.643	432.3979	3
145	1	737.2595	306.9388	2
145	2	737.0714	297.8431	2
145	3	687.2834	341.6846	0
145	4	-359.4863	453.3986	0
145	5	2135.578	478.5429	3
145	6	2062.876	430.4087	3
146	1	733.2136	306.9038	2
146	2	733.381	297.9387	2
146	3	688.886	341.2635	0
146	4	-351.6791	452.6417	0
146	5	2126.815	478.9368	3
146	6	2039.903	428.6475	3
147	1	729.0701	306.5302	2
147	2	729.4467	298.2027	2
147	3	690.509	340.8755	0
147	4	-345.4167	451.6726	0
147	5	2116.977	479.4548	3
147	6	2021.712	427.8286	3
148	1	725.2302	306.0452	2
148	2	725.5175	298.766	2
148	3	692.1307	340.5078	0
148	4	-339.5668	450.9388	0
148	5	2106.107	479.7519	3
148	6	2009.478	428.7018	3
149	1	721.3958	305.782	2
149	2	721.5837	299.496	2
149	3	693.7501	340.153	0
149	4	-332.837	451.2713	0
149	5	2094.361	479.416	3
149	6	1994.239	427.9317	3
150	1	717.6201	305.9478	2
150	2	717.4713	300.2691	2
150	3	695.3452	339.7936	0
150	4	-325.2527	451.8926	0
150	5	2081.613	477.2923	3
150	6	1982.188	428.0041	3
151	1	713.8059	306.2783	2
151	2	713.0995	300.9912	2
151	3	696.8931	339.4083	0
151	4	-317.3267	452.8184	0
151	5	2069.296	474.792	3
151	6	1968.661	429.442	3
152	1	709.9636	306.7245	2
152	2	708.6493	301.4291	2
152	3	698.4144	338.9947	0
152	4	-309.8315	453.3233	0
152	5	2055.98	473.9719	3
152	6	1953.424	430.674	3
153	1	706.1953	307.026	2
153	2	704.2659	301.6452	2
153	3	699.8931	338.5493	0
153	4	-302.1666	453.6403	0
153	5	2042.235	473.9718	3
153	6	1937.814	430.7998	3
154	1	702.3101	307.2236	2
154	2	699.7238	301.4417	2
154	3	701.4178	338.0719	0
154	4	-294.8318	454.739	0
154	5	2029.121	473.4945	3
154	6	1922.61	430.3643	3
155	1	698.2324	307.4954	2
155	2	695.1138	300.7558	2
155	3	702.9464	337.5725	0
155	4	-287.496	455.4364	0
155	5	2014.033	472.8311	3
155	6	1907.807	431.0986	3
156	1	693.8474	307.2993	2
156	2	690.9906	300.0842	2
156	3	704.4557	337.0525	0
156	4	-279.675	454.4925	0
156	5	1998.68	471.9206	3
156	6	1893.303	431.6451	3
157	1	689.0822	306.127	2
157	2	686.8347	299.9654	2
157	3	705.9409	336.509	0
157	4	-271.6416	453.1473	0
157	5	1986.739	470.4407	3
157	6	1878.64	431.1844	3
158	1	684.1216	305.2161	2
158	2	682.5507	300.174	2
158	3	707.4189	335.9443	0
158	4	-261.9659	451.4471	0
158	5	1978.724	470.5901	3
158	6	1859.479	431.6617	3
159	1	679.332	305.0368	2
159	2	678.163	300.5923	2
159	3	708.8995	335.3574	0
159	4	-250.5855	449.0461	0
159	5	1970.349	470.5216	3
159	6	1845.025	431.7043	3
160	1	675.0408	304.5882	2
160	2	673.6996	300.7981	2
160	3	710.4078	334.7609	0
160	4	-243.1103	448.3071	0
160	5	1959.298	470.2808	3
160	6	1834.21	432.873	3
161	1	670.7434	304.6682	2
161	2	668.8824	300.7197	2
161	3	711.9562	334.1455	0
161	4	-234.6915	447.922	0
161	5	1948.6	470.7913	3
161	6	1824.808	433.9837	3
162	1	666.5111	305.0262	2
162	2	663.5187	300.4142	2
162	3	713.5577	333.5165	0
162	4	-225.6171	447.7751	0
162	5	1936.685	471.5483	3
162	6	1812.921	433.9878	3
164	1	657.6863	305.841	2
164	2	652.2664	297.9998	2
164	3	716.6586	332.7437	0
164	4	-207.151	448.123	0
164	5	1911.057	470.9666	3
164	6	1800.789	436.1357	3
164	7	-371.4351	287.3936	0
165	1	653.3176	305.9881	2
165	2	646.92	297.8962	2
165	3	718.4365	332.2237	0
165	4	-197.8876	448.1888	0
165	5	1898.099	469.0632	3
165	6	1792.839	437.0407	3
165	7	-370.359	287.4028	0
166	1	648.9044	305.8569	2
166	2	642.2303	297.3599	2
166	3	720.3393	331.686	0
166	4	-189.5564	448.1518	0
166	5	1885.41	468.1577	3
166	6	1785.724	435.7742	3
166	7	-368.9462	287.4295	0
167	1	644.4058	305.2726	2
167	2	637.424	297.7002	2
167	3	722.3716	331.0887	0
167	4	-181.6412	447.6781	0
167	5	1872.5	468.2322	3
167	6	1778.936	433.7593	3
167	7	-367.2441	287.4697	0
168	1	640.3561	304.6551	2
168	2	632.5941	298.3742	2
168	3	724.5776	330.5179	0
168	4	-174.7057	446.8181	0
168	5	1859.763	468.1821	3
168	6	1773.133	432.1519	3
168	7	-364.3339	287.9445	0
169	1	636.3079	304.5434	2
169	2	627.4278	299.0117	2
169	3	726.8621	329.9099	0
169	4	-169.1644	446.0591	0
169	5	1846.482	467.7177	3
169	6	1768.004	431.0873	3
169	7	-361.8607	288.1799	0
170	1	632.2404	304.7961	2
170	2	622.4265	299.2118	2
170	3	729.3289	329.2366	0
170	4	-162.7728	445.9145	0
170	5	1831.289	467.3033	3
170	6	1763.074	430.4925	3
170	7	-359.1509	288.4751	0
171	1	628.1807	305.2675	2
171	2	617.4082	298.9127	2
171	3	732.0218	328.4722	0
171	4	-155.733	446.4893	0
171	5	1819.716	466.3421	3
171	6	1758.31	430.2383	3
171	7	-356.2161	288.8185	0
172	1	624.1873	305.627	2
172	2	612.3539	297.8452	2
172	3	734.9653	327.5967	0
172	4	-148.279	447.4035	0
172	5	1810.733	466.3648	3
172	6	1753.785	430.0088	3
172	7	-353.0557	289.1203	0
173	1	620.0917	305.8102	2
173	2	607.9235	296.9609	2
173	3	738.0437	326.6718	0
173	4	-140.8267	448.234	0
173	5	1803.58	466.9641	3
173	6	1753.158	429.9113	3
173	7	-350.1447	289.4433	0
174	1	615.808	306.0933	2
174	2	603.5336	297.1335	2
174	3	741.0386	325.8492	0
174	4	-133.708	448.514	0
174	5	1793.097	466.8067	3
174	6	1748.917	429.6062	3
174	7	-347.158	289.683	0
175	1	611.4508	306.2771	2
175	2	599.0664	297.8123	2
175	3	744.1503	325.1045	0
175	4	-126.2124	449.2513	0
175	5	1783.107	467.4455	3
175	6	1744.806	429.289	3
175	7	-344.238	289.7978	0
176	1	607.1329	306.0775	2
176	2	594.6193	298.5268	2
176	3	747.2366	324.7242	0
176	4	-119.1335	450.6698	0
176	5	1772.073	468.435	3
176	6	1740.792	428.9584	3
176	7	-341.6123	289.7156	0
177	1	602.7723	305.7798	2
177	2	590.0184	298.8676	2
177	3	750.4323	324.3854	0
177	4	-111.5208	450.1615	0
177	5	1760.057	468.9934	3
177	6	1736.885	428.6874	3
177	7	-339.4338	289.4949	0
178	1	598.6483	305.8687	2
178	2	585.0414	299.4151	2
178	3	753.6517	324.2158	0
178	4	-103.8002	448.9872	0
178	5	1748.453	468.675	3
178	6	1732.796	428.4397	3
178	7	-337.3779	289.3152	0
179	1	594.4907	306.0575	2
179	2	580.3022	299.7042	2
179	3	756.9686	323.6606	0
179	4	-95.92987	448.7785	0
179	5	1737.541	468.5656	3
179	6	1728.502	428.2086	3
179	7	-334.213	289.4581	0
