2	1	0.5110524	0.5700002	-20.71497	0.4959938	1.999385	-20.69328	2
3	1	0.5114691	0.5700002	-20.69898	0.501259	1.999645	-20.67873	2
3	2	0.5074216	0.5700002	-20.8543	0.4976974	2.183891	-20.88657	2
4	1	0.5141176	0.5700002	-20.59727	0.4975708	1.981841	-20.55989	2
4	2	0.5041638	0.5700002	-20.97931	0.4803633	2.171011	-21.03093	2
4	3	0.5115281	0.5700002	-20.69676	0.5010033	2.080629	-20.67375	2
5	1	0.5179594	0.5700002	-20.44974	0.4990028	1.962305	-20.38856	2
5	2	0.5010031	0.5700002	-21.10059	0.4584675	2.170378	-21.15781	2
5	3	0.5117194	0.5700002	-20.68947	0.5003499	2.080537	-20.66446	2
5	4	2.703062	0.5700002	13.46386	2.721636	1.92373	13.4239	3
6	1	0.5222255	0.5700002	-20.2859	0.4996389	1.956261	-20.21543	2
6	2	0.4982574	0.5700002	-21.20595	0.4546179	2.185197	-21.25711	2
6	3	0.5119897	0.5700002	-20.67915	0.4999643	2.0805	-20.65332	2
6	4	2.701813	0.5700002	13.35308	2.726322	1.919698	13.31431	3
6	5	2.708614	0.5700002	13.9567	2.664558	2.24986	13.98012	3
7	1	0.5264536	0.5700002	-20.12353	0.4974696	1.950843	-20.0513	2
7	2	0.4961396	0.5700002	-21.28721	0.4667961	2.204488	-21.33502	2
7	3	0.512489	0.5700002	-20.66005	0.4996467	2.080457	-20.6334	2
7	4	2.700675	0.5700002	13.25206	2.734265	1.914838	13.22121	3
7	5	2.70873	0.5700002	13.96702	2.664574	2.249866	13.99024	3
8	1	0.5303555	0.5700002	-19.97369	0.495907	1.949383	-19.90603	2
8	2	0.4945589	0.5700002	-21.34785	0.4790529	2.215626	-21.39113	2
8	3	0.5131895	0.5700002	-20.63322	0.4998834	2.080438	-20.60617	2
8	4	2.699641	0.5700002	13.16034	2.734787	1.915298	13.12977	3
8	5	2.708672	0.5700002	13.96186	2.752843	2.249859	13.93868	3
9	1	0.5337804	0.5700002	-19.84217	0.4956427	1.948116	-19.7833	2
9	2	0.493612	0.5700002	-21.38418	0.5114526	2.23549	-21.40946	2
9	3	0.5141117	0.5700002	-20.59788	0.5003726	2.08042	-20.57049	2
9	4	2.698704	0.5700002	13.0772	2.734389	1.916733	13.04648	3
9	5	2.708458	0.5700002	13.94292	2.752626	2.249851	13.91977	3
10	1	0.5367902	0.5700002	-19.7266	0.4957739	1.946693	-19.67564	2
10	2	0.493197	0.5700002	-21.40009	0.5101614	2.235487	-21.42503	2
10	3	0.5152361	0.5700002	-20.55478	0.4973018	2.075654	-20.52085	2
10	4	2.697854	0.5700002	13.00179	2.733937	1.918338	12.97103	3
10	5	2.708102	0.5700002	13.91129	2.752249	2.249842	13.88815	3
11	1	0.5394428	0.5700002	-19.62474	0.4956205	1.945394	-19.58074	2
11	2	0.493228	0.5700002	-21.39888	0.4770679	2.235499	-21.37428	2
11	3	0.5165417	0.5700002	-20.50473	0.4974894	2.07443	-20.46991	2
11	4	2.697081	0.5700002	12.93315	2.733348	1.919924	12.90239	3
11	5	2.707615	0.5700002	13.86817	2.754847	2.229199	13.82982	3
12	1	0.5417916	0.5700002	-19.53455	0.4988625	1.953007	-19.49124	2
12	2	0.493635	0.5700002	-21.38324	0.478884	2.235557	-21.35926	2
12	3	0.5180061	0.5700002	-20.44858	0.4969922	2.072934	-20.41327	2
12	4	2.696372	0.5700002	12.87025	2.733422	1.920589	12.83912	3
12	5	2.707014	0.5700002	13.81483	2.753972	2.224702	13.77204	3
13	1	0.5438856	0.5700002	-19.45415	0.5019209	1.960184	-19.41203	2
13	2	0.4943818	0.5700002	-21.35456	0.4802993	2.235595	-21.33092	2
13	3	0.5196071	0.5700002	-20.38718	0.497295	2.071514	-20.35163	2
13	4	2.695716	0.5700002	12.81209	2.733096	1.92203	12.78079	3
13	5	2.706288	0.5700002	13.75037	2.752912	2.219392	13.70296	3
14	1	0.5457693	0.5700002	-19.38183	0.5045405	1.966165	-19.34081	2
14	2	0.4954345	0.5700002	-21.31414	0.4820458	2.235643	-21.29087	2
14	3	0.5213788	0.5700002	-20.31923	0.4973407	2.069341	-20.28335	2
14	4	2.695102	0.5700002	12.75763	2.733054	1.923087	12.72605	3
14	5	2.705479	0.5700002	13.67861	2.750795	2.217297	13.62745	3
15	1	0.547483	0.5700002	-19.31604	0.5071542	1.971022	-19.27601	2
15	2	0.4967619	0.5700002	-21.26318	0.4965001	2.222088	-21.22469	2
15	3	0.5232925	0.5700002	-20.24582	0.4974156	2.066964	-20.20961	2
15	4	2.694519	0.5700002	12.70589	2.732963	1.92385	12.6741	3
15	5	2.704601	0.5700002	13.60078	2.747588	2.216947	13.54582	3
16	1	0.5490635	0.5700002	-19.25536	0.509568	1.974885	-19.21611	2
16	2	0.498387	0.5700002	-21.2008	0.4959522	2.218775	-21.15961	2
16	3	0.5252646	0.5700002	-20.17018	0.4976463	2.065108	-20.13406	2
16	4	2.693957	0.5700002	12.65599	2.732737	1.924276	12.6241	3
16	5	2.703669	0.5700002	13.51807	2.743626	2.218155	13.45989	3
17	1	0.5505426	0.5700002	-19.19858	0.5118222	1.977923	-19.1599	2
17	2	0.5002701	0.5700002	-21.12852	0.4923996	2.216044	-21.08516	2
17	3	0.5272795	0.5700002	-20.09289	0.4979252	2.063276	-20.05718	2
17	4	2.693406	0.5700002	12.60713	2.732361	1.924394	12.57516	3
17	5	2.702694	0.5700002	13.43157	2.739624	2.220325	13.3722	3
18	1	0.5519477	0.5700002	-19.14464	0.5140421	1.9804	-19.1063	2
18	2	0.5023768	0.5700002	-21.04766	0.4852864	2.213873	-21.00275	2
18	3	0.5291911	0.5700002	-20.01957	0.4983012	2.063123	-19.98456	2
18	4	2.692858	0.5700002	12.55858	2.731903	1.924213	12.52649	3
18	5	2.701688	0.5700002	13.3423	2.734838	2.223437	13.28435	3
19	1	0.5533002	0.5700002	-19.09272	0.5164279	1.982674	-19.05434	2
19	2	0.5046772	0.5700002	-20.95936	0.4865305	2.214596	-20.91436	2
19	3	0.5310176	0.5700002	-19.94951	0.498577	2.062643	-19.91514	2
19	4	2.692308	0.5700002	12.50975	2.731424	1.923742	12.47747	3
19	5	2.70066	0.5700002	13.25116	2.729593	2.227844	13.19527	3
20	1	0.554617	0.5700002	-19.04217	0.5187104	1.984491	-19.00363	2
20	2	0.5071456	0.5700002	-20.86462	0.4888283	2.215126	-20.82035	2
20	3	0.532778	0.5700002	-19.88199	0.4992119	2.062232	-19.84798	2
20	4	2.691749	0.5700002	12.46013	2.731013	1.923105	12.42761	3
20	5	2.699621	0.5700002	13.15896	2.725683	2.231595	13.10356	3
21	1	0.5559112	0.5700002	-18.99249	0.5210128	1.986106	-18.95376	2
21	2	0.5096956	0.5700002	-20.76675	0.4908566	2.215909	-20.72346	2
21	3	0.5346066	0.5700002	-19.81186	0.4994702	2.059923	-19.77788	2
21	4	2.691176	0.5700002	12.40931	2.730738	1.922276	12.37651	3
21	5	2.698578	0.5700002	13.06639	2.7219	2.234153	13.01186	3
22	1	0.5571943	0.5700002	-18.94323	0.5232266	1.987411	-18.90442	2
22	2	0.5123068	0.5700002	-20.66653	0.4923315	2.215808	-20.62413	2
22	3	0.5364975	0.5700002	-19.73934	0.4999275	2.057564	-19.70531	2
22	4	2.690586	0.5700002	12.35697	2.730483	1.92132	12.32386	3
22	5	2.697537	0.5700002	12.97404	2.718034	2.234331	12.92163	3
23	1	0.5584766	0.5700002	-18.894	0.5254092	1.988484	-18.85527	2
23	2	0.5149614	0.5700002	-20.56464	0.4935804	2.214771	-20.52231	2
23	3	0.5384447	0.5700002	-19.66467	0.5005173	2.05508	-19.63051	2
23	4	2.689976	0.5700002	12.30288	2.73022	1.920276	12.26939	3
23	5	2.696504	0.5700002	12.88239	2.71436	2.233076	12.83245	3
24	1	0.559767	0.5700002	-18.84446	0.5277274	1.989435	-18.80603	2
24	2	0.517644	0.5700002	-20.46167	0.4941343	2.213016	-20.41987	2
24	3	0.5404418	0.5700002	-19.58809	0.5012284	2.05234	-19.55371	2
24	4	2.689345	0.5700002	12.24689	2.729934	1.919196	12.21292	3
24	5	2.695483	0.5700002	12.79182	2.711162	2.231862	12.7437	3
25	1	0.5610734	0.5700002	-18.7943	0.5300878	1.990232	-18.75627	2
25	2	0.5203418	0.5700002	-20.35812	0.4939233	2.210748	-20.31663	2
25	3	0.5424824	0.5700002	-19.50986	0.5021014	2.049586	-19.47507	2
25	4	2.688691	0.5700002	12.18892	2.729564	1.918155	12.15435	3
25	5	2.694477	0.5700002	12.70262	2.70867	2.230866	12.65563	3
26	1	0.5624021	0.5700002	-18.74327	0.5325991	1.991069	-18.70569	2
26	2	0.5230439	0.5700002	-20.2544	0.4926829	2.207574	-20.21336	2
26	3	0.5445602	0.5700002	-19.43022	0.502798	2.046745	-19.39457	2
26	4	2.688015	0.5700002	12.12895	2.729124	1.917199	12.09364	3
26	5	2.69349	0.5700002	12.615	2.706301	2.229347	12.56931	3
27	1	0.5637587	0.5700002	-18.69118	0.5350679	1.991867	-18.65382	2
27	2	0.5257413	0.5700002	-20.15085	0.4913545	2.204156	-20.11124	2
27	3	0.5466691	0.5700002	-19.34939	0.5031561	2.044351	-19.31235	2
27	4	2.687233	0.5700002	12.05954	2.72909	1.912144	12.02165	3
27	5	2.69252	0.5700002	12.52898	2.704154	2.227346	12.48487	3
28	1	0.5651474	0.5700002	-18.63784	0.5374949	1.992674	-18.60041	2
28	2	0.5284268	0.5700002	-20.04776	0.4901535	2.200264	-20.0093	2
28	3	0.5488034	0.5700002	-19.26762	0.5034806	2.042295	-19.22891	2
28	4	2.686352	0.5700002	11.9814	2.728499	1.907644	11.94083	3
28	5	2.691567	0.5700002	12.44447	2.702205	2.225055	12.40186	3
29	1	0.5665717	0.5700002	-18.58312	0.5398998	1.99339	-18.54547	2
29	2	0.5310944	0.5700002	-19.94535	0.4894187	2.196077	-19.90746	2
29	3	0.5509575	0.5700002	-19.1851	0.504487	2.040427	-19.14498	2
29	4	2.685388	0.5700002	11.89582	2.727234	1.904543	11.8525	3
29	5	2.690629	0.5700002	12.36125	2.700361	2.22265	12.31983	3
30	1	0.5682072	0.5700002	-18.52028	0.5436543	1.992822	-18.48044	2
30	2	0.5337397	0.5700002	-19.84379	0.488761	2.190925	-19.80601	2
30	3	0.5531288	0.5700002	-19.10196	0.5066277	2.038651	-19.06056	2
30	4	2.684359	0.5700002	11.80446	2.725049	1.903904	11.75808	3
30	5	2.689702	0.5700002	12.27903	2.698345	2.219909	12.2384	3
31	1	0.5700186	0.5700002	-18.45066	0.547779	1.992283	-18.40945	2
31	2	0.5363591	0.5700002	-19.74321	0.488394	2.185237	-19.7046	2
31	3	0.5553165	0.5700002	-19.01821	0.5092084	2.037087	-18.97572	2
31	4	2.683284	0.5700002	11.70912	2.721288	1.906294	11.65951	3
31	5	2.688783	0.5700002	12.1975	2.69622	2.217027	12.1578	3
32	1	0.5719756	0.5700002	-18.37542	0.5524275	1.990976	-18.33407	2
32	2	0.5389502	0.5700002	-19.64371	0.4873719	2.181448	-19.60136	2
32	3	0.5575213	0.5700002	-18.93385	0.5111971	2.035721	-18.89051	2
32	4	2.682185	0.5700002	11.61158	2.71564	1.911961	11.55886	3
32	5	2.687869	0.5700002	12.11637	2.694096	2.214201	12.07822	3
33	1	0.574052	0.5700002	-18.29558	0.5574152	1.988795	-18.25489	2
33	2	0.5415114	0.5700002	-19.54535	0.4883023	2.178943	-19.49977	2
33	3	0.5597444	0.5700002	-18.84883	0.513086	2.03476	-18.8047	2
33	4	2.681151	0.5700002	11.51983	2.710674	1.919951	11.46961	3
33	5	2.686956	0.5700002	12.03544	2.691948	2.211992	11.99874	3
34	1	0.5762255	0.5700002	-18.21198	0.5624065	1.98648	-18.17192	2
34	2	0.544042	0.5700002	-19.44815	0.4921112	2.177348	-19.40032	2
34	3	0.5619874	0.5700002	-18.76309	0.5152006	2.034438	-18.71775	2
34	4	2.680171	0.5700002	11.43287	2.706125	1.926031	11.3863	3
34	5	2.686045	0.5700002	11.9546	2.689695	2.210494	11.91934	3
35	1	0.5784772	0.5700002	-18.12535	0.5668851	1.984141	-18.0857	2
35	2	0.5465419	0.5700002	-19.35211	0.4948756	2.176739	-19.30303	2
35	3	0.5642519	0.5700002	-18.67659	0.517647	2.034737	-18.62987	2
35	4	2.679235	0.5700002	11.34981	2.702897	1.9307	11.30518	3
35	5	2.685134	0.5700002	11.8738	2.687576	2.210198	11.8401	3
36	1	0.5807912	0.5700002	-18.03629	0.5712612	1.981275	-17.99741	2
36	2	0.548838	0.5700002	-19.26386	0.4980604	2.182606	-19.21522	2
36	3	0.5665369	0.5700002	-18.58936	0.5207332	2.035893	-18.54107	2
36	4	2.678335	0.5700002	11.26991	2.700645	1.933799	11.2264	3
36	5	2.684224	0.5700002	11.79306	2.685462	2.209796	11.76033	3
37	1	0.5831541	0.5700002	-17.94531	0.5758079	1.977209	-17.90789	2
37	2	0.5509568	0.5700002	-19.18239	0.5009477	2.188227	-19.13412	2
37	3	0.5688393	0.5700002	-18.50153	0.5246903	2.038528	-18.45115	2
37	4	2.677463	0.5700002	11.19252	2.698299	1.935688	11.15029	3
37	5	2.683315	0.5700002	11.71241	2.68315	2.208549	11.6796	3
38	1	0.5855548	0.5700002	-17.85284	0.580229	1.972722	-17.81672	2
38	2	0.5530981	0.5700002	-19.10004	0.5033631	2.188349	-19.0505	2
38	3	0.5711569	0.5700002	-18.41319	0.5293241	2.042043	-18.36079	2
38	4	2.676613	0.5700002	11.1171	2.695936	1.936006	11.07654	3
38	5	2.682407	0.5700002	11.63191	2.680825	2.207206	11.59842	3
39	1	0.5879839	0.5700002	-17.75924	0.5843996	1.968913	-17.7238	2
39	2	0.5552608	0.5700002	-19.01684	0.5061129	2.188927	-18.96604	2
39	3	0.5734882	0.5700002	-18.3244	0.5342826	2.045654	-18.27002	2
39	4	2.67578	0.5700002	11.04318	2.693943	1.935627	11.00405	3
39	5	2.681502	0.5700002	11.55163	2.678248	2.206017	11.51757	3
40	1	0.5904338	0.5700002	-17.66479	0.5887572	1.964701	-17.63079	2
40	2	0.557444	0.5700002	-18.93284	0.5095109	2.190605	-18.88025	2
40	3	0.5758322	0.5700002	-18.23522	0.5401867	2.050519	-18.17916	2
40	4	2.674959	0.5700002	10.97038	2.691851	1.934927	10.93253	3
40	5	2.6806	0.5700002	11.47164	2.67461	2.204381	11.43711	3
41	1	0.5928981	0.5700002	-17.56973	0.5930601	1.961206	-17.53766	2
41	2	0.5596465	0.5700002	-18.84807	0.5134476	2.19312	-18.79354	2
41	3	0.5781882	0.5700002	-18.14568	0.546134	2.055125	-18.09043	2
41	4	2.674148	0.5700002	10.89838	2.690001	1.934316	10.86132	3
41	5	2.679702	0.5700002	11.392	2.670532	2.202486	11.35696	3
42	1	0.5953715	0.5700002	-17.47426	0.5974204	1.958914	-17.44398	2
42	2	0.5618672	0.5700002	-18.76257	0.5180559	2.196382	-18.70604	2
42	3	0.5805559	0.5700002	-18.0558	0.5522264	2.059255	-18.00299	2
42	4	2.673264	0.5700002	10.81989	2.686487	1.931851	10.78208	3
42	5	2.678808	0.5700002	11.31268	2.66611	2.200214	11.27682	3
43	1	0.59785	0.5700002	-17.37854	0.6015859	1.95827	-17.35018	2
43	2	0.5641052	0.5700002	-18.67638	0.5233074	2.200313	-18.61764	2
43	3	0.5829352	0.5700002	-17.96559	0.5576588	2.063117	-17.91421	2
43	4	2.67232	0.5700002	10.73614	2.683115	1.929067	10.69812	3
43	5	2.677917	0.5700002	11.23359	2.660908	2.197695	11.19658	3
44	1	0.6003301	0.5700002	-17.28269	0.6057525	1.957378	-17.2554	2
44	2	0.5663592	0.5700002	-18.58954	0.5285512	2.20422	-18.52962	2
44	3	0.5853261	0.5700002	-17.87508	0.5623353	2.066176	-17.82414	2
44	4	2.671333	0.5700002	10.64852	2.680059	1.925943	10.61096	3
44	5	2.677026	0.5700002	11.15458	2.655999	2.195668	11.11646	3
45	1	0.602809	0.5700002	-17.1868	0.6098956	1.955762	-17.15929	2
45	2	0.5686281	0.5700002	-18.50209	0.5338639	2.207963	-18.44294	2
45	3	0.5877286	0.5700002	-17.78426	0.5669762	2.068148	-17.73396	2
45	4	2.670389	0.5700002	10.56473	2.678844	1.92498	10.52865	3
45	5	2.676135	0.5700002	11.07556	2.652236	2.194688	11.0366	3
46	1	0.6052845	0.5700002	-17.09095	0.6144677	1.953952	-17.06274	2
46	2	0.570911	0.5700002	-18.41406	0.5393664	2.211452	-18.357	2
46	3	0.590143	0.5700002	-17.69316	0.5719239	2.068356	-17.64442	2
46	4	2.66948	0.5700002	10.48406	2.677736	1.923886	10.44916	3
46	5	2.675244	0.5700002	10.99654	2.650158	2.194941	10.95718	3
47	1	0.6077551	0.5700002	-16.9952	0.6204326	1.951695	-16.9665	2
47	2	0.5732068	0.5700002	-18.32549	0.544716	2.215074	-18.27017	2
47	3	0.5925695	0.5700002	-17.60178	0.5770329	2.067053	-17.55508	2
47	4	2.668599	0.5700002	10.40592	2.676653	1.922671	10.37182	3
47	5	2.674353	0.5700002	10.9175	2.649045	2.196028	10.87792	3
48	1	0.6102195	0.5700002	-16.89959	0.6271854	1.949027	-16.87037	2
48	2	0.5755144	0.5700002	-18.23641	0.5494329	2.218394	-18.18169	2
48	3	0.5950081	0.5700002	-17.51013	0.5817728	2.065577	-17.4649	2
48	4	2.667742	0.5700002	10.32978	2.675539	1.921522	10.29626	3
48	5	2.673462	0.5700002	10.8385	2.647964	2.197509	10.79855	3
49	1	0.6126767	0.5700002	-16.80414	0.6347064	1.945768	-16.77387	2
49	2	0.5778329	0.5700002	-18.14686	0.5539644	2.220854	-18.09264	2
49	3	0.5974593	0.5700002	-17.41822	0.5860937	2.064146	-17.37387	2
49	4	2.666901	0.5700002	10.25521	2.674418	1.920394	10.22232	3
49	5	2.672573	0.5700002	10.75959	2.646474	2.199327	10.71889	3
50	1	0.6151261	0.5700002	-16.70886	0.643311	1.942438	-16.67706	2
50	2	0.5801611	0.5700002	-18.05687	0.5587794	2.22177	-18.00396	2
50	3	0.5999233	0.5700002	-17.32608	0.5902767	2.062263	-17.28262	2
50	4	2.666075	0.5700002	10.18184	2.673316	1.919309	10.14979	3
50	5	2.671685	0.5700002	10.68084	2.645068	2.201627	10.63918	3
51	1	0.6175669	0.5700002	-16.61377	0.6498446	1.941065	-16.58076	2
51	2	0.5824982	0.5700002	-17.96647	0.5637951	2.220841	-17.91565	2
51	3	0.6024003	0.5700002	-17.23371	0.5944716	2.059628	-17.19156	2
51	4	2.665182	0.5700002	10.10263	2.669734	1.915287	10.0709	3
51	5	2.670799	0.5700002	10.60221	2.643645	2.204148	10.55951	3
52	1	0.619999	0.5700002	-16.51885	0.6530784	1.942048	-16.48535	2
52	2	0.5848432	0.5700002	-17.87569	0.5687032	2.219141	-17.82684	2
52	3	0.6048908	0.5700002	-17.14114	0.5985824	2.056423	-17.10042	2
52	4	2.664238	0.5700002	10.01879	2.666485	1.911729	9.987803	3
52	5	2.669912	0.5700002	10.52361	2.642335	2.206797	10.47988	3
53	1	0.6224219	0.5700002	-16.42412	0.6554302	1.944332	-16.38999	2
53	2	0.5871951	0.5700002	-17.78455	0.573352	2.21749	-17.73696	2
53	3	0.6073952	0.5700002	-17.04838	0.6027985	2.052603	-17.00892	2
53	4	2.663328	0.5700002	9.938005	2.665671	1.912245	9.90813	3
53	5	2.669026	0.5700002	10.44502	2.641102	2.209777	10.40016	3
54	1	0.6248353	0.5700002	-16.32955	0.6584688	1.947513	-16.29404	2
54	2	0.5895531	0.5700002	-17.69308	0.5777261	2.215471	-17.64647	2
54	3	0.6099141	0.5700002	-16.95544	0.607146	2.048636	-16.91682	2
54	4	2.662446	0.5700002	9.859695	2.664901	1.91319	9.831027	3
54	5	2.66814	0.5700002	10.36644	2.640167	2.212833	10.32049	3
55	1	0.627239	0.5700002	-16.23513	0.6613471	1.953064	-16.19732	2
55	2	0.5919162	0.5700002	-17.6013	0.5827879	2.211281	-17.55677	2
55	3	0.6124481	0.5700002	-16.86236	0.6119115	2.043678	-16.82589	2
55	4	2.661588	0.5700002	9.783375	2.663774	1.913762	9.755826	3
55	5	2.667255	0.5700002	10.2879	2.639716	2.21668	10.24066	3
56	1	0.6296327	0.5700002	-16.14086	0.6635891	1.958095	-16.10117	2
56	2	0.5942835	0.5700002	-17.50924	0.5872415	2.20685	-17.46657	2
56	3	0.614998	0.5700002	-16.76914	0.6162535	2.040593	-16.7347	2
56	4	2.660755	0.5700002	9.708653	2.662707	1.913695	9.681166	3
56	5	2.66637	0.5700002	10.20944	2.63966	2.219377	10.16141	3
57	1	0.632016	0.5700002	-16.04672	0.6650742	1.962536	-16.0055	2
57	2	0.5966541	0.5700002	-17.41692	0.5915344	2.202517	-17.37542	2
57	3	0.6175648	0.5700002	-16.67581	0.6204981	2.039083	-16.64326	2
57	4	2.65995	0.5700002	9.635212	2.661627	1.913486	9.60741	3
57	5	2.665487	0.5700002	10.13111	2.641165	2.221519	10.08291	3
58	1	0.6343885	0.5700002	-15.95268	0.6661693	1.966315	-15.91019	2
58	2	0.599027	0.5700002	-17.32437	0.5958857	2.198222	-17.28397	2
58	3	0.6201497	0.5700002	-16.58237	0.6247433	2.038601	-16.55189	2
58	4	2.659098	0.5700002	9.55588	2.656784	1.909312	9.527508	3
58	5	2.664605	0.5700002	10.0529	2.644543	2.22309	10.0052	3
59	1	0.6365844	0.5700002	-15.86541	0.662109	1.972036	-15.82325	2
59	2	0.6014013	0.5700002	-17.23159	0.6001226	2.19424	-17.1932	2
59	3	0.6227521	0.5700002	-16.48895	0.6292351	2.037166	-16.45918	2
59	4	2.658223	0.5700002	9.471982	2.651398	1.905163	9.443277	3
59	5	2.663723	0.5700002	9.974697	2.64959	2.22419	9.927882	3
60	1	0.638803	0.5700002	-15.77681	0.6600436	1.973109	-15.73484	2
60	2	0.603776	0.5700002	-17.13862	0.6042412	2.191389	-17.10205	2
60	3	0.6253725	0.5700002	-16.39559	0.6335802	2.035482	-16.36537	2
60	4	2.657419	0.5700002	9.391414	2.64968	1.905524	9.362316	3
60	5	2.66284	0.5700002	9.896481	2.655518	2.22518	9.850394	3
61	1	0.6410377	0.5700002	-15.68707	0.6558348	1.973817	-15.64566	2
61	2	0.6061499	0.5700002	-17.04547	0.6083255	2.189641	-17.01056	2
61	3	0.6280125	0.5700002	-16.30236	0.6386949	2.033623	-16.27154	2
61	4	2.656684	0.5700002	9.313605	2.648009	1.905536	9.284075	3
61	5	2.661956	0.5700002	9.818255	2.66224	2.226282	9.772735	3
62	1	0.6432825	0.5700002	-15.59637	0.6491257	1.974807	-15.55541	2
62	2	0.6085219	0.5700002	-16.95216	0.6123357	2.189123	-16.91915	2
62	3	0.6306745	0.5700002	-16.20926	0.6450087	2.03135	-16.17807	2
62	4	2.656017	0.5700002	9.238062	2.645989	1.90512	9.207872	3
62	5	2.661072	0.5700002	9.740058	2.669587	2.22736	9.695069	3
63	1	0.6455316	0.5700002	-15.50488	0.6409512	1.975971	-15.46426	2
63	2	0.6108905	0.5700002	-16.85872	0.6164908	2.188242	-16.8269	2
63	3	0.6333616	0.5700002	-16.11629	0.6520237	2.028623	-16.08457	2
63	4	2.655427	0.5700002	9.164397	2.643561	1.904539	9.133444	3
63	5	2.660187	0.5700002	9.661944	2.676983	2.228287	9.617485	3
64	1	0.6477797	0.5700002	-15.41274	0.6312661	1.97716	-15.37253	2
64	2	0.6132543	0.5700002	-16.76517	0.6208874	2.186308	-16.73314	2
64	3	0.6360778	0.5700002	-16.02344	0.6606172	2.024893	-15.99043	2
64	4	2.654851	0.5700002	9.085447	2.636026	1.899398	9.053263	3
64	5	2.659301	0.5700002	9.583893	2.678092	2.230407	9.540114	3
65	1	0.6500218	0.5700002	-15.32005	0.6340516	1.980218	-15.28098	2
65	2	0.6156117	0.5700002	-16.67154	0.6257583	2.18413	-16.63868	2
65	3	0.6388274	0.5700002	-15.93068	0.6697558	2.021575	-15.89604	2
65	4	2.654308	0.5700002	9.00241	2.63051	1.89615	8.96936	3
65	5	2.658413	0.5700002	9.505829	2.676955	2.232426	9.462864	3
66	1	0.652253	0.5700002	-15.22694	0.6364608	1.982493	-15.18917	2
66	2	0.6179609	0.5700002	-16.57785	0.6325095	2.181256	-16.54437	2
66	3	0.6416156	0.5700002	-15.838	0.6761873	2.020813	-15.80221	2
66	4	2.65387	0.5700002	8.923002	2.632102	1.899443	8.889783	3
66	5	2.657522	0.5700002	9.427736	2.676059	2.234016	9.385566	3
67	1	0.6544687	0.5700002	-15.13349	0.6384368	1.98363	-15.09651	2
67	2	0.6203	0.5700002	-16.48412	0.6396472	2.178211	-16.45006	2
67	3	0.644448	0.5700002	-15.74534	0.6794022	2.022205	-15.70913	2
67	4	2.653533	0.5700002	8.846591	2.633843	1.902504	8.813313	3
67	5	2.656627	0.5700002	9.349642	2.675391	2.234959	9.30795	3
68	1	0.6566641	0.5700002	-15.03978	0.6399679	1.984161	-15.00348	2
68	2	0.6226271	0.5700002	-16.39036	0.6480654	2.174245	-16.35503	2
68	3	0.6473309	0.5700002	-15.65269	0.682604	2.02451	-15.61568	2
68	4	2.653322	0.5700002	8.772718	2.634949	1.905358	8.739145	3
68	5	2.655728	0.5700002	9.271602	2.674976	2.235588	9.23033	3
69	1	0.6588349	0.5700002	-14.94587	0.6411188	1.984131	-14.91018	2
69	2	0.62494	0.5700002	-16.29661	0.6572341	2.170485	-16.25957	2
69	3	0.650271	0.5700002	-15.56001	0.686267	2.027381	-15.52167	2
69	4	2.653202	0.5700002	8.694177	2.631114	1.904045	8.659411	3
69	5	2.654824	0.5700002	9.193602	2.674747	2.235872	9.152668	3
70	1	0.6609764	0.5700002	-14.85182	0.6419121	1.983597	-14.8168	2
70	2	0.6272366	0.5700002	-16.20286	0.6642781	2.16876	-16.16446	2
70	3	0.6532757	0.5700002	-15.46727	0.6898333	2.030878	-15.42737	2
70	4	2.653188	0.5700002	8.612024	2.628162	1.903948	8.575911	3
70	5	2.653914	0.5700002	9.115582	2.674726	2.23589	9.074966	3
71	1	0.6630837	0.5700002	-14.75767	0.6422078	1.982511	-14.72355	2
71	2	0.6295145	0.5700002	-16.10913	0.6676871	2.169736	-16.07011	2
71	3	0.6563532	0.5700002	-15.37445	0.6931683	2.034996	-15.33289	2
71	4	2.653304	0.5700002	8.533828	2.630585	1.908548	8.497141	3
71	5	2.652996	0.5700002	9.037541	2.674962	2.235636	8.997307	3
72	1	0.6651519	0.5700002	-14.66346	0.6421758	1.981026	-14.62973	2
72	2	0.6317711	0.5700002	-16.01544	0.6698835	2.171964	-15.9758	2
72	3	0.6595122	0.5700002	-15.28154	0.6962112	2.039032	-15.23842	2
72	4	2.653593	0.5700002	8.459012	2.632844	1.912436	8.421904	3
72	5	2.652068	0.5700002	8.959527	2.675316	2.235169	8.919732	3
73	1	0.6671758	0.5700002	-14.56922	0.641178	1.978564	-14.53586	2
73	2	0.6340038	0.5700002	-15.92178	0.6730167	2.175884	-15.88038	2
73	3	0.6627623	0.5700002	-15.18851	0.6985334	2.043856	-15.14361	2
73	4	2.654048	0.5700002	8.386955	2.63481	1.916244	8.349306	3
73	5	2.65113	0.5700002	8.881614	2.676288	2.234271	8.842498	3
74	1	0.6691496	0.5700002	-14.47497	0.6406978	1.976388	-14.4424	2
74	2	0.6362096	0.5700002	-15.82816	0.6757177	2.179856	-15.78502	2
74	3	0.6661142	0.5700002	-15.09536	0.700647	2.047021	-15.04933	2
74	4	2.654706	0.5700002	8.310141	2.632839	1.916035	8.270927	3
74	5	2.650179	0.5700002	8.803803	2.676959	2.233305	8.764922	3
75	1	0.6710673	0.5700002	-14.38073	0.6400014	1.973802	-14.34896	2
75	2	0.6383855	0.5700002	-15.73458	0.6780305	2.184595	-15.68957	2
75	3	0.6695794	0.5700002	-15.00208	0.6999179	2.049864	-14.95561	2
75	4	2.655576	0.5700002	8.229536	2.631872	1.916567	8.18882	3
75	5	2.649214	0.5700002	8.726045	2.677873	2.23203	8.687217	3
76	1	0.6729221	0.5700002	-14.2865	0.6393522	1.970825	-14.25509	2
76	2	0.6405282	0.5700002	-15.64104	0.6797853	2.189736	-15.59411	2
76	3	0.673171	0.5700002	-14.90869	0.695492	2.051776	-14.86276	2
76	4	2.656722	0.5700002	8.146191	2.63254	1.917635	8.104223	3
76	5	2.648232	0.5700002	8.648255	2.678912	2.230466	8.609701	3
77	1	0.6747065	0.5700002	-14.19228	0.6391638	1.968081	-14.16088	2
77	2	0.6426339	0.5700002	-15.54753	0.6808891	2.193996	-15.49911	2
77	3	0.6769032	0.5700002	-14.81518	0.6893077	2.053216	-14.7698	2
77	4	2.658037	0.5700002	8.067691	2.638297	1.92117	8.026408	3
77	5	2.647231	0.5700002	8.57043	2.679717	2.228998	8.532388	3
78	1	0.6764122	0.5700002	-14.0981	0.6389812	1.964949	-14.06644	2
78	2	0.6446986	0.5700002	-15.45404	0.6813824	2.197858	-15.40433	2
78	3	0.680792	0.5700002	-14.72156	0.680429	2.055036	-14.67646	2
78	4	2.6596	0.5700002	7.99335	2.644764	1.923826	7.95322	3
78	5	2.646208	0.5700002	8.492619	2.68062	2.227358	8.455192	3
79	1	0.6780299	0.5700002	-14.00394	0.6391011	1.961837	-13.97176	2
79	2	0.6467178	0.5700002	-15.36058	0.679164	2.200918	-15.31045	2
79	3	0.684855	0.5700002	-14.62785	0.6716806	2.056566	-14.58293	2
79	4	2.661586	0.5700002	7.915697	2.649597	1.923443	7.875484	3
79	5	2.64516	0.5700002	8.414821	2.681355	2.225686	8.377851	3
80	1	0.6795494	0.5700002	-13.90981	0.6387888	1.95873	-13.87626	2
80	2	0.6486869	0.5700002	-15.26713	0.6727815	2.20313	-15.21774	2
80	3	0.689112	0.5700002	-14.53405	0.672786	2.059785	-14.49012	2
80	4	2.663993	0.5700002	7.835487	2.657487	1.923438	7.795615	3
80	5	2.644084	0.5700002	8.337001	2.682121	2.223742	8.300283	3
81	1	0.680959	0.5700002	-13.81569	0.6380258	1.956504	-13.78013	2
81	2	0.6506002	0.5700002	-15.17368	0.6642245	2.204712	-15.12519	2
81	3	0.693585	0.5700002	-14.44019	0.6775172	2.062371	-14.39753	2
81	4	2.666792	0.5700002	7.760719	2.667519	1.926096	7.722625	3
81	5	2.642975	0.5700002	8.259201	2.682536	2.221973	8.222535	3
82	1	0.682246	0.5700002	-13.7216	0.6376905	1.95458	-13.68411	2
82	2	0.6524519	0.5700002	-15.08022	0.6533315	2.206582	-15.03237	2
82	3	0.6982985	0.5700002	-14.34627	0.6821099	2.064042	-14.30459	2
82	4	2.670985	0.5700002	7.685984	2.678431	1.926893	7.648694	3
82	5	2.641823	0.5700002	8.181455	2.682813	2.220165	8.144709	3
83	1	0.6833957	0.5700002	-13.62753	0.6388113	1.952837	-13.58851	2
83	2	0.6542352	0.5700002	-14.98676	0.6407081	2.208384	-14.93954	2
83	3	0.7032801	0.5700002	-14.25232	0.6865349	2.064956	-14.21141	2
83	4	2.677618	0.5700002	7.614703	2.692571	1.928562	7.579414	3
83	5	2.640613	0.5700002	8.103834	2.682982	2.218176	8.066885	3
84	1	0.6843921	0.5700002	-13.53348	0.6404052	1.951538	-13.4933	2
84	2	0.6559427	0.5700002	-14.89326	0.6369203	2.211278	-14.84707	2
84	3	0.7085604	0.5700002	-14.15833	0.6908318	2.065177	-14.11808	2
84	4	2.687818	0.5700002	7.549531	2.70851	1.930799	7.517375	3
84	5	2.63931	0.5700002	8.026474	2.682816	2.216228	7.989188	3
85	1	0.6852171	0.5700002	-13.43943	0.6411715	1.950473	-13.39841	2
85	2	0.6575661	0.5700002	-14.79974	0.6389062	2.214616	-14.75521	2
85	3	0.7141736	0.5700002	-14.06434	0.6949109	2.064726	-14.02486	2
85	4	2.702684	0.5700002	7.492178	2.725495	1.933661	7.463662	3
85	5	2.637849	0.5700002	7.949577	2.682495	2.214288	7.911622	3
86	1	0.6858508	0.5700002	-13.3454	0.6416191	1.949962	-13.30365	2
86	2	0.6590961	0.5700002	-14.70618	0.6402714	2.216607	-14.66288	2
86	3	0.7201579	0.5700002	-13.97034	0.6990336	2.063662	-13.93176	2
86	4	2.723523	0.5700002	7.443355	2.749432	1.93577	7.419711	3
86	5	2.636113	0.5700002	7.873393	2.681921	2.212909	7.834325	3
87	1	0.6862707	0.5700002	-13.25139	0.6420026	1.950153	-13.20872	2
87	2	0.6605225	0.5700002	-14.61257	0.6410787	2.217577	-14.57014	2
87	3	0.7265556	0.5700002	-13.87635	0.703317	2.062158	-13.83823	2
87	4	2.751657	0.5700002	7.402181	2.781184	1.936916	7.384564	3
87	5	2.632112	0.5700002	7.805469	2.676957	2.216694	7.764449	3
88	1	0.6864522	0.5700002	-13.15738	0.642341	1.950899	-13.11374	2
88	2	0.6618336	0.5700002	-14.51891	0.6413208	2.21788	-14.47723	2
88	3	0.733414	0.5700002	-13.78237	0.7077897	2.0602	-13.74432	2
88	4	2.788503	0.5700002	7.368029	2.821348	1.937264	7.357536	3
88	5	2.624676	0.5700002	7.74579	2.666874	2.220605	7.702105	3
89	1	0.6863679	0.5700002	-13.0634	0.642942	1.952544	-13.01847	2
89	2	0.6630169	0.5700002	-14.42518	0.6409373	2.217557	-14.38432	2
89	3	0.7407855	0.5700002	-13.68842	0.7125648	2.057804	-13.65088	2
89	4	2.835734	0.5700002	7.340582	2.870942	1.936887	7.337629	3
89	5	2.612586	0.5700002	7.693117	2.650253	2.22356	7.645662	3
89	6	-1.014117	0.5700002	12.71857	-0.9972664	2.148836	12.69781	0
90	1	0.6859875	0.5700002	-12.96944	0.6457285	1.958732	-12.92102	2
90	2	0.6640581	0.5700002	-14.33139	0.6376316	2.215082	-14.29235	2
90	3	0.748728	0.5700002	-13.59449	0.7153079	2.052288	-13.55815	2
90	4	2.894379	0.5700002	7.320023	2.930823	1.936121	7.324565	3
90	5	2.595982	0.5700002	7.646616	2.628102	2.225334	7.595222	3
90	6	-1.011806	0.5700002	12.69713	-0.9963056	2.148912	12.67684	0
90	7	5.391576	0.5700002	-15.82442	5.373609	2.38608	-15.79892	0
91	1	0.685278	0.5700002	-12.87551	0.6532348	1.971576	-12.82355	2
91	2	0.6649415	0.5700002	-14.23752	0.6304865	2.208556	-14.20017	2
91	3	0.7573057	0.5700002	-13.50059	0.7184535	2.043411	-13.46349	2
91	4	2.963803	0.5700002	7.307101	3.000078	1.934562	7.319396	3
91	5	2.580563	0.5700002	7.604397	2.612202	2.227131	7.553501	3
91	6	-1.008566	0.5700002	12.66705	-0.9943463	2.149018	12.64732	0
91	7	5.388842	0.5700002	-15.80303	5.369752	2.38603	-15.77648	0
92	1	0.6842029	0.5700002	-12.78162	0.6579305	1.97899	-12.73359	2
92	2	0.6656498	0.5700002	-14.14357	0.6260622	2.203159	-14.10752	2
92	3	0.7665892	0.5700002	-13.40672	0.7251315	2.037531	-13.36711	2
92	4	3.041123	0.5700002	7.302069	3.075642	1.932418	7.32071	3
92	5	2.576699	0.5700002	7.631881	2.530913	2.249706	7.650508	3
92	6	-1.004519	0.5700002	12.62949	-0.9908064	2.149065	12.61003	0
92	7	5.385007	0.5700002	-15.77302	5.365063	2.385992	-15.74585	0
93	1	0.6827227	0.5700002	-12.68779	0.6596974	1.984176	-12.64089	2
93	2	0.6661642	0.5700002	-14.04952	0.6230786	2.198449	-14.01357	2
93	3	0.7766557	0.5700002	-13.31288	0.7325149	2.034073	-13.26937	2
93	4	3.117711	0.5700002	7.306043	3.149112	1.931538	7.330482	3
93	5	2.576735	0.5700002	7.658352	2.533657	2.249724	7.682867	3
93	6	-0.999774	0.5700002	12.58546	-0.9855615	2.139165	12.55316	0
93	7	5.380219	0.5700002	-15.73555	5.359541	2.385967	-15.70793	0
94	1	0.6807945	0.5700002	-12.59403	0.6630454	1.985985	-12.55038	2
94	2	0.666464	0.5700002	-13.95537	0.6189188	2.190214	-13.91814	2
94	3	0.7875897	0.5700002	-13.21907	0.7440131	2.029925	-13.17136	2
94	4	3.19184	0.5700002	7.314657	3.220788	1.929792	7.344193	3
94	5	2.580477	0.5700002	7.681778	2.541223	2.249767	7.712266	3
94	6	-0.9944237	0.5700002	12.5358	-0.974399	2.138592	12.50318	0
94	7	5.374604	0.5700002	-15.69162	5.347252	2.379422	-15.65609	0
95	1	0.6783723	0.5700002	-12.50037	0.6637307	1.983958	-12.45922	2
95	2	0.666527	0.5700002	-13.86109	0.6154953	2.185958	-13.82103	2
95	3	0.7994829	0.5700002	-13.12529	0.7565646	2.028299	-13.07575	2
95	4	3.261643	0.5700002	7.324339	3.288962	1.929446	7.356091	3
95	5	2.587828	0.5700002	7.700862	2.555434	2.249795	7.738649	3
95	6	-0.9885488	0.5700002	12.48128	-0.9681752	2.138598	12.44767	0
95	7	5.368273	0.5700002	-15.64208	5.339203	2.378021	-15.60596	0
96	1	0.6754073	0.5700002	-12.40684	0.662903	1.981993	-12.36692	2
96	2	0.6663294	0.5700002	-13.76668	0.6125875	2.182642	-13.72354	2
96	3	0.8124335	0.5700002	-13.03153	0.7700172	2.027707	-12.98017	2
96	4	3.32546	0.5700002	7.33235	3.352227	1.929858	7.364792	3
96	5	2.598675	0.5700002	7.714754	2.578364	2.249818	7.760252	3
96	6	-0.9822193	0.5700002	12.42254	-0.9614745	2.13868	12.38834	0
96	7	5.361321	0.5700002	-15.58769	5.330483	2.376504	-15.55136	0
97	1	0.6718482	0.5700002	-12.31347	0.6616296	1.978341	-12.27542	2
97	2	0.6658461	0.5700002	-13.67211	0.6127146	2.179729	-13.6265	2
97	3	0.8265466	0.5700002	-12.93779	0.7853391	2.028668	-12.88394	2
97	4	3.382185	0.5700002	7.336902	3.409585	1.9307	7.368963	3
97	5	2.612876	0.5700002	7.722995	2.610687	2.249841	7.772818	3
97	6	-0.9754957	0.5700002	12.36014	-0.9542413	2.138843	12.3256	0
97	7	5.353831	0.5700002	-15.52908	5.320827	2.374663	-15.49288	0
98	1	0.6676421	0.5700002	-12.2203	0.6593354	1.973804	-12.18418	2
98	2	0.6650511	0.5700002	-13.57736	0.6119083	2.177861	-13.53034	2
98	3	0.8419324	0.5700002	-12.84405	0.8033686	2.031586	-12.78746	2
98	4	3.431038	0.5700002	7.336802	3.460433	1.932098	7.366907	3
98	5	2.630236	0.5700002	7.725258	2.647252	2.249859	7.772159	3
98	6	-0.9684306	0.5700002	12.29457	-0.9464703	2.138761	12.2598	0
98	7	5.345875	0.5700002	-15.46683	5.310705	2.372554	-15.43054	0
99	1	0.6627359	0.5700002	-12.12738	0.6559246	1.969826	-12.09225	2
99	2	0.6639181	0.5700002	-13.48238	0.6104915	2.177139	-13.43427	2
99	3	0.8587049	0.5700002	-12.75033	0.8237309	2.035736	-12.69111	2
99	4	3.472078	0.5700002	7.331921	3.501325	1.94354	7.353731	3
99	5	2.650566	0.5700002	7.721882	2.680342	2.249866	7.761918	3
99	6	-0.9610696	0.5700002	12.22626	-0.9383069	2.138428	12.19135	0
99	7	5.337515	0.5700002	-15.40141	5.300356	2.370403	-15.36517	0
100	1	0.6570778	0.5700002	-12.03478	0.6518304	1.965826	-12.00102	2
100	2	0.6624216	0.5700002	-13.38715	0.6090271	2.177651	-13.33745	2
100	3	0.8769792	0.5700002	-12.65661	0.8473542	2.041708	-12.59461	2
100	4	3.50548	0.5700002	7.322215	3.537959	1.943567	7.339484	3
100	5	2.673628	0.5700002	7.713361	2.710334	2.249866	7.747149	3
100	6	-0.9534522	0.5700002	12.15556	-0.9296165	2.137936	12.1207	0
100	7	5.328804	0.5700002	-15.33326	5.289469	2.367979	-15.29751	0
101	1	0.6506195	0.5700002	-11.94257	0.6469385	1.96251	-11.91079	2
101	2	0.6605377	0.5700002	-13.29161	0.6081055	2.17983	-13.23981	2
101	3	0.8968683	0.5700002	-12.56288	0.8736265	2.048993	-12.49956	2
101	4	3.532085	0.5700002	7.308371	3.567466	1.943595	7.319492	3
101	5	2.699301	0.5700002	7.70059	2.739384	2.249858	7.730275	3
101	6	-0.9456124	0.5700002	12.08281	-0.9204143	2.137183	12.0482	0
101	7	5.319791	0.5700002	-15.26273	5.278125	2.365336	-15.22784	0
102	1	0.6433194	0.5700002	-11.85083	0.6409815	1.960777	-11.82059	2
102	2	0.6582461	0.5700002	-13.19571	0.607677	2.183596	-13.14137	2
102	3	0.9184783	0.5700002	-12.46914	0.9005485	2.054857	-12.40883	2
102	4	3.552783	0.5700002	7.29089	3.589973	1.943622	7.294413	3
102	5	2.727295	0.5700002	7.684127	2.769332	2.249849	7.710941	3
102	6	-0.9375799	0.5700002	12.00826	-0.9110157	2.136204	11.97411	0
102	7	5.310514	0.5700002	-15.19014	5.266778	2.362694	-15.15603	0
103	1	0.635146	0.5700002	-11.75966	0.634408	1.960476	-11.7314	2
103	2	0.6555322	0.5700002	-13.09937	0.6089119	2.190355	-13.04149	2
103	3	0.9419023	0.5700002	-12.37537	0.9296008	2.061519	-12.31859	2
103	4	3.568978	0.5700002	7.270268	3.606477	1.943654	7.266673	3
103	5	2.757475	0.5700002	7.665012	2.800348	2.249838	7.690392	3
103	6	-0.9293805	0.5700002	11.93216	-0.9008163	2.134711	11.89875	0
103	7	5.301009	0.5700002	-15.11576	5.254796	2.359407	-15.08233	0
104	1	0.6260821	0.5700002	-11.66916	0.6264052	1.959863	-11.64143	2
104	2	0.6523895	0.5700002	-13.00252	0.6098406	2.196676	-12.94198	2
104	3	0.9672133	0.5700002	-12.28158	0.9587924	2.065334	-12.22586	2
104	4	3.581954	0.5700002	7.246939	3.618725	1.943673	7.23779	3
104	5	2.789537	0.5700002	7.643741	2.832916	2.249831	7.668162	3
104	6	-0.9210364	0.5700002	11.85473	-0.8907769	2.133198	11.82154	0
104	7	5.291306	0.5700002	-15.03985	5.243292	2.356656	-15.00668	0
105	1	0.6161293	0.5700002	-11.57946	0.6174607	1.958619	-11.55107	2
105	2	0.6488227	0.5700002	-12.90506	0.6113588	2.203723	-12.84559	2
105	3	0.9944561	0.5700002	-12.18775	0.9902807	2.066533	-12.13478	2
105	4	3.592822	0.5700002	7.221441	3.628834	1.94369	7.208826	3
105	5	2.823419	0.5700002	7.621368	2.866717	2.249821	7.645826	3
105	6	-0.9125669	0.5700002	11.77612	-0.8802087	2.131258	11.74331	0
105	7	5.281433	0.5700002	-14.96259	5.231419	2.353458	-14.92953	0
106	1	0.6053129	0.5700002	-11.49067	0.6086731	1.956926	-11.4611	2
106	2	0.6448511	0.5700002	-12.8069	0.613387	2.210962	-12.7511	2
106	3	1.023638	0.5700002	-12.09388	1.023918	2.06413	-12.04525	2
106	4	3.602563	0.5700002	7.194305	3.638243	1.943701	7.179962	3
106	5	2.858832	0.5700002	7.598194	2.916625	2.231148	7.616148	3
106	6	-0.9039887	0.5700002	11.69651	-0.8692074	2.128875	11.66466	0
106	7	5.27141	0.5700002	-14.88417	5.219374	2.34962	-14.851	0
107	1	0.5936874	0.5700002	-11.40292	0.6003298	1.954887	-11.37222	2
107	2	0.6405121	0.5700002	-12.70791	0.6133373	2.216988	-12.65301	2
107	3	1.054718	0.5700002	-11.99995	1.058652	2.061554	-11.95386	2
107	4	3.61213	0.5700002	7.165997	3.647961	1.943709	7.15132	3
107	5	2.895748	0.5700002	7.575057	2.953717	2.231534	7.593052	3
107	6	-0.8953162	0.5700002	11.61603	-0.8581312	2.126327	11.58524	0
107	7	5.26126	0.5700002	-14.80474	5.207288	2.34584	-14.77095	0
108	1	0.5813454	0.5700002	-11.31635	0.5916271	1.95248	-11.28403	2
108	2	0.6358646	0.5700002	-12.60799	0.6134008	2.218324	-12.55546	2
108	3	1.087605	0.5700002	-11.90596	1.094593	2.057523	-11.86269	2
108	4	3.622295	0.5700002	7.137055	3.658686	1.943714	7.123123	3
108	5	2.934081	0.5700002	7.552282	2.992026	2.232181	7.570468	3
108	6	-0.8865622	0.5700002	11.53478	-0.8470924	2.123599	11.50468	0
108	7	5.250998	0.5700002	-14.72444	5.194525	2.342604	-14.68922	0
109	1	0.5684036	0.5700002	-11.23106	0.5834135	1.949748	-11.19623	2
109	2	0.6309911	0.5700002	-12.507	0.6136342	2.215204	-12.45765	2
109	3	1.122143	0.5700002	-11.81191	1.131786	2.051554	-11.77206	2
109	4	3.633838	0.5700002	7.108037	3.671131	1.943718	7.095944	3
109	5	2.973585	0.5700002	7.529892	3.03155	2.233207	7.547787	3
109	6	-0.8777373	0.5700002	11.45288	-0.8360869	2.120669	11.42313	0
109	7	5.240639	0.5700002	-14.64339	5.181246	2.339828	-14.60614	0
110	1	0.5550267	0.5700002	-11.14716	0.5735559	1.948692	-11.11011	2
110	2	0.626	0.5700002	-12.40483	0.6125448	2.211415	-12.3565	2
110	3	1.158116	0.5700002	-11.71779	1.170804	2.044418	-11.68072	2
110	4	3.647084	0.5700002	7.079171	3.685306	1.943724	7.069408	3
110	5	3.014216	0.5700002	7.508192	3.072003	2.234654	7.525794	3
110	6	-0.8688512	0.5700002	11.37041	-0.8249518	2.117235	11.34071	0
110	7	5.230196	0.5700002	-14.56168	5.169198	2.337103	-14.52251	0
111	1	0.5414113	0.5700002	-11.06472	0.559727	1.950363	-11.02715	2
111	2	0.621025	0.5700002	-12.30136	0.6107204	2.206094	-12.25439	2
111	3	1.195246	0.5700002	-11.6236	1.209811	2.038977	-11.58972	2
111	4	3.662329	0.5700002	7.050742	3.701362	1.943735	7.043736	3
111	5	3.055874	0.5700002	7.487093	3.113299	2.235935	7.50448	3
111	6	-0.8599119	0.5700002	11.28745	-0.8143243	2.114	11.2575	0
111	7	5.219681	0.5700002	-14.4794	5.158907	2.335108	-14.43872	0
112	1	0.5277578	0.5700002	-10.98381	0.5452287	1.953923	-10.94559	2
112	2	0.6162235	0.5700002	-12.19649	0.6102377	2.196564	-12.15154	2
112	3	1.233201	0.5700002	-11.52935	1.250085	2.034787	-11.50059	2
112	4	3.679941	0.5700002	7.023038	3.719727	1.943747	7.019522	3
112	5	3.098281	0.5700002	7.466282	3.154595	2.237836	7.482686	3
112	6	-0.8509266	0.5700002	11.20406	-0.8025079	2.109806	11.17261	0
112	7	5.209103	0.5700002	-14.39664	5.148295	2.333047	-14.3545	0
113	1	0.5143035	0.5700002	-10.90442	0.531275	1.957574	-10.8652	2
113	2	0.6117723	0.5700002	-12.09013	0.6091062	2.189586	-12.04649	2
113	3	1.271604	0.5700002	-11.43503	1.290494	2.033439	-11.40975	2
113	4	3.699696	0.5700002	6.995868	3.739825	1.943754	6.995309	3
113	5	3.141362	0.5700002	7.445744	3.196237	2.239144	7.461607	3
113	6	-0.8419013	0.5700002	11.1203	-0.7906786	2.107275	11.08684	0
113	7	5.19847	0.5700002	-14.31344	5.137248	2.332017	-14.27047	0
114	1	0.5012977	0.5700002	-10.82656	0.5177505	1.961228	-10.78647	2
114	2	0.606027	0.5700002	-11.98862	0.6064071	2.186281	-11.95128	2
114	3	1.309982	0.5700002	-11.3407	1.331768	2.030667	-11.31599	2
114	4	3.721707	0.5700002	6.9693	3.76192	1.943762	6.971716	3
114	5	3.184978	0.5700002	7.425164	3.238612	2.24026	7.44024	3
114	6	-0.8328415	0.5700002	11.03622	-0.7801729	2.105237	11.00116	0
114	7	5.18779	0.5700002	-14.22987	5.126343	2.331844	-14.18578	0
115	1	0.4889531	0.5700002	-10.75016	0.5048962	1.965367	-10.70919	2
115	2	0.5993457	0.5700002	-11.89099	0.6015492	2.186339	-11.85734	2
115	3	1.346125	0.5700002	-11.24521	1.373451	2.026463	-11.22104	2
115	4	3.745405	0.5700002	6.942945	3.785592	1.943774	6.947526	3
115	5	3.228777	0.5700002	7.404023	3.281414	2.241655	7.417526	3
115	6	-0.8237516	0.5700002	10.95186	-0.7712823	2.103349	10.91522	0
115	7	5.17707	0.5700002	-14.14599	5.115671	2.332533	-14.10038	0
116	1	0.4774865	0.5700002	-10.67515	0.4929135	1.969099	-10.63358	2
116	2	0.5921077	0.5700002	-11.7964	0.5954087	2.18707	-11.7642	2
116	3	1.379997	0.5700002	-11.14906	1.414966	2.021072	-11.12576	2
116	4	3.770712	0.5700002	6.916748	3.810768	1.943787	6.923259	3
116	5	3.272716	0.5700002	7.382285	3.324831	2.242903	7.394291	3
116	6	-0.8146358	0.5700002	10.86726	-0.7623152	2.102009	10.82956	0
116	7	5.166314	0.5700002	-14.06183	5.105646	2.334311	-14.01434	0
117	1	0.4688183	0.5700002	-10.60231	0.4839588	1.972945	-10.56106	2
117	2	0.5862007	0.5700002	-11.70287	0.5918163	2.185456	-11.66991	2
117	3	1.411554	0.5700002	-11.05266	1.456927	2.015182	-11.02941	2
117	4	3.797014	0.5700002	6.890235	3.837018	1.943801	6.897766	3
117	5	3.316656	0.5700002	7.359659	3.368461	2.243951	7.369884	3
117	6	-0.8054975	0.5700002	10.78245	-0.7528852	2.101059	10.74405	0
117	7	5.155527	0.5700002	-13.97742	5.0963	2.337448	-13.92748	0
118	1	0.462432	0.5700002	-10.53106	0.4776161	1.975795	-10.49004	2
118	2	0.5814512	0.5700002	-11.61025	0.5904454	2.183505	-11.57621	2
118	3	1.440762	0.5700002	-10.95632	1.489696	2.014994	-10.93222	2
118	4	3.824206	0.5700002	6.863291	3.864172	1.943818	6.871613	3
118	5	3.360207	0.5700002	7.335628	3.411744	2.244663	7.343547	3
118	6	-0.7963396	0.5700002	10.69746	-0.7435163	2.100776	10.6582	0
118	7	5.144713	0.5700002	-13.89281	5.087558	2.341403	-13.84041	0
119	1	0.4579572	0.5700002	-10.46094	0.472614	1.978276	-10.42028	2
119	2	0.5777084	0.5700002	-11.51844	0.5927381	2.180221	-11.48335	2
119	3	1.466077	0.5700002	-10.86126	1.51311	2.020603	-10.83392	2
119	4	3.851749	0.5700002	6.835467	3.891826	1.943841	6.843901	3
119	5	3.403287	0.5700002	7.310026	3.454097	2.24499	7.31542	3
119	6	-0.7871649	0.5700002	10.61232	-0.7343258	2.101291	10.57175	0
119	7	5.133872	0.5700002	-13.80803	5.080319	2.347395	-13.75208	0
120	1	0.4550557	0.5700002	-10.39157	0.4676786	1.980046	-10.35181	2
120	2	0.5748474	0.5700002	-11.42732	0.5970311	2.176022	-11.39042	2
120	3	1.488006	0.5700002	-10.76733	1.534094	2.027299	-10.7361	2
120	4	3.879449	0.5700002	6.806492	3.919693	1.943862	6.81467	3
120	5	3.445951	0.5700002	7.282973	3.495641	2.244653	7.286162	3
120	6	-0.7779754	0.5700002	10.52703	-0.7256903	2.102772	10.48488	0
120	7	5.123002	0.5700002	-13.7231	5.07356	2.353651	-13.66523	0
121	1	0.453497	0.5700002	-10.3227	0.4630833	1.981113	-10.28409	2
121	2	0.5727593	0.5700002	-11.33681	0.6025268	2.172442	-11.29773	2
121	3	1.506992	0.5700002	-10.67436	1.55164	2.033951	-10.63955	2
121	4	3.907175	0.5700002	6.776357	3.947576	1.943876	6.784141	3
121	5	3.487906	0.5700002	7.254168	3.536415	2.243972	7.25496	3
121	6	-0.7687733	0.5700002	10.44163	-0.7176653	2.105339	10.39748	0
121	7	5.112092	0.5700002	-13.63808	5.067091	2.358923	-13.58171	0
122	1	0.4530942	0.5700002	-10.2541	0.4573714	1.982104	-10.21668	2
122	2	0.5713492	0.5700002	-11.24682	0.6047592	2.172516	-11.20656	2
122	3	1.523418	0.5700002	-10.58224	1.565888	2.041247	-10.54377	2
122	4	3.934563	0.5700002	6.744818	3.975164	1.943899	6.751837	3
122	5	3.529155	0.5700002	7.223584	3.576289	2.243044	7.221949	3
122	6	-0.7595602	0.5700002	10.35613	-0.710674	2.109632	10.30938	0
122	7	5.101127	0.5700002	-13.553	5.06118	2.364684	-13.49902	0
123	1	0.453388	0.5700002	-10.18341	0.4501834	1.982601	-10.14633	2
123	2	0.5705443	0.5700002	-11.15729	0.6040494	2.175896	-11.11641	2
123	3	1.530976	0.5700002	-10.49142	1.566591	2.047859	-10.44734	2
123	4	3.961659	0.5700002	6.711866	4.011812	1.926096	6.713388	3
123	5	3.569789	0.5700002	7.191377	3.615753	2.242168	7.187491	3
123	6	-0.7503375	0.5700002	10.27053	-0.7051027	2.115613	10.22044	0
123	7	5.090088	0.5700002	-13.4679	5.053885	2.370005	-13.41445	0
124	1	0.4542715	0.5700002	-10.11064	0.4449389	1.982753	-10.07352	2
124	2	0.5702844	0.5700002	-11.06816	0.6044896	2.179195	-11.02613	2
124	3	1.53085	0.5700002	-10.40179	1.558171	2.051325	-10.35475	2
124	4	3.988159	0.5700002	6.677376	4.038642	1.925703	6.677196	3
124	5	3.609791	0.5700002	7.157533	3.654982	2.241489	7.151614	3
124	6	-0.7411065	0.5700002	10.18487	-0.6987953	2.120038	10.13348	0
124	7	5.078953	0.5700002	-13.38285	5.045198	2.372066	-13.33002	0
125	1	0.4556172	0.5700002	-10.03586	0.4397323	1.983195	-9.998737	2
125	2	0.5704989	0.5700002	-10.97937	0.605359	2.183732	-10.93567	2
125	3	1.524071	0.5700002	-10.31325	1.539997	2.053675	-10.26582	2
125	4	4.013892	0.5700002	6.641309	4.064667	1.925394	6.639185	3
125	5	3.649015	0.5700002	7.121968	3.693259	2.24061	7.11394	3
125	6	-0.7318684	0.5700002	10.09913	-0.693328	2.124668	10.04891	0
125	7	5.067696	0.5700002	-13.29787	5.03726	2.371895	-13.24697	0
126	1	0.4574079	0.5700002	-9.956695	0.4419464	1.984361	-9.919514	2
126	2	0.5711465	0.5700002	-10.89089	0.6062955	2.188993	-10.8454	2
126	3	1.511532	0.5700002	-10.22568	1.513039	2.055533	-10.1801	2
126	4	4.03884	0.5700002	6.603706	4.089838	1.925147	6.599607	3
126	5	3.687498	0.5700002	7.084732	3.730561	2.239436	7.074767	3
126	6	-0.7226241	0.5700002	10.01334	-0.6881213	2.129123	9.965243	0
126	7	5.056288	0.5700002	-13.21301	5.029284	2.37	-13.16435	0
127	1	0.4596049	0.5700002	-9.873596	0.4442165	1.985942	-9.837136	2
127	2	0.5721937	0.5700002	-10.80268	0.6064932	2.196793	-10.75465	2
127	3	1.494009	0.5700002	-10.13898	1.472032	2.05839	-10.09903	2
127	4	4.062999	0.5700002	6.564537	4.11416	1.925149	6.558165	3
127	5	3.725399	0.5700002	7.046046	3.766675	2.237272	7.034475	3
127	6	-0.7133743	0.5700002	9.927494	-0.6832405	2.135143	9.880196	0
127	7	5.044701	0.5700002	-13.12832	5.021489	2.367219	-13.08124	0
128	1	0.4621427	0.5700002	-9.78702	0.446092	1.985903	-9.75091	2
128	2	0.5736105	0.5700002	-10.7147	0.6064442	2.201149	-10.66547	2
128	3	1.478799	0.5700002	-10.05229	1.453831	2.061747	-10.01376	2
128	4	4.086733	0.5700002	6.523919	4.1379	1.925179	6.515627	3
128	5	3.762561	0.5700002	7.005825	3.80247	2.235508	6.992722	3
128	6	-0.7041199	0.5700002	9.841608	-0.6769253	2.136819	9.795335	0
128	7	5.032903	0.5700002	-13.04383	5.01187	2.364475	-12.99792	0
129	1	0.4650072	0.5700002	-9.697401	0.4478153	1.985261	-9.661694	2
129	2	0.5753488	0.5700002	-10.62692	0.6033306	2.204358	-10.57768	2
129	3	1.465601	0.5700002	-9.965599	1.441881	2.064528	-9.927854	2
129	4	4.109627	0.5700002	6.48181	4.16055	1.925454	6.471137	3
129	5	3.799066	0.5700002	6.964148	3.837733	2.233706	6.949619	3
129	6	-0.6948615	0.5700002	9.755684	-0.6708093	2.135852	9.711409	0
129	7	5.020861	0.5700002	-12.95957	5.0018	2.360978	-12.9152	0
130	1	0.4680915	0.5700002	-9.608171	0.4494514	1.984836	-9.573121	2
130	2	0.5773905	0.5700002	-10.53932	0.5970994	2.206299	-10.49111	2
130	3	1.454153	0.5700002	-9.878912	1.430979	2.066131	-9.8417	2
130	4	4.131689	0.5700002	6.438217	4.182209	1.925873	6.425128	3
130	5	3.807526	0.5700002	6.929987	3.852532	2.249919	6.915151	3
130	6	-0.6855995	0.5700002	9.669727	-0.6642837	2.134194	9.627051	0
130	7	5.008543	0.5700002	-12.87559	4.99121	2.357124	-12.83257	0
131	1	0.4713858	0.5700002	-9.519298	0.4504222	1.983553	-9.485141	2
131	2	0.5797199	0.5700002	-10.45187	0.5853027	2.208475	-10.40474	2
131	3	1.444226	0.5700002	-9.792227	1.420774	2.066922	-9.755625	2
131	4	4.152885	0.5700002	6.393366	4.202713	1.926749	6.377799	3
131	5	3.769475	0.5700002	6.909092	3.750735	2.235861	6.872778	3
131	6	-0.6763345	0.5700002	9.583743	-0.6574711	2.132323	9.54199	0
131	7	4.995914	0.5700002	-12.79189	4.980558	2.352417	-12.74974	0
132	1	0.474851	0.5700002	-9.43076	0.4515205	1.981893	-9.396734	2
132	2	0.5822958	0.5700002	-10.36456	0.5739229	2.210409	-10.31803	2
132	3	1.435622	0.5700002	-9.705544	1.411409	2.066868	-9.669463	2
132	4	4.172855	0.5700002	6.347885	4.221695	1.927889	6.330051	3
132	5	3.705895	0.5700002	6.896875	3.67195	2.225316	6.875902	3
132	6	-0.6670669	0.5700002	9.497734	-0.6501115	2.130073	9.456883	0
132	7	4.982944	0.5700002	-12.70853	4.969185	2.348673	-12.66742	0
133	1	0.4763319	0.5700002	-9.341915	0.4492244	1.979308	-9.309013	2
133	2	0.5851085	0.5700002	-10.27736	0.5670702	2.213262	-10.23171	2
133	3	1.428169	0.5700002	-9.618864	1.402449	2.066055	-9.583666	2
133	4	4.191124	0.5700002	6.302386	4.238468	1.929661	6.282012	3
133	5	3.628196	0.5700002	6.892977	3.59082	2.216097	6.883092	3
133	6	-0.657797	0.5700002	9.411704	-0.6429971	2.126477	9.372356	0
133	7	4.969594	0.5700002	-12.62551	4.957646	2.345057	-12.58626	0
134	1	0.4760752	0.5700002	-9.252897	0.4452911	1.976443	-9.221597	2
134	2	0.5881482	0.5700002	-10.19025	0.5705953	2.21682	-10.1462	2
134	3	1.421717	0.5700002	-9.532186	1.393863	2.064514	-9.497852	2
134	4	4.207011	0.5700002	6.257431	4.252301	1.931708	6.23447	3
134	5	3.5517	0.5700002	6.89514	3.51523	2.214436	6.888967	3
134	6	-0.6485251	0.5700002	9.325655	-0.6357201	2.122287	9.28763	0
134	7	4.955829	0.5700002	-12.54286	4.945664	2.342628	-12.50527	0
135	1	0.474306	0.5700002	-9.163823	0.44037	1.97348	-9.133623	2
135	2	0.5914046	0.5700002	-10.10323	0.5737084	2.218795	-10.06028	2
135	3	1.416135	0.5700002	-9.445509	1.385861	2.062494	-9.411439	2
135	4	4.219897	0.5700002	6.21361	4.262685	1.933682	6.188375	3
135	5	3.477867	0.5700002	6.905805	3.442244	2.214196	6.903942	3
135	6	-0.6392515	0.5700002	9.239591	-0.6282646	2.118328	9.20221	0
135	7	4.941616	0.5700002	-12.4606	4.932982	2.342008	-12.42465	0
136	1	0.4712588	0.5700002	-9.074784	0.4345934	1.970409	-9.045213	2
136	2	0.5948434	0.5700002	-10.01628	0.5763977	2.219715	-9.974089	2
136	3	1.411311	0.5700002	-9.358833	1.378562	2.060128	-9.325521	2
136	4	4.227706	0.5700002	6.172748	4.265624	1.943885	6.159525	3
136	5	3.413202	0.5700002	6.924536	3.378596	2.217972	6.924897	3
136	6	-0.6299765	0.5700002	9.153512	-0.6207769	2.114594	9.117312	0
136	7	4.926923	0.5700002	-12.37873	4.919789	2.34177	-12.34406	0
137	1	0.4671506	0.5700002	-8.985854	0.4283023	1.967492	-8.956578	2
137	2	0.598457	0.5700002	-9.929388	0.5788569	2.219864	-9.887764	2
137	3	1.409039	0.5700002	-9.270829	1.374663	2.057295	-9.237637	2
137	4	4.231559	0.5700002	6.134089	4.267996	1.943884	6.117525	3
137	5	3.361023	0.5700002	6.952662	3.326833	2.222312	6.957001	3
137	6	-0.6207001	0.5700002	9.067422	-0.6130922	2.111765	9.032668	0
137	7	4.911723	0.5700002	-12.29728	4.905755	2.340642	-12.26246	0
138	1	0.4621907	0.5700002	-8.897099	0.4215734	1.96458	-8.867771	2
138	2	0.6022355	0.5700002	-9.842544	0.5811309	2.219451	-9.801505	2
138	3	1.40902	0.5700002	-9.181633	1.372959	2.054153	-9.148223	2
138	4	4.232266	0.5700002	6.097135	4.267117	1.943883	6.077709	3
138	5	3.327072	0.5700002	6.988057	3.293216	2.227547	6.998965	3
138	6	-0.6114252	0.5700002	8.981325	-0.6053805	2.109771	8.947854	0
138	7	4.895981	0.5700002	-12.21623	4.890978	2.339326	-12.18052	0
139	1	0.4565896	0.5700002	-8.808567	0.4139108	1.961775	-8.778348	2
139	2	0.6061494	0.5700002	-9.755739	0.5829613	2.218425	-9.715524	2
139	3	1.410969	0.5700002	-9.091381	1.373087	2.050488	-9.0574	2
139	4	4.231065	0.5700002	6.061693	4.264689	1.943884	6.040454	3
139	5	3.314706	0.5700002	7.026495	3.266754	2.249855	7.040066	3
139	6	-0.6021705	0.5700002	8.895247	-0.59777	2.108902	8.863256	0
139	7	4.879671	0.5700002	-12.13559	4.876536	2.337608	-12.09864	0
140	1	0.4505441	0.5700002	-8.720301	0.4052704	1.959638	-8.688342	2
140	2	0.6101896	0.5700002	-9.668967	0.5844811	2.216819	-9.629189	2
140	3	1.414613	0.5700002	-9.000208	1.375012	2.046459	-8.965303	2
140	4	4.228665	0.5700002	6.026381	4.261415	1.943885	6.004013	3
140	5	3.327387	0.5700002	7.062776	3.297236	2.24985	7.102699	3
140	6	-0.5929626	0.5700002	8.809221	-0.5902086	2.108564	8.778534	0
140	7	4.862768	0.5700002	-12.05537	4.8627	2.335467	-12.01712	0
141	1	0.446323	0.5700002	-8.632932	0.4002436	1.957973	-8.59801	2
141	2	0.6143438	0.5700002	-9.58222	0.5851744	2.21418	-9.542628	2
141	3	1.419695	0.5700002	-8.908247	1.378307	2.041254	-8.871771	2
141	4	4.226039	0.5700002	5.99262	4.258423	1.943885	5.969924	3
141	5	3.359109	0.5700002	7.096928	3.368127	2.227813	7.131861	3
141	6	-0.583831	0.5700002	8.723286	-0.5830301	2.106919	8.692425	0
141	7	4.845248	0.5700002	-11.97555	4.849847	2.332121	-11.93516	0
142	1	0.4436092	0.5700002	-8.546228	0.3986379	1.956974	-8.509249	2
142	2	0.6185966	0.5700002	-9.495492	0.5863864	2.211617	-9.456675	2
142	3	1.425976	0.5700002	-8.815625	1.382554	2.037315	-8.776384	2
142	4	4.223882	0.5700002	5.960339	4.256393	1.943881	5.937978	3
142	5	3.404621	0.5700002	7.126257	3.425241	2.223006	7.154508	3
142	6	-0.5748025	0.5700002	8.637471	-0.5758415	2.105193	8.605587	0
142	7	4.827088	0.5700002	-11.89612	4.836586	2.328608	-11.85289	0
143	1	0.44214	0.5700002	-8.459999	0.397966	1.956031	-8.421355	2
143	2	0.6229245	0.5700002	-9.40878	0.5870257	2.20808	-9.370831	2
143	3	1.433232	0.5700002	-8.722464	1.387282	2.033523	-8.67917	2
143	4	4.222746	0.5700002	5.929599	4.255776	1.943894	5.908173	3
143	5	3.459065	0.5700002	7.14793	3.486937	2.219306	7.168296	3
143	6	-0.5659062	0.5700002	8.551807	-0.5710469	2.102505	8.518687	0
143	7	4.808272	0.5700002	-11.81708	4.8238	2.325237	-11.77009	0
144	1	0.441697	0.5700002	-8.374089	0.3978288	1.95563	-8.334252	2
144	2	0.6273116	0.5700002	-9.322081	0.5884686	2.204613	-9.284272	2
144	3	1.439526	0.5700002	-8.630168	1.393706	2.031796	-8.585292	2
144	4	4.222926	0.5700002	5.900348	4.256745	1.943905	5.880304	3
144	5	3.518534	0.5700002	7.15994	3.550739	2.216749	7.171916	3
144	6	-0.5571648	0.5700002	8.466318	-0.5672333	2.099373	8.43184	0
144	7	4.788785	0.5700002	-11.7384	4.80604	2.325417	-11.68982	0
145	1	0.4420979	0.5700002	-8.288377	0.3986382	1.955921	-8.247152	2
145	2	0.6317393	0.5700002	-9.235392	0.590378	2.201094	-9.197301	2
145	3	1.444982	0.5700002	-8.538623	1.399297	2.030818	-8.492883	2
145	4	4.224838	0.5700002	5.872564	4.259765	1.943909	5.854592	3
145	5	3.579876	0.5700002	7.160871	3.614307	2.214803	7.163979	3
145	6	-0.5486171	0.5700002	8.38105	-0.564617	2.095643	8.344385	0
145	7	4.768612	0.5700002	-11.66007	4.785392	2.32745	-11.61095	0
146	1	0.4432036	0.5700002	-8.199922	0.4001489	1.95497	-8.156613	2
146	2	0.6361913	0.5700002	-9.148712	0.5927539	2.197299	-9.110036	2
146	3	1.449711	0.5700002	-8.447728	1.403522	2.030456	-8.401455	2
146	4	4.228769	0.5700002	5.846199	4.26496	1.943908	5.83095	3
146	5	3.640982	0.5700002	7.150182	3.675602	2.212497	7.143516	3
146	6	-0.5402414	0.5700002	8.296001	-0.5621728	2.092755	8.256988	0
146	7	4.747746	0.5700002	-11.58207	4.764484	2.330192	-11.53162	0
147	1	0.444916	0.5700002	-8.109123	0.4035915	1.95651	-8.062755	2
147	2	0.6406537	0.5700002	-9.062041	0.594624	2.192899	-9.021472	2
147	3	1.453805	0.5700002	-8.357397	1.40743	2.031256	-8.309849	2
147	4	4.23413	0.5700002	5.821106	4.271155	1.943907	5.808018	3
147	5	3.700573	0.5700002	7.128139	3.732769	2.208801	7.109615	3
147	6	-0.5320739	0.5700002	8.211238	-0.5563729	2.093295	8.171071	0
147	7	4.72618	0.5700002	-11.50436	4.742983	2.334773	-11.45155	0
148	1	0.4471565	0.5700002	-8.016355	0.4084741	1.95968	-7.966998	2
148	2	0.6451141	0.5700002	-8.975377	0.5963403	2.190165	-8.932046	2
148	3	1.457349	0.5700002	-8.267555	1.411434	2.033131	-8.21876	2
148	4	4.240653	0.5700002	5.797192	4.278314	1.943901	5.786083	3
148	5	3.757555	0.5700002	7.095068	3.784477	2.205477	7.066119	3
148	6	-0.5241099	0.5700002	8.126783	-0.5483591	2.09573	8.086131	0
148	7	4.703907	0.5700002	-11.42693	4.720337	2.339116	-11.37215	0
149	1	0.4498622	0.5700002	-7.921963	0.4153122	1.96477	-7.869265	2
149	2	0.6495621	0.5700002	-8.888719	0.599393	2.187892	-8.84314	2
149	3	1.460413	0.5700002	-8.178137	1.41591	2.036349	-8.127658	2
149	4	4.248423	0.5700002	5.774261	4.286658	1.943892	5.765351	3
149	5	3.811536	0.5700002	7.051762	3.831632	2.202744	7.015008	3
149	6	-0.5163509	0.5700002	8.042653	-0.5412007	2.098884	8.000714	0
149	7	4.680934	0.5700002	-11.34975	4.696654	2.343515	-11.29317	0
150	1	0.4529832	0.5700002	-7.826268	0.4244767	1.972575	-7.773398	2
150	2	0.6539883	0.5700002	-8.802066	0.6046131	2.185718	-8.75454	2
150	3	1.46306	0.5700002	-8.089085	1.421608	2.04196	-8.036183	2
150	4	4.25668	0.5700002	5.752138	4.295138	1.943887	5.744279	3
150	5	3.862334	0.5700002	6.999162	3.87539	2.201126	6.957047	3
150	6	-0.5087833	0.5700002	7.95887	-0.5341745	2.103889	7.914897	0
150	7	4.657262	0.5700002	-11.27278	4.671455	2.348768	-11.2145	0
151	1	0.4564796	0.5700002	-7.729562	0.4329816	1.978279	-7.679864	2
151	2	0.658385	0.5700002	-8.715417	0.6091311	2.18449	-8.666877	2
151	3	1.465345	0.5700002	-8.000351	1.427582	2.047779	-7.945165	2
151	4	4.265076	0.5700002	5.730601	4.303623	1.943892	5.723206	3
151	5	3.910064	0.5700002	6.938273	3.916117	2.19985	6.891521	3
151	6	-0.5014144	0.5700002	7.875431	-0.5268556	2.108369	7.829891	0
151	7	4.632897	0.5700002	-11.19599	4.645366	2.352302	-11.13679	0
152	1	0.4607486	0.5700002	-7.634206	0.4408728	1.983823	-7.585709	2
152	2	0.6627464	0.5700002	-8.628772	0.6133418	2.18385	-8.579407	2
152	3	1.467314	0.5700002	-7.911893	1.433389	2.053591	-7.856339	2
152	4	4.273545	0.5700002	5.709464	4.312139	1.943891	5.70234	3
152	5	3.95495	0.5700002	6.870065	3.95435	2.199622	6.81895	3
152	6	-0.4942285	0.5700002	7.792352	-0.5191891	2.1127	7.745482	0
152	7	4.607859	0.5700002	-11.11935	4.616493	2.355138	-11.0609	0
153	1	0.4656727	0.5700002	-7.54002	0.4493481	1.986409	-7.493413	2
153	2	0.6670677	0.5700002	-8.54213	0.6177559	2.184126	-8.491492	2
153	3	1.469008	0.5700002	-7.823674	1.439483	2.059088	-7.771004	2
153	4	4.281629	0.5700002	5.688551	4.320107	1.943889	5.68086	3
153	5	3.997257	0.5700002	6.795432	3.990936	2.201104	6.740536	3
153	6	-0.4872958	0.5700002	7.709695	-0.5113363	2.116841	7.661705	0
153	7	4.582153	0.5700002	-11.04283	4.583737	2.35711	-10.98758	0
154	1	0.4711477	0.5700002	-7.446846	0.4582817	1.985208	-7.403347	2
154	2	0.671345	0.5700002	-8.455492	0.6225405	2.185283	-8.403468	2
154	3	1.470464	0.5700002	-7.735662	1.444566	2.063957	-7.685085	2
154	4	4.289105	0.5700002	5.667754	4.327363	1.943894	5.659063	3
154	5	4.037317	0.5700002	6.715231	4.026566	2.203866	6.657202	3
154	6	-0.4806284	0.5700002	7.627446	-0.5026082	2.120092	7.579053	0
154	7	4.555802	0.5700002	-10.96638	4.547741	2.358596	-10.91564	0
155	1	0.4770813	0.5700002	-7.354551	0.4665802	1.983872	-7.312798	2
155	2	0.6755749	0.5700002	-8.368856	0.627888	2.187285	-8.315328	2
155	3	1.471711	0.5700002	-7.647829	1.448153	2.067374	-7.597881	2
155	4	4.296097	0.5700002	5.647026	4.334149	1.943904	5.637506	3
155	5	4.075407	0.5700002	6.630174	4.061692	2.206678	6.570037	3
155	6	-0.4742059	0.5700002	7.545595	-0.4919631	2.122242	7.497987	0
155	7	4.528829	0.5700002	-10.88998	4.510561	2.360086	-10.84366	0
156	1	0.4833915	0.5700002	-7.263018	0.4748257	1.982275	-7.222428	2
156	2	0.6797546	0.5700002	-8.282223	0.6339253	2.190538	-8.226761	2
156	3	1.472778	0.5700002	-7.560151	1.451751	2.069332	-7.5113	2
156	4	4.302212	0.5700002	5.626297	4.339839	1.943915	5.615243	3
156	5	4.111802	0.5700002	6.540906	4.096906	2.209929	6.479358	3
156	6	-0.4680173	0.5700002	7.464138	-0.4791615	2.12377	7.418172	0
156	7	4.50125	0.5700002	-10.81358	4.47121	2.361555	-10.77244	0
157	1	0.4900058	0.5700002	-7.172143	0.4831524	1.979885	-7.133037	2
157	2	0.6838816	0.5700002	-8.195591	0.6405123	2.194496	-8.138292	2
157	3	1.473688	0.5700002	-7.472609	1.455385	2.068891	-7.425841	2
157	4	4.308045	0.5700002	5.602558	4.345092	1.943926	5.589711	3
157	5	4.146204	0.5700002	6.45068	4.136446	2.213696	6.391946	3
157	6	-0.4621828	0.5700002	7.383109	-0.4649832	2.125208	7.338844	0
157	7	4.473114	0.5700002	-10.73715	4.436706	2.363608	-10.69935	0
158	1	0.4968602	0.5700002	-7.081841	0.4914746	1.976915	-7.044347	2
158	2	0.6879543	0.5700002	-8.10896	0.6478164	2.199186	-8.049522	2
158	3	1.474461	0.5700002	-7.385183	1.458638	2.067421	-7.340373	2
158	4	4.313795	0.5700002	5.575466	4.350379	1.943941	5.561371	3
158	5	4.178656	0.5700002	6.360462	4.178442	2.216234	6.307306	3
158	6	-0.4565504	0.5700002	7.302432	-0.4500386	2.126688	7.259657	0
158	7	4.444433	0.5700002	-10.66067	4.408565	2.366313	-10.6239	0
159	1	0.5038984	0.5700002	-6.992034	0.500362	1.972486	-6.956163	2
159	2	0.6919721	0.5700002	-8.022331	0.6564752	2.205841	-7.961825	2
159	3	1.475115	0.5700002	-7.297858	1.461868	2.065627	-7.254461	2
159	4	4.31921	0.5700002	5.544707	4.355227	1.943961	5.529243	3
159	5	4.203679	0.5700002	6.276193	4.217524	2.222385	6.2309	3
159	6	-0.4511228	0.5700002	7.222073	-0.4316534	2.128326	7.18118	0
159	7	4.415241	0.5700002	-10.58408	4.379655	2.368748	-10.54868	0
160	1	0.5110719	0.5700002	-6.902656	0.5097565	1.967251	-6.868614	2
160	2	0.6959349	0.5700002	-7.935703	0.6661715	2.212934	-7.878979	2
160	3	1.475665	0.5700002	-7.210621	1.465102	2.062363	-7.168902	2
160	4	4.324214	0.5700002	5.510291	4.359684	1.943981	5.493631	3
160	5	4.215392	0.5700002	6.2037	4.238532	2.229922	6.163673	3
160	6	-0.4460563	0.5700002	7.142087	-0.4255531	2.132179	7.102617	0
160	7	4.385601	0.5700002	-10.50737	4.349386	2.370119	-10.47337	0
161	1	0.5183389	0.5700002	-6.81365	0.5183025	1.964491	-6.781407	2
161	2	0.6998425	0.5700002	-7.849076	0.6732556	2.217337	-7.7941	2
161	3	1.476125	0.5700002	-7.123461	1.467218	2.059256	-7.083253	2
161	4	4.328675	0.5700002	5.472304	4.363631	1.943991	5.45459	3
161	5	4.197797	0.5700002	6.15847	4.200745	2.238843	6.118289	3
161	6	-0.4412836	0.5700002	7.062457	-0.4210412	2.134055	7.023868	0
161	7	4.355504	0.5700002	-10.43049	4.318262	2.370214	-10.39759	0
162	1	0.5254203	0.5700002	-6.727938	0.5257336	1.964144	-6.69732	2
162	2	0.7036949	0.5700002	-7.76245	0.6798341	2.221159	-7.70826	2
162	3	1.476507	0.5700002	-7.036366	1.469293	2.055437	-6.99754	2
162	4	4.332429	0.5700002	5.431303	4.366868	1.944002	5.412596	3
162	5	4.15571	0.5700002	6.136123	4.1319	2.24014	6.104043	3
162	6	-0.4367611	0.5700002	6.983172	-0.4163506	2.135329	6.945235	0
162	7	4.324949	0.5700002	-10.35343	4.286205	2.369698	-10.32195	0
163	1	0.5302069	0.5700002	-6.644293	0.5301008	1.964717	-6.61512	2
163	2	0.7074924	0.5700002	-7.675824	0.6862504	2.222776	-7.623046	2
163	3	1.47682	0.5700002	-6.949328	1.471223	2.051815	-6.911244	2
163	4	4.335222	0.5700002	5.388013	4.356254	1.935251	5.360157	3
163	5	4.091125	0.5700002	6.136062	4.051423	2.236904	6.117665	3
163	6	-0.4324886	0.5700002	6.904205	-0.4115574	2.135941	6.866747	0
163	7	4.293947	0.5700002	-10.27614	4.253504	2.368646	-10.24635	0
164	1	0.5329925	0.5700002	-6.562443	0.5326571	1.965411	-6.534411	2
164	2	0.711235	0.5700002	-7.589199	0.6929283	2.221903	-7.538973	2
164	3	1.478803	0.5700002	-6.860896	1.475967	2.047486	-6.823905	2
164	4	4.33668	0.5700002	5.343394	4.356049	1.934012	5.314832	3
164	5	4.020386	0.5700002	6.146994	3.97735	2.236239	6.134503	3
164	6	-0.4284384	0.5700002	6.825514	-0.4066045	2.136116	6.788511	0
164	7	4.262681	0.5700002	-10.1986	4.220122	2.36703	-10.17047	0
165	1	0.5340633	0.5700002	-6.482154	0.5337605	1.965246	-6.454226	2
165	2	0.7149239	0.5700002	-7.502574	0.6993672	2.220093	-7.454617	2
165	3	1.482227	0.5700002	-6.771249	1.481928	2.043604	-6.736084	2
165	4	4.336335	0.5700002	5.298365	4.353994	1.932939	5.269066	3
165	5	3.962702	0.5700002	6.157127	3.922006	2.240031	6.145289	3
165	6	-0.424596	0.5700002	6.747048	-0.4015098	2.135859	6.710562	0
165	7	4.231147	0.5700002	-10.12079	4.185925	2.364813	-10.09401	0
166	1	0.5336925	0.5700002	-6.403225	0.5334374	1.964821	-6.374779	2
166	2	0.7185602	0.5700002	-7.41595	0.7051033	2.218479	-7.369201	2
166	3	1.486879	0.5700002	-6.680562	1.48903	2.040851	-6.647246	2
166	4	4.33362	0.5700002	5.25365	4.349354	1.932086	5.223567	3
166	5	3.921338	0.5700002	6.166336	3.883053	2.243546	6.156084	3
166	6	-0.4210959	0.5700002	6.668883	-0.396575	2.13527	6.632996	0
166	7	4.199352	0.5700002	-10.04268	4.151607	2.362252	-10.01771	0
167	1	0.5321374	0.5700002	-6.325484	0.5329745	1.963857	-6.296329	2
167	2	0.7221451	0.5700002	-7.329327	0.7109442	2.215765	-7.28403	2
167	3	1.490888	0.5700002	-6.59041	1.494472	2.040501	-6.559671	2
167	4	4.327748	0.5700002	5.21177	4.341495	1.931872	5.180992	3
167	5	3.909787	0.5700002	6.164513	3.885119	2.249285	6.145103	3
167	6	-0.4178914	0.5700002	6.59096	-0.3912221	2.134053	6.555714	0
167	7	4.167314	0.5700002	-9.964248	4.116639	2.358849	-9.941857	0
167	8	-2.585264	0.5700002	17.2781	-2.546268	1.981343	17.2626	0
168	1	0.529623	0.5700002	-6.248773	0.5343809	1.961377	-6.218677	2
168	2	0.72568	0.5700002	-7.242703	0.7176138	2.209558	-7.200369	2
168	3	1.494336	0.5700002	-6.500723	1.500749	2.038131	-6.470582	2
168	4	4.319271	0.5700002	5.171977	4.346263	1.94402	5.142803	3
168	5	3.92484	0.5700002	6.153419	3.957205	2.249248	6.149863	3
168	6	-0.4149429	0.5700002	6.513216	-0.3846048	2.131379	6.478377	0
168	7	4.135054	0.5700002	-9.885462	4.080089	2.353153	-9.865737	0
168	8	-2.582316	0.5700002	17.25674	-2.543497	1.981327	17.2412	0
169	1	0.5263452	0.5700002	-6.172952	0.5339942	1.959409	-6.141771	2
169	2	0.7291659	0.5700002	-7.15608	0.7230133	2.205075	-7.115028	2
169	3	1.497298	0.5700002	-6.411438	1.506415	2.035994	-6.380488	2
169	4	4.308878	0.5700002	5.133883	4.334146	1.944009	5.103104	3
169	5	3.961223	0.5700002	6.133498	3.994519	2.249223	6.134694	3
169	6	-0.4120179	0.5700002	6.43557	-0.379259	2.12941	6.401568	0
169	7	4.102606	0.5700002	-9.806302	4.045016	2.349122	-9.787531	0
169	8	-2.578181	0.5700002	17.22677	-2.539495	1.981319	17.21122	0
170	1	0.5224736	0.5700002	-6.097896	0.5337269	1.957363	-6.065272	2
170	2	0.7326037	0.5700002	-7.069457	0.7282892	2.200923	-7.02956	2
170	3	1.499835	0.5700002	-6.322503	1.513184	2.033352	-6.291033	2
170	4	4.297292	0.5700002	5.097114	4.321321	1.943999	5.065253	3
170	5	4.0144	0.5700002	6.105119	4.058434	2.23982	6.107181	3
170	6	-0.4092722	0.5700002	6.358074	-0.3743102	2.127409	6.324821	0
170	7	4.070138	0.5700002	-9.726776	4.010336	2.344939	-9.708329	0
170	8	-2.573018	0.5700002	17.18935	-2.534468	1.981313	17.17379	0
171	1	0.5197972	0.5700002	-6.021731	0.5366176	1.954968	-5.987757	2
171	2	0.7359952	0.5700002	-6.982833	0.7338676	2.196282	-6.945537	2
171	3	1.502004	0.5700002	-6.233871	1.52269	2.028595	-6.200863	2
171	4	4.28528	0.5700002	5.061527	4.308708	1.943992	5.02901	3
171	5	4.07817	0.5700002	6.06798	4.124295	2.235659	6.07034	3
171	6	-0.4066693	0.5700002	6.280668	-0.3689904	2.12453	6.24791	0
171	7	4.037667	0.5700002	-9.646866	3.974409	2.339794	-9.627673	0
171	8	-2.566964	0.5700002	17.14548	-2.527843	1.97176	17.1138	0
171	9	-1.725108	0.5700002	-15.73928	-1.761916	2.335743	-15.70389	0
172	1	0.5180773	0.5700002	-5.944433	0.5372708	1.956612	-5.909807	2
172	2	0.739342	0.5700002	-6.896211	0.7408096	2.193247	-6.863091	2
172	3	1.503852	0.5700002	-6.1455	1.535062	2.024491	-6.109304	2
172	4	4.273664	0.5700002	5.026973	4.297334	1.943988	4.994171	3
172	5	4.146962	0.5700002	6.021861	4.196047	2.229082	6.026028	3
172	6	-0.4040954	0.5700002	6.203321	-0.3625132	2.119359	6.170506	0
172	7	4.005223	0.5700002	-9.566554	3.935452	2.333802	-9.544	0
172	8	-2.560138	0.5700002	17.096	-2.524176	1.972951	17.06337	0
172	9	-1.722901	0.5700002	-15.71782	-1.760963	2.335763	-15.68299	0
173	1	0.5170616	0.5700002	-5.863436	0.5405828	1.958634	-5.826641	2
173	2	0.7426457	0.5700002	-6.809588	0.7473366	2.190912	-6.777251	2
173	3	1.505421	0.5700002	-6.057357	1.537134	2.028906	-6.019574	2
173	4	4.262897	0.5700002	4.993346	4.287227	1.943983	4.960628	3
173	5	4.215703	0.5700002	5.966752	4.267286	2.221991	5.972522	3
173	6	-0.401594	0.5700002	6.125966	-0.3574073	2.114921	6.092098	0
173	7	3.972948	0.5700002	-9.48586	3.903042	2.330584	-9.460238	0
173	8	-2.552642	0.5700002	17.04168	-2.519423	1.974308	17.00819	0
173	9	-1.719806	0.5700002	-15.68773	-1.75886	2.335788	-15.65349	0
