2	1	-0.412933	0.6791833	2
3	1	-0.4090191	0.679332	2
3	2	-0.4188924	0.678957	2
4	1	-0.4030616	0.6795582	2
4	2	-0.4224071	0.6788235	2
4	3	1.672529	0.3322855	3
5	1	-0.3961415	0.6798211	2
5	2	-0.425422	0.6787091	2
5	3	1.663479	0.3270026	3
5	4	1.702405	0.3497274	3
6	1	-0.3891572	0.6800864	2
6	2	-0.4271829	0.6786423	2
6	3	1.654438	0.3217247	3
6	4	1.7048	0.3511255	3
6	5	0.8147114	-0.1697301	0
6	1	0.3213989	0.8519576	2
6	2	0.3094298	0.8514857	2
6	3	1.06737	0.6960094	3
6	4	1.074869	0.712611	3
6	5	0.8319274	0.1712854	0
7	1	-0.3827861	0.6803284	2
7	2	-0.4278324	0.6786177	2
7	3	1.646271	0.3169563	3
7	4	1.705685	0.3516421	3
7	5	0.8135781	-0.1670134	0
7	1	0.323402	0.8520366	2
7	2	0.3092251	0.8514776	2
7	3	1.066115	0.693231	3
7	4	1.074997	0.7128948	3
7	5	0.8299787	0.1765996	0
8	1	-0.3769991	0.6805482	2
8	2	-0.4275073	0.67863	2
8	3	1.638917	0.312663	3
8	4	1.705242	0.3513834	3
8	5	0.812343	-0.1639957	0
8	1	0.3252208	0.8521084	2
8	2	0.3093276	0.8514817	2
8	3	1.064975	0.6907083	3
8	4	1.074933	0.7127527	3
8	5	0.8278531	0.182445	0
9	1	-0.3717526	0.6807475	2
9	2	-0.4263155	0.6786754	2
9	3	1.632302	0.3088014	3
9	4	1.703619	0.3504361	3
9	5	0.8110126	-0.1607063	0
9	1	0.3268692	0.8521733	2
9	2	0.3097031	0.8514965	2
9	3	1.063942	0.6884217	3
9	4	1.074698	0.7122318	3
9	5	0.8255724	0.1887493	0
10	1	-0.3669924	0.6809283	2
10	2	-0.4243248	0.678751	2
10	3	1.626344	0.3053228	3
10	4	1.700916	0.3488576	3
10	5	0.810577	-0.159606	0
11	1	-0.3626581	0.681093	2
11	2	-0.4216106	0.6788541	2
11	3	1.620953	0.3021759	3
11	4	1.697242	0.3467129	3
11	5	0.8099422	-0.1579957	0
11	6	1.485394	0.7300548	0
11	1	0.3297257	0.852286	2
11	2	0.3111853	0.851555	2
11	3	1.062153	0.6844597	3
11	4	1.073769	0.7101759	3
11	5	0.8237311	0.1938919	0
11	6	0.8871014	0.867721	0
12	1	-0.3586862	0.6812439	2
12	2	-0.4182523	0.6789817	2
12	3	1.616043	0.2993091	3
12	4	1.692717	0.3440714	3
12	5	0.80913	-0.1559355	0
12	6	1.483464	0.7276233	0
12	1	0.3309728	0.8523352	2
12	2	0.312243	0.8515967	2
12	3	1.061371	0.6827299	3
12	4	1.073107	0.7087088	3
12	5	0.8223438	0.1977695	0
12	6	0.8870075	0.8669785	0
13	1	-0.3550124	0.6813835	2
13	2	-0.414194	0.6791359	2
13	3	1.611525	0.2966717	3
13	4	1.687279	0.3408965	3
13	5	0.8081583	-0.1534764	0
13	6	1.480767	0.7242268	0
14	1	-0.3515685	0.6815171	2
14	2	-0.409654	0.6793417	2
14	3	1.607315	0.2942141	3
14	4	1.681261	0.3373831	3
14	5	0.8070699	-0.1506536	0
14	6	1.477417	0.7200074	0
14	7	-0.4881047	0.5483359	0
15	1	-0.3482943	0.681646	2
15	2	-0.4047136	0.6795902	2
15	3	1.603335	0.2918903	3
15	4	1.674777	0.333598	3
15	5	0.8058733	-0.1475046	0
15	6	1.473514	0.7150904	0
15	7	-0.4822881	0.5461912	0
15	8	0.7756931	-0.2549893	0
15	1	0.3342357	0.8524662	2
15	2	0.3165236	0.8517956	2
15	3	1.05933	0.6782094	3
15	4	1.070447	0.7028219	3
15	5	0.8168132	0.213363	0
15	6	0.8865185	0.8631127	0
15	7	0.2617297	0.8037468	0
15	8	0.8380359	-0.02486849	0
16	1	-0.3451324	0.6817725	2
16	2	-0.3994505	0.6798742	2
16	3	1.599512	0.2896585	3
16	4	1.667936	0.3296039	3
16	5	0.8045753	-0.1440609	0
16	6	1.469143	0.7095853	0
16	7	-0.4741719	0.5432084	0
16	8	0.7759697	-0.2547163	0
16	1	0.3352288	0.8525074	2
16	2	0.3181958	0.8518884	2
16	3	1.05871	0.676837	3
16	4	1.06942	0.7005469	3
16	5	0.8146213	0.2196085	0
16	6	0.8863012	0.8613937	0
16	7	0.2637213	0.8025595	0
16	8	0.8381468	-0.02413332	0
17	1	-0.3420308	0.6818995	2
17	2	-0.3939371	0.6801887	2
17	3	1.595784	0.2874821	3
17	4	1.660835	0.3254584	3
17	5	0.8041392	-0.1428916	0
17	6	1.464382	0.7035878	0
17	7	-0.4641061	0.5395229	0
17	8	0.7763581	-0.2543328	0
17	1	0.3362034	0.8525488	2
17	2	0.31995	0.851991	2
17	3	1.058102	0.6754929	3
17	4	1.068345	0.6981679	3
17	5	0.8138861	0.2217128	0
17	6	0.8860625	0.8595061	0
17	7	0.2662076	0.8010849	0
17	8	0.8383022	-0.02310252	0
18	1	-0.3389423	0.6820303	2
18	2	-0.3882401	0.6805296	2
18	3	1.592096	0.2853291	3
18	4	1.653563	0.3212131	3
18	5	0.8035025	-0.1411821	0
18	6	1.459296	0.6971809	0
18	7	-0.4524013	0.5352567	0
18	8	0.7768438	-0.2538533	0
18	1	0.3371745	0.8525913	2
18	2	0.3217649	0.8521023	2
18	3	1.057499	0.6741578	3
18	4	1.067236	0.6957126	3
18	5	0.8128168	0.2247755	0
18	6	0.8858053	0.8574725	0
18	7	0.2691215	0.7993675	0
18	8	0.8384963	-0.02181554	0
19	1	-0.3358269	0.6821679	2
19	2	-0.3824194	0.6808945	2
19	3	1.588402	0.2831724	3
19	4	1.646198	0.3169134	3
19	5	0.8027152	-0.138988	0
19	6	1.453942	0.6904365	0
19	7	-0.4393754	0.530599	0
19	8	0.7774147	-0.2532897	0
20	1	-0.3326504	0.6823158	2
20	2	-0.3765285	0.681282	2
20	3	1.584663	0.2809898	3
20	4	1.638807	0.3125985	3
20	5	0.8017918	-0.1363641	0
20	6	1.448369	0.6834168	0
20	7	-0.4252586	0.5256318	0
20	8	0.77806	-0.2526528	0
20	9	1.619736	0.4872351	0
20	1	0.3391556	0.8526843	2
20	2	0.3255028	0.8523476	2
20	3	1.056276	0.67145	3
20	4	1.064958	0.6906702	3
20	5	0.8098947	0.2333155	0
20	6	0.8852451	0.8530424	0
20	7	0.2760201	0.7954508	0
20	8	0.8389806	-0.01860452	0
20	9	0.9920141	0.7792217	0
21	1	-0.3293852	0.6824771	2
21	2	-0.3706138	0.6816919	2
21	3	1.580851	0.2787639	3
21	4	1.631446	0.3083011	3
21	5	0.8007436	-0.1333561	0
21	6	1.44262	0.6761752	0
21	7	-0.4101321	0.5201886	0
21	8	0.7787703	-0.2519517	0
21	9	1.618584	0.4872933	0
22	1	-0.3260102	0.6826547	2
22	2	-0.3647149	0.682125	2
22	3	1.576941	0.2764815	3
22	4	1.624161	0.3040481	3
22	5	0.7995797	-0.1300027	0
22	6	1.436731	0.6687577	0
22	7	-0.4050639	0.5182816	0
22	8	0.7795379	-0.2511938	0
22	9	1.616968	0.4873748	0
22	10	-0.05176161	0.3601615	4
23	1	-0.3225111	0.6828462	2
23	2	-0.3588634	0.6825755	2
23	3	1.572919	0.2741336	3
23	4	1.616988	0.2998608	3
23	5	0.7983072	-0.1263375	0
23	6	1.430734	0.6612037	0
23	7	-0.3977551	0.515506	0
23	8	0.7803558	-0.2503865	0
23	9	1.61495	0.4874766	0
23	10	-0.05199975	0.3607385	4
23	11	-0.05199975	0.3607385	4
23	1	0.3423588	0.8528569	2
23	2	0.3311626	0.8527688	2
23	3	1.054323	0.667125	3
23	4	1.061522	0.6830635	3
23	5	0.8040104	0.250668	0
23	6	0.8843181	0.845711	0
23	7	0.2830256	0.7912662	0
23	8	0.8398885	-0.01258397	0
23	9	0.9902381	0.7793268	0
23	10	0.3764433	0.7178491	4
23	11	0.3764433	0.7178491	4
24	1	-0.3188781	0.6830496	2
24	2	-0.3530846	0.6830406	2
24	3	1.568775	0.2717143	3
24	4	1.609956	0.2957554	3
24	5	0.7979003	-0.1250858	0
24	6	1.424656	0.6535468	0
24	7	-0.3885448	0.512004	0
24	8	0.781218	-0.2495351	0
24	9	1.612583	0.487596	0
24	10	-0.05235709	0.361605	4
24	11	-0.05235703	0.361605	4
24	1	0.3435083	0.8529229	2
24	2	0.3330195	0.8529201	2
24	3	1.053627	0.6655852	3
24	4	1.060397	0.6805725	3
24	5	0.8033086	0.2527953	0
24	6	0.8839918	0.8431303	0
24	7	0.2853694	0.7898034	0
24	8	0.8402273	-0.01033664	0
24	9	0.9893602	0.7793788	0
24	10	0.3764715	0.7183168	4
24	11	0.3764715	0.7183168	4
25	1	-0.3151058	0.6832641	2
25	2	-0.3473983	0.683519	2
25	3	1.564505	0.2692217	3
25	4	1.603083	0.2917432	3
25	5	0.7973149	-0.1232545	0
25	6	1.418518	0.6458155	0
25	7	-0.3777353	0.5079033	0
25	8	0.7821195	-0.2486453	0
25	9	1.609913	0.4877306	0
25	10	-0.0528338	0.3627623	4
25	11	-0.05283362	0.3627623	4
25	1	0.3447021	0.8529927	2
25	2	0.3348492	0.8530755	2
25	3	1.052907	0.6639909	3
25	4	1.059289	0.6781191	3
25	5	0.8022939	0.2558927	0
25	6	0.8836585	0.8404958	0
25	7	0.2881392	0.7880802	0
25	8	0.8405805	-0.007995367	0
25	9	0.9883703	0.7794374	0
25	10	0.3765092	0.7189404	4
25	11	0.3765093	0.7189404	4
26	1	-0.3107472	0.6834856	2
26	2	-0.3418134	0.6840112	2
26	3	1.56011	0.2666556	3
26	4	1.596383	0.2878315	3
26	5	0.7965697	-0.1209114	0
26	6	1.412341	0.6380346	0
26	7	-0.3655922	0.5033184	0
26	8	0.7830558	-0.2477211	0
26	9	1.606982	0.4878785	0
26	10	-0.05343011	0.3642123	4
26	11	-0.05342969	0.3642123	4
27	1	-0.3058155	0.6837085	2
27	2	-0.3363287	0.6845188	2
27	3	1.55505	0.2637014	3
27	4	1.589855	0.2840204	3
27	5	0.7956797	-0.1181133	0
27	6	1.406141	0.6302246	0
27	7	-0.352349	0.4983509	0
27	8	0.7840144	-0.2467749	0
27	9	1.603822	0.4880379	0
27	10	-0.05414616	0.365957	4
27	11	-0.05414538	0.3659569	4
27	12	0.8265158	-0.202821	0
27	1	0.3476262	0.8531371	2
27	2	0.3384199	0.8534001	2
27	3	1.0513	0.6604327	3
27	4	1.057132	0.6733435	3
27	5	0.799482	0.2644928	0
27	6	0.8829755	0.8350938	0
27	7	0.2947339	0.7840222	0
27	8	0.8413186	-0.00310111	0
27	9	0.9861122	0.7795712	0
27	10	0.3766145	0.7206551	4
27	11	0.3766148	0.720655	4
27	12	0.8556052	0.1023543	0
28	1	-0.3003687	0.683928	2
28	2	-0.3309358	0.6850438	2
28	3	1.549388	0.2603961	3
28	4	1.583487	0.2803026	3
28	5	0.7946572	-0.1149086	0
28	6	1.399931	0.6224033	0
28	7	-0.3382083	0.4930901	0
28	8	0.7849929	-0.2458094	0
28	9	1.600465	0.4882072	0
28	10	-0.05501296	0.3680011	4
28	11	-0.05498008	0.3679988	4
28	12	0.8260493	-0.2017684	0
28	1	0.3493328	0.8532084	2
28	2	0.3401644	0.8535705	2
28	3	1.050329	0.6582835	3
28	4	1.056082	0.6710192	3
28	5	0.7977499	0.2697836	0
28	6	0.882627	0.8323377	0
28	7	0.2984654	0.7817609	0
28	8	0.8416981	-0.0005891323	0
28	9	0.9848682	0.7796448	0
28	10	0.3766709	0.721747	4
28	11	0.3766834	0.7217458	4
28	12	0.8547357	0.1046746	0
29	1	-0.294499	0.6841444	2
29	2	-0.3256209	0.6855888	2
29	3	1.543229	0.2568007	3
29	4	1.57726	0.2766675	3
29	5	0.7935115	-0.1113379	0
29	6	1.393725	0.6145853	0
29	7	-0.3233462	0.4876155	0
29	8	0.7859895	-0.244827	0
29	9	1.596936	0.4883852	0
29	10	-0.05603237	0.3703479	4
29	11	-0.05593283	0.3703408	4
29	12	0.8253911	-0.200285	0
30	1	-0.28832	0.6843652	2
30	2	-0.3203677	0.6861559	2
30	3	1.536702	0.2529902	3
30	4	1.571151	0.2731013	3
30	5	0.7922804	-0.1074287	0
30	6	1.387524	0.606773	0
30	7	-0.318688	0.4860029	0
30	8	0.7870027	-0.243829	0
30	9	1.593259	0.4885707	0
30	10	-0.057206	0.373001	4
30	11	-0.05700156	0.372986	4
30	12	0.8245618	-0.1984216	0
30	13	-0.1487594	0.254588	5
31	1	-0.2819488	0.6845931	2
31	2	-0.3151547	0.6867403	2
31	3	1.529943	0.2490444	3
31	4	1.565136	0.2695895	3
31	5	0.7918745	-0.1060946	0
31	6	1.381341	0.5989834	0
31	7	-0.3120455	0.4837623	0
31	8	0.7880318	-0.2428167	0
31	9	1.589452	0.4887627	0
31	10	-0.05853587	0.3759648	4
31	11	-0.05818377	0.3759378	4
31	12	0.8235783	-0.1962216	0
31	13	-0.1452117	0.252601	5
31	14	-0.154145	0.2576053	5
32	1	-0.275497	0.6848351	2
32	2	-0.3099663	0.687344	2
32	3	1.523083	0.2450394	3
32	4	1.55919	0.2661184	3
32	5	0.7912856	-0.1041456	0
32	6	1.375188	0.5912302	0
32	7	-0.3037271	0.4810084	0
32	8	0.7890762	-0.241791	0
32	9	1.585533	0.4889603	0
32	10	-0.0600243	0.3792441	4
32	11	-0.05947606	0.3791999	4
32	12	0.8224806	-0.1937146	0
32	13	-0.1398416	0.2495936	5
32	14	-0.1573189	0.2593845	5
32	15	1.743092	1.127347	0
32	1	0.3571031	0.8535028	2
32	2	0.3469799	0.854315	2
32	3	1.045734	0.6481121	3
32	4	1.052006	0.6619954	3
32	5	0.7921001	0.2871711	0
32	6	0.881199	0.8210346	0
32	7	0.307871	0.7764947	0
32	8	0.8432704	0.009765089	0
32	9	0.9793392	0.7799723	0
32	10	0.3768828	0.7276828	4
32	11	0.3770875	0.7276597	4
32	12	0.8481922	0.1221354	0
32	13	0.3137496	0.651161	5
32	14	0.3088632	0.6576229	5
32	15	0.8856691	0.9632638	0
33	1	-0.2694694	0.6851298	2
33	2	-0.3047992	0.6879755	2
33	3	1.51668	0.2413014	3
33	4	1.553299	0.262679	3
33	5	0.7905328	-0.1016533	0
33	6	1.369069	0.5835215	0
33	7	-0.2940059	0.4778428	0
33	8	0.7901357	-0.2407525	0
33	9	1.581517	0.4891629	0
33	10	-0.06167386	0.3828443	4
33	11	-0.06087324	0.382776	4
33	12	0.8212761	-0.1909329	0
33	13	-0.133644	0.2461231	5
33	14	-0.1600354	0.2609087	5
33	15	1.73794	1.120487	0
33	1	0.358997	0.8535983	2
33	2	0.348667	0.854519	2
33	3	1.044595	0.6455888	3
33	4	1.051	0.6597694	3
33	5	0.7908373	0.2911154	0
33	6	0.8808357	0.8181582	0
33	7	0.3106114	0.7750978	0
33	8	0.8436763	0.01241505	0
33	9	0.9778531	0.7800604	0
33	10	0.3769324	0.7295587	4
33	11	0.3772296	0.7295232	4
33	12	0.8459976	0.1280503	0
33	13	0.3155058	0.6488402	5
33	14	0.3081127	0.6586177	5
33	15	0.8855236	0.9619576	0
34	1	-0.2637953	0.6854792	2
34	2	-0.2996554	0.6886436	2
34	3	1.510655	0.2377839	3
34	4	1.547454	0.2592666	3
34	5	0.7896312	-0.09867811	0
34	6	1.36299	0.5758632	0
34	7	-0.2831224	0.4743553	0
34	8	0.7912099	-0.2397012	0
34	9	1.577415	0.4893698	0
34	10	-0.0634874	0.3867713	4
34	11	-0.06236905	0.3866694	4
34	12	0.8208525	-0.1899395	0
34	13	-0.1274299	0.2426445	5
34	14	-0.1616011	0.2617871	5
34	15	1.731946	1.112504	0
34	1	0.3607908	0.8537115	2
34	2	0.3503517	0.8547346	2
34	3	1.043514	0.6431969	3
34	4	1.049996	0.6575459	3
34	5	0.7893403	0.2957851	0
34	6	0.8804705	0.8152677	0
34	7	0.3137092	0.7735505	0
34	8	0.8440871	0.01508647	0
34	9	0.9763361	0.7801502	0
34	10	0.3769806	0.7315914	4
34	11	0.3773931	0.7315388	4
34	12	0.845224	0.1301483	0
34	13	0.3172791	0.6464977	5
34	14	0.3076813	0.6591896	5
34	15	0.8853531	0.9604256	0
35	1	-0.2584143	0.6858855	2
35	2	-0.2945404	0.6893575	2
35	3	1.50494	0.2344475	3
35	4	1.541651	0.255879	3
35	5	0.7886236	-0.09526324	0
35	6	1.356955	0.5682599	0
35	7	-0.2713126	0.4706955	0
35	8	0.7922978	-0.2386383	0
35	9	1.573239	0.4895804	0
35	10	-0.06546761	0.3910316	4
35	11	-0.0639547	0.390883	4
35	12	0.8202323	-0.1884819	0
35	13	-0.1217953	0.2394924	5
35	14	-0.1621433	0.2620893	5
35	15	1.725248	1.103584	0
35	1	0.3625033	0.8538432	2
35	2	0.3520337	0.8549648	2
35	3	1.042482	0.6409126	3
35	4	1.048992	0.6553238	3
35	5	0.787657	0.3010927	0
35	6	0.8801036	0.8123647	0
35	7	0.3171188	0.7719173	0
35	8	0.8445022	0.01777619	0
35	9	0.9747922	0.7802416	0
35	10	0.3770276	0.7337809	4
35	11	0.3775816	0.7337048	4
35	12	0.8440953	0.1332136	0
35	13	0.3188985	0.6443608	5
35	14	0.3075315	0.6593862	5
35	15	0.8851609	0.958698	0
36	1	-0.2532741	0.6863519	2
36	2	-0.2894625	0.6901264	2
36	3	1.499478	0.2312589	3
36	4	1.535891	0.2525164	3
36	5	0.7875159	-0.09145248	0
36	6	1.350967	0.5607156	0
36	7	-0.2587526	0.4669188	0
36	8	0.7933986	-0.2375646	0
36	9	1.569	0.4897943	0
36	10	-0.06761759	0.3956324	4
36	11	-0.06561861	0.3954189	4
36	12	0.8194373	-0.1866155	0
36	13	-0.1167042	0.236648	5
36	14	-0.1617881	0.2618853	5
36	15	1.717964	1.093885	0
36	1	0.3641506	0.8539941	2
36	2	0.353712	0.8552125	2
36	3	1.04149	0.638715	3
36	4	1.047989	0.6531032	3
36	5	0.7858101	0.3069512	0
36	6	0.8797355	0.8094511	0
36	7	0.3207933	0.7702217	0
36	8	0.8449215	0.02048206	0
36	9	0.9732252	0.7803344	0
36	10	0.3770736	0.7361271	4
36	11	0.3777994	0.7360187	4
36	12	0.8426574	0.1371161	0
36	13	0.3203715	0.6424209	5
36	14	0.3076279	0.6592536	5
36	15	0.8849497	0.9568008	0
37	1	-0.2483307	0.6868814	2
37	2	-0.2844312	0.6909594	2
37	3	1.494222	0.2281903	3
37	4	1.530176	0.2491797	3
37	5	0.7863123	-0.08728266	0
37	6	1.345027	0.5532331	0
37	7	-0.2455938	0.4630711	0
37	8	0.794512	-0.2364805	0
37	9	1.564704	0.4900109	0
37	10	-0.06994042	0.4005817	4
37	11	-0.06734519	0.4002767	4
37	12	0.8184844	-0.1843866	0
37	13	-0.1121092	0.2340861	5
37	14	-0.1606343	0.2612306	5
37	15	1.710202	1.083548	0
37	1	0.3657468	0.8541654	2
37	2	0.3553848	0.8554804	2
37	3	1.040528	0.6365864	3
37	4	1.046987	0.650885	3
37	5	0.783819	0.3132848	0
37	6	0.8793661	0.8065283	0
37	7	0.3246916	0.7684834	0
37	8	0.8453445	0.0232029	0
37	9	0.9716381	0.7804284	0
37	10	0.3771189	0.7386302	4
37	11	0.378052	0.7384766	4
37	12	0.8409504	0.1417421	0
37	13	0.3217097	0.6406641	5
37	14	0.3079437	0.6588274	5
37	15	0.8847223	0.9547566	0
38	1	-0.2435463	0.6874772	2
38	2	-0.2794566	0.6918651	2
38	3	1.48913	0.2252179	3
38	4	1.524509	0.2458712	3
38	5	0.7859033	-0.08585978	0
38	6	1.339139	0.5458152	0
38	7	-0.2414243	0.4619559	0
38	8	0.7956375	-0.2353859	0
38	9	1.56036	0.49023	0
38	10	-0.07243933	0.4058879	4
38	11	-0.06911353	0.4054531	4
38	12	0.8173883	-0.1818359	0
38	13	-0.1079562	0.231778	5
38	14	-0.1587486	0.2601631	5
38	15	1.70205	1.072692	0
38	1	0.3673036	0.854358	2
38	2	0.3570504	0.8557715	2
38	3	1.039591	0.6345119	3
38	4	1.045987	0.648671	3
38	5	0.7831464	0.3154281	0
38	6	0.8789958	0.8035974	0
38	7	0.3259549	0.7679775	0
38	8	0.8457711	0.02593809	0
38	9	0.9700335	0.7805235	0
38	10	0.3771637	0.7412901	4
38	11	0.3783459	0.741073	4
38	12	0.8390086	0.1469922	0
38	13	0.3229272	0.6390736	5
38	14	0.3084613	0.6581315	5
38	15	0.8844807	0.9525851	0
39	1	-0.238887	0.6881365	2
39	2	-0.2745447	0.6928467	2
39	3	1.48417	0.2223222	3
39	4	1.518894	0.2425932	3
39	5	0.7853057	-0.08378386	0
39	6	1.333303	0.5384636	0
39	7	-0.2355575	0.460501	0
39	8	0.796775	-0.2342808	0
39	9	1.555974	0.4904513	0
39	10	-0.07511718	0.4115603	4
39	11	-0.07089484	0.410938	4
39	12	0.8161874	-0.1789904	0
39	13	-0.1041874	0.2296911	5
39	14	-0.156206	0.2587259	5
39	15	1.693588	1.061422	0
39	1	0.3688309	0.854571	2
39	2	0.3587071	0.8560865	2
39	3	1.038673	0.632479	3
39	4	1.04499	0.646463	3
39	5	0.7821696	0.3185384	0
39	6	0.8786244	0.8006595	0
39	7	0.3277615	0.7673161	0
39	8	0.8462011	0.02868819	0
39	9	0.9684138	0.7806194	0
39	10	0.3772087	0.7441067	4
39	11	0.3786894	0.7437991	4
39	12	0.8368794	0.1527945	0
39	13	0.3240391	0.637629	5
39	14	0.3091616	0.6571923	5
39	15	0.8842269	0.9503031	0
40	1	-0.2343249	0.6888584	2
40	2	-0.2697023	0.6939084	2
40	3	1.479314	0.2194871	3
40	4	1.513335	0.2393482	3
40	5	0.7845699	-0.08112383	0
40	6	1.327521	0.5311798	0
40	7	-0.2282432	0.4587597	0
40	8	0.7979244	-0.2331648	0
40	9	1.55155	0.4906744	0
40	10	-0.07797568	0.4176089	4
40	11	-0.07265157	0.4167119	4
40	12	0.8148877	-0.1758802	0
40	13	-0.100744	0.2277914	5
40	14	-0.1530861	0.2569648	5
40	15	1.684881	1.049827	0
40	1	0.3703368	0.8548039	2
40	2	0.3603534	0.8564268	2
40	3	1.037768	0.6304767	3
40	4	1.043996	0.6442628	3
40	5	0.7809463	0.3224963	0
40	6	0.8782522	0.7977157	0
40	7	0.3300357	0.7665224	0
40	8	0.8466338	0.03145361	0
40	9	0.9667809	0.7807161	0
40	10	0.3772551	0.7470802	4
40	11	0.3790922	0.7466412	4
40	12	0.8345861	0.1590708	0
40	13	0.3250611	0.6363087	5
40	14	0.3100244	0.6560377	5
40	15	0.8839623	0.9479254	0
41	1	-0.2298376	0.6896436	2
41	2	-0.2649356	0.6950557	2
41	3	1.474538	0.2166992	3
41	4	1.507838	0.2361387	3
41	5	0.7837075	-0.07794356	0
41	6	1.321793	0.523965	0
41	7	-0.2197272	0.4568491	0
41	8	0.7990854	-0.2320373	0
41	9	1.547094	0.4908991	0
41	10	-0.08339797	0.4291779	4
41	11	-0.07329512	0.4258775	4
41	12	0.8144561	-0.1748335	0
41	13	-0.09756757	0.2260455	5
41	14	-0.1493443	0.2548567	5
41	15	1.675986	1.037982	0
42	1	-0.2249383	0.6904285	2
42	2	-0.2602505	0.6963006	2
42	3	1.469363	0.2136781	3
42	4	1.502398	0.2329628	3
42	5	0.7827275	-0.07429731	0
42	6	1.316121	0.5168197	0
42	7	-0.2102488	0.454936	0
42	8	0.8002574	-0.2308991	0
42	9	1.54261	0.4911253	0
42	10	-0.08963656	0.4433648	4
42	11	-0.07215133	0.4363586	4
42	12	0.8138249	-0.1732994	0
42	13	-0.09460072	0.2244207	5
42	14	-0.1452067	0.252529	5
42	15	1.666953	1.025952	0
42	16	0.7323297	-0.2783203	6
43	1	-0.2197082	0.6911543	2
43	2	-0.2556486	0.6976009	2
43	3	1.463878	0.2104753	3
43	4	1.497007	0.2298159	3
43	5	0.7816398	-0.07023096	0
43	6	1.310505	0.5097446	0
43	7	-0.1999801	0.4530837	0
43	8	0.8014399	-0.2297506	0
43	9	1.538101	0.4913528	0
43	10	-0.0948886	0.4573157	4
43	11	-0.06868137	0.4464175	4
43	12	0.813016	-0.1713362	0
43	13	-0.09178998	0.2228867	5
43	14	-0.14075	0.2500266	5
43	15	1.657823	1.013793	0
43	16	0.7321048	-0.2778298	6
43	17	0.7323092	-0.2782755	6
44	1	-0.2147034	0.6919316	2
44	2	-0.2511326	0.6989679	2
44	3	1.458176	0.2071471	3
44	4	1.491657	0.2266921	3
44	5	0.7804866	-0.06577599	0
44	6	1.304944	0.5027398	0
44	7	-0.1890834	0.4513758	0
44	8	0.8026324	-0.228592	0
44	9	1.53357	0.4915813	0
44	10	-0.1005312	0.4719052	4
44	11	-0.06550889	0.4476683	4
44	12	0.8120472	-0.168993	0
44	13	-0.08908682	0.2214165	5
44	14	-0.1360462	0.2473913	5
44	15	1.64863	1.001551	0
44	16	0.731858	-0.2772913	6
44	17	0.7319502	-0.2774929	6
44	18	0.7333756	-0.2805992	6
45	1	-0.2098848	0.6927657	2
45	2	-0.2467007	0.7004079	2
45	3	1.452761	0.2039857	3
45	4	1.48634	0.2235883	3
45	5	0.780125	-0.06424797	0
45	6	1.299387	0.4957569	0
45	7	-0.1776981	0.4498665	0
45	8	0.8038347	-0.2274232	0
45	9	1.529019	0.491801	0
45	10	-0.1064956	0.4872099	4
45	11	-0.06063729	0.4489779	4
45	12	0.8109332	-0.1663119	0
45	13	-0.08644816	0.2199863	5
45	14	-0.1311614	0.244662	5
45	15	1.639454	0.9894406	0
45	16	0.7315888	-0.2767044	6
45	17	0.7315332	-0.2765861	6
45	18	0.7335965	-0.2810757	6
46	1	-0.2052202	0.693661	2
46	2	-0.2423522	0.7019266	2
46	3	1.447582	0.2009618	3
46	4	1.481056	0.2205033	3
46	5	0.7796128	-0.06201971	0
46	6	1.293848	0.4888073	0
46	7	-0.1659439	0.4486108	0
46	8	0.8050466	-0.2262434	0
46	9	1.524449	0.4920106	0
46	10	-0.1128328	0.5032644	4
46	11	-0.05436804	0.4503525	4
46	12	0.8096859	-0.163329	0
46	13	-0.08383662	0.2185755	5
46	14	-0.1261551	0.241874	5
46	15	1.630305	0.9774659	0
46	16	0.7313117	-0.2760918	6
46	17	0.7311196	-0.2756999	6
46	18	0.7337456	-0.2815607	6
46	19	-0.2535523	1.011081	0
47	1	-0.2006824	0.6946217	2
47	2	-0.2380876	0.7035287	2
47	3	1.442595	0.1980507	3
47	4	1.475804	0.2174375	3
47	5	0.7789696	-0.05917203	0
47	6	1.288335	0.4819004	0
47	7	-0.1624213	0.4485551	0
47	8	0.8062674	-0.2250524	0
47	9	1.519862	0.4922092	0
47	10	-0.1213798	0.5233562	4
47	11	-0.04708169	0.4519386	4
47	12	0.8083432	-0.1600678	0
47	13	-0.08121964	0.2171666	5
47	14	-0.1210789	0.2390558	5
47	15	1.621194	0.965631	0
47	16	0.7310577	-0.2755027	6
47	17	0.7306898	-0.2749282	6
47	18	0.7338158	-0.2820073	6
47	19	-0.2499437	1.01154	0
47	20	1.577989	0.7635547	0
47	1	0.3814601	0.8566551	2
47	2	0.3714547	0.8594874	2
47	3	1.030756	0.6149522	3
47	4	1.037112	0.629022	3
47	5	0.7715082	0.3540006	0
47	6	0.8755958	0.7768871	0
47	7	0.3519063	0.7618251	0
47	8	0.8497152	0.0512051	0
47	9	0.95512	0.7813804	0
47	10	0.3802613	0.7945161	4
47	11	0.3947226	0.7633914	4
47	12	0.8233448	0.1899647	0
47	13	0.3309712	0.6288292	5
47	14	0.3190952	0.6440638	5
47	15	0.8818156	0.9297	0
47	16	0.8073937	-0.08248675	6
47	17	0.8068005	-0.08080649	6
47	18	0.8128988	-0.1018022	6
47	19	0.4073929	0.9398531	0
47	20	0.9075259	0.877708	0
48	1	-0.1962465	0.6956486	2
48	2	-0.2339057	0.7052175	2
48	3	1.437766	0.1952313	3
48	4	1.470588	0.2143923	3
48	5	0.7782126	-0.05577266	0
48	6	1.282858	0.4750437	0
48	7	-0.1574828	0.4486124	0
48	8	0.8074971	-0.223851	0
48	9	1.515259	0.4923962	0
48	10	-0.1233217	0.5290353	4
48	11	-0.03886117	0.4535555	4
48	12	0.8079023	-0.1589651	0
48	13	-0.07857087	0.2157448	5
48	14	-0.1159778	0.2362333	5
48	15	1.612129	0.9539388	0
48	16	0.7308769	-0.2749152	6
48	17	0.7291303	-0.2738547	6
48	18	0.73381	-0.2823884	6
48	19	-0.2458787	1.012077	0
48	20	1.575347	0.7631216	0
48	1	0.3829591	0.8569834	2
48	2	0.3729753	0.8600206	2
48	3	1.02981	0.6128582	3
48	4	1.03613	0.6268493	3
48	5	0.7701691	0.3587022	0
48	6	0.8752003	0.7738566	0
48	7	0.353727	0.7618518	0
48	8	0.8501585	0.054079	0
48	9	0.9534391	0.7814612	0
48	10	0.3805423	0.7968425	4
48	11	0.3979891	0.7641368	4
48	12	0.8225945	0.192058	0
48	13	0.3317883	0.627816	5
48	14	0.3205799	0.6421372	5
48	15	0.8814439	0.927027	0
48	16	0.8069665	-0.08076787	6
48	17	0.8048959	-0.07767677	6
48	18	0.8130698	-0.1029506	6
48	19	0.4084639	0.9399687	0
48	20	0.9068479	0.8775817	0
49	1	-0.1918846	0.6967285	2
49	2	-0.2297954	0.706984	2
49	3	1.433063	0.192486	3
49	4	1.46541	0.2113695	3
49	5	0.7773897	-0.05187142	0
49	6	1.277421	0.4682429	0
49	7	-0.1512998	0.448743	0
49	8	0.8087351	-0.2226394	0
49	9	1.510643	0.4925714	0
49	10	-0.1255705	0.5365905	4
49	11	-0.02979095	0.4550802	4
49	12	0.8072609	-0.1573509	0
49	13	-0.07586908	0.2142991	5
49	14	-0.1108898	0.2334281	5
49	15	1.603118	0.9423916	0
49	16	0.7309409	-0.2741954	6
49	17	0.726907	-0.272346	6
49	18	0.7337057	-0.2826566	6
49	19	-0.241418	1.012685	0
49	20	1.572247	0.7626071	0
49	1	0.3844413	0.8573282	2
49	2	0.3744826	0.8605769	2
49	3	1.028883	0.6108073	3
49	4	1.03515	0.624679	3
49	5	0.7686772	0.3640419	0
49	6	0.8748021	0.7708173	0
49	7	0.3560179	0.7619123	0
49	8	0.850602	0.05696356	0
49	9	0.9517574	0.7815369	0
49	10	0.3810266	0.7999057	4
49	11	0.4015417	0.7648379	4
49	12	0.8215043	0.1951085	0
49	13	0.3326254	0.6267826	5
49	14	0.3220721	0.6402115	5
49	15	0.8810565	0.924351	0
49	16	0.8067068	-0.07866824	6
49	17	0.8022047	-0.07330108	6
49	18	0.8130965	-0.1037592	6
49	19	0.4096404	0.9400997	0
49	20	0.9060531	0.8774315	0
50	1	-0.1875758	0.6978526	2
50	2	-0.225748	0.7088218	2
50	3	1.428463	0.1898003	3
50	4	1.460275	0.2083713	3
50	5	0.7765118	-0.04751718	0
50	6	1.272027	0.4615027	0
50	7	-0.1440138	0.4489005	0
50	8	0.8099813	-0.2214186	0
50	9	1.506018	0.4927351	0
50	10	-0.128061	0.5455391	4
50	11	-0.01997109	0.4564694	4
50	12	0.8064412	-0.1552854	0
50	13	-0.07309807	0.2128198	5
50	14	-0.1058463	0.2306585	5
50	15	1.594167	0.9309908	0
50	16	0.7311321	-0.2732775	6
50	17	0.7243866	-0.2705457	6
50	18	0.7334757	-0.2827551	6
50	19	-0.2366137	1.01336	0
50	20	1.568749	0.7620188	0
50	1	0.3859113	0.8576865	2
50	2	0.3759779	0.8611542	2
50	3	1.027972	0.6087893	3
50	4	1.034172	0.6225128	3
50	5	0.7670567	0.3699321	0
50	6	0.874401	0.7677716	0
50	7	0.3587176	0.7619854	0
50	8	0.8510456	0.05985731	0
50	9	0.9500762	0.7816076	0
50	10	0.3816516	0.8034877	4
50	11	0.405337	0.765475	4
50	12	0.8201186	0.1989876	0
50	13	0.3334876	0.625722	5
50	14	0.3235625	0.6382995	5
50	15	0.8806545	0.9216729	0
50	16	0.8064771	-0.07599914	6
50	17	0.799136	-0.06811595	6
50	18	0.8129272	-0.104057	6
50	19	0.4109086	0.9402448	0
50	20	0.9051575	0.8772597	0
51	1	-0.1833036	0.6990146	2
51	2	-0.2217565	0.710726	2
51	3	1.423525	0.186918	3
51	4	1.455179	0.2053964	3
51	5	0.7755893	-0.04275084	0
51	6	1.266678	0.4548267	0
51	7	-0.1357448	0.4490409	0
51	8	0.8112352	-0.2201889	0
51	9	1.501387	0.4928877	0
51	10	-0.1303388	0.5553367	4
51	11	-0.009497133	0.4577082	4
51	12	0.8054611	-0.1528195	0
51	13	-0.07024599	0.2112998	5
51	14	-0.1008725	0.2279393	5
51	15	1.585279	0.9197371	0
51	16	0.7312776	-0.2721186	6
51	17	0.7235439	-0.2697809	6
51	18	0.7331281	-0.2827051	6
51	19	-0.231511	1.014094	0
51	20	1.564907	0.7613634	0
51	1	0.3873735	0.8580564	2
51	2	0.3774624	0.8617508	2
51	3	1.026988	0.6066108	3
51	4	1.033195	0.6203501	3
51	5	0.7653294	0.3762969	0
51	6	0.8739973	0.7647214	0
51	7	0.3617732	0.7620505	0
51	8	0.8514895	0.06275898	0
51	9	0.9483966	0.7816736	0
51	10	0.382477	0.8073534	4
51	11	0.4093385	0.7660421	4
51	12	0.8184756	0.2035837	0
51	13	0.3343783	0.6246287	5
51	14	0.325044	0.6364117	5
51	15	0.8802388	0.9189935	0
51	16	0.8061006	-0.07264376	6
51	17	0.7980467	-0.06592464	6
51	18	0.8125794	-0.1039059	6
51	19	0.4122564	0.9404024	0
51	20	0.904175	0.8770682	0
52	1	-0.1790552	0.7002096	2
52	2	-0.2178149	0.7126926	2
52	3	1.418332	0.1838863	3
52	4	1.450117	0.2024413	3
52	5	0.7753097	-0.04110742	0
52	6	1.261377	0.4482173	0
52	7	-0.126597	0.4491268	0
52	8	0.8124969	-0.2189503	0
52	9	1.496754	0.4930303	0
52	10	-0.1318674	0.5651966	4
52	11	-0.006053269	0.4578893	4
52	12	0.8043352	-0.1499964	0
52	13	-0.06730576	0.2097343	5
52	14	-0.09598718	0.2252787	5
52	15	1.576459	0.9086306	0
52	16	0.7314152	-0.2707434	6
52	17	0.7223313	-0.2686596	6
52	18	0.7326739	-0.2824948	6
52	19	-0.2261494	1.014888	0
52	20	1.560768	0.7606465	0
53	1	-0.1748217	0.701439	2
53	2	-0.2139208	0.7147232	2
53	3	1.41336	0.1809835	3
53	4	1.445087	0.1995044	3
53	5	0.7749556	-0.03871393	0
53	6	1.256125	0.4416766	0
53	7	-0.116698	0.4492078	0
53	8	0.8137661	-0.2177035	0
53	9	1.49212	0.4931633	0
53	10	-0.1324819	0.5743673	4
53	11	-0.001111381	0.4580575	4
53	12	0.8030756	-0.1468526	0
53	13	-0.06427385	0.2081212	5
53	14	-0.09120379	0.222683	5
53	15	1.56771	0.8976711	0
53	16	0.7315102	-0.2691936	6
53	17	0.720866	-0.2672707	6
53	18	0.7321286	-0.2821447	6
53	19	-0.220564	1.015746	0
53	20	1.556371	0.7598728	0
53	21	-0.6120847	0.8178177	0
53	1	0.3902859	0.858826	2
53	2	0.3804034	0.8629984	2
53	3	1.024943	0.6020831	3
53	4	1.031242	0.616027	3
53	5	0.7639754	0.3816216	0
53	6	0.8731822	0.7586136	0
53	7	0.3687795	0.762128	0
53	8	0.8523774	0.0685823	0
53	9	0.9450444	0.7817925	0
53	10	0.3848024	0.8146991	4
53	11	0.4124399	0.7662017	4
53	12	0.8145452	0.2145507	0
53	13	0.3362538	0.6223315	5
53	14	0.3279556	0.6327329	5
53	15	0.8793691	0.9136341	0
53	16	0.8050359	-0.06424677	6
53	17	0.7945749	-0.05878186	6
53	18	0.8113878	-0.102216	6
53	19	0.4151518	0.940757	0
53	20	0.9019956	0.876632	0
53	21	0.2828328	0.8929819	0
54	1	-0.170597	0.7027027	2
54	2	-0.2100716	0.7168173	2
54	3	1.408569	0.1781868	3
54	4	1.440087	0.1965859	3
54	5	0.7745386	-0.03565609	0
54	6	1.250922	0.4352056	0
54	7	-0.1061294	0.4492543	0
54	8	0.8150425	-0.2164485	0
54	9	1.487487	0.493288	0
54	10	-0.1322708	0.5827208	4
54	11	0.005136579	0.4582166	4
54	12	0.8017204	-0.1434118	0
54	13	-0.06115033	0.2064601	5
54	14	-0.08653144	0.2201552	5
54	15	1.559032	0.8868573	0
54	16	0.7316205	-0.2678421	6
54	17	0.7192916	-0.2656673	6
54	18	0.7315049	-0.2816725	6
54	19	-0.214784	1.016668	0
54	20	1.551753	0.7590469	0
54	21	-0.6105341	0.817783	0
54	1	0.3917407	0.8592262	2
54	2	0.3818611	0.8636492	2
54	3	1.02397	0.5999293	3
54	4	1.030266	0.6138657	3
54	5	0.7629986	0.3856148	0
54	6	0.872771	0.7555586	0
54	7	0.3726577	0.7621496	0
54	8	0.8528214	0.07150215	0
54	9	0.9433731	0.7818463	0
54	10	0.3861819	0.8178575	4
54	11	0.4147344	0.7662745	4
54	12	0.8123282	0.2207779	0
54	13	0.33724	0.621125	5
54	14	0.3293772	0.6309496	5
54	15	0.8789161	0.910955	0
54	16	0.8045509	-0.0604012	6
54	17	0.7924988	-0.05425739	6
54	18	0.8105897	-0.1007951	6
54	19	0.4166835	0.9409546	0
54	20	0.9008187	0.8763899	0
54	21	0.2832606	0.8929724	0
55	1	-0.1663767	0.7039995	2
55	2	-0.2062633	0.7189713	2
55	3	1.403927	0.1754766	3
55	4	1.435121	0.1936864	3
55	5	0.77407	-0.03200614	0
55	6	1.245771	0.4288054	0
55	7	-0.09496413	0.4492447	0
55	8	0.8163261	-0.2151859	0
55	9	1.482858	0.4934053	0
55	10	-0.1313695	0.5905126	4
55	11	0.01252183	0.4583654	4
55	12	0.8012747	-0.1422415	0
55	13	-0.05754862	0.2045421	5
55	14	-0.08196952	0.2176941	5
55	15	1.550427	0.8761877	0
55	16	0.7317227	-0.2666464	6
55	17	0.7177543	-0.2639344	6
55	18	0.730814	-0.2810935	6
55	19	-0.2088342	1.017653	0
55	20	1.546945	0.7581728	0
55	21	-0.6083597	0.8177342	0
55	1	0.3931963	0.8596362	2
55	2	0.383311	0.8643168	2
55	3	1.023021	0.5978299	3
55	4	1.02929	0.6117055	3
55	5	0.7618612	0.3903372	0
55	6	0.8723576	0.752504	0
55	7	0.376744	0.762145	0
55	8	0.8532655	0.07442641	0
55	9	0.9417053	0.7818969	0
55	10	0.3876839	0.8207682	4
55	11	0.4174401	0.7663424	4
55	12	0.8115908	0.2228796	0
55	13	0.3383808	0.6197267	5
55	14	0.3307742	0.6292045	5
55	15	0.8784519	0.9082768	0
55	16	0.8041283	-0.05701661	6
55	17	0.7904177	-0.04940081	6
55	18	0.809682	-0.09905648	6
55	19	0.4182619	0.9411654	0
55	20	0.8995947	0.8761333	0
55	21	0.2838604	0.8929591	0
56	1	-0.1621585	0.7053274	2
56	2	-0.2024918	0.72118	2
56	3	1.399405	0.1728367	3
56	4	1.43019	0.1908075	3
56	5	0.7735601	-0.0278244	0
56	6	1.24067	0.4224763	0
56	7	-0.09137952	0.4491736	0
56	8	0.8176169	-0.2139155	0
56	9	1.478234	0.4935165	0
56	10	-0.1297039	0.5971865	4
56	11	0.02089019	0.4584979	4
56	12	0.8006274	-0.1405289	0
56	13	-0.05351267	0.2023917	5
56	14	-0.07751048	0.2152945	5
56	15	1.541896	0.8656602	0
56	16	0.7317926	-0.2655723	6
56	17	0.7162707	-0.2620878	6
56	18	0.7300653	-0.2804205	6
56	19	-0.2027358	1.018699	0
56	20	1.541973	0.757254	0
56	21	-0.6056447	0.8176733	0
57	1	-0.1579374	0.7066787	2
57	2	-0.1987486	0.7234344	2
57	3	1.39498	0.1702534	3
57	4	1.425297	0.1879512	3
57	5	0.7730191	-0.02316189	0
57	6	1.235621	0.4162185	0
57	7	-0.08625476	0.4490507	0
57	8	0.8189167	-0.212639	0
57	9	1.473617	0.4936226	0
57	10	-0.1273213	0.602756	4
57	11	0.03008848	0.4586799	4
57	12	0.7998602	-0.1382871	0
57	13	-0.04911647	0.2000484	5
57	14	-0.07314102	0.2129483	5
57	15	1.533437	0.8552721	0
57	16	0.7318081	-0.2645912	6
57	17	0.7148552	-0.2601427	6
57	18	0.7292671	-0.279665	6
57	19	-0.1965062	1.019803	0
57	20	1.536864	0.7562943	0
57	21	-0.6024615	0.8176019	0
57	22	0.7594844	-0.1751319	7
58	1	-0.1537106	0.7080473	2
58	2	-0.1950247	0.7257247	2
58	3	1.390222	0.1674758	3
58	4	1.42044	0.1851156	3
58	5	0.7724904	-0.01805496	0
58	6	1.230623	0.410032	0
58	7	-0.0797965	0.4488922	0
58	8	0.8202262	-0.2113569	0
58	9	1.469007	0.4937246	0
58	10	-0.1242536	0.6071633	4
58	11	0.04000222	0.4588908	4
58	12	0.7990066	-0.1355689	0
58	13	-0.04445066	0.1975616	5
58	14	-0.06884512	0.2106461	5
58	15	1.52505	0.8450201	0
58	16	0.7317507	-0.2636487	6
58	17	0.7135181	-0.2581141	6
58	18	0.7284263	-0.2788366	6
58	19	-0.1901606	1.02096	0
58	20	1.531638	0.7552974	0
58	21	-0.5988725	0.8175213	0
58	22	0.7605495	-0.1741672	7
58	23	0.7577608	-0.1766961	7
59	1	-0.1494782	0.7094303	2
59	2	-0.1913118	0.7280407	2
59	3	1.385214	0.1645522	3
59	4	1.415612	0.1822973	3
59	5	0.7719798	-0.01254082	0
59	6	1.225677	0.4039165	0
59	7	-0.07218373	0.4487118	0
59	8	0.8215457	-0.2100693	0
59	9	1.464294	0.4938251	0
59	10	-0.1205665	0.6104513	4
59	11	0.05053089	0.4591103	4
59	12	0.7980656	-0.1324263	0
59	13	-0.03961177	0.1949829	5
59	14	-0.0646057	0.2083781	5
59	15	1.516732	0.8349006	0
59	16	0.7315707	-0.2627244	6
59	17	0.712266	-0.2560167	6
59	18	0.7275493	-0.2779436	6
59	19	-0.1837115	1.022163	0
59	20	1.526317	0.75427	0
59	21	-0.5949318	0.817433	0
59	22	0.7621869	-0.1726859	7
59	23	0.7567177	-0.1776441	7
59	24	1.53979	0.4919143	0
59	1	0.3990305	0.8613451	2
59	2	0.3890476	0.8671062	2
59	3	1.019142	0.5892418	3
59	4	1.025399	0.6030903	3
59	5	0.7562272	0.414737	0
59	6	0.870684	0.7403047	0
59	7	0.384992	0.7618979	0
59	8	0.8550587	0.08613694	0
59	9	0.9350343	0.782078	0
59	10	0.3941929	0.828065	4
59	11	0.4313523	0.7666824	4
59	12	0.8058905	0.2401973	0
59	13	0.3441286	0.612673	5
59	14	0.3361708	0.6225178	5
59	15	0.8764858	0.8975744	0
59	16	0.8023196	-0.04603028	6
59	17	0.7824515	-0.02764153	6
59	18	0.8052394	-0.08967364	6
59	19	0.4249413	0.9421278	0
59	20	0.8943586	0.8749844	0
59	21	0.2875657	0.8928772	0
59	22	0.7933418	0.1654474	7
59	23	0.7908724	0.1555197	7
59	24	0.9622521	0.7812529	0
60	1	-0.14525	0.7108551	2
60	2	-0.1876013	0.7303719	2
60	3	1.380422	0.1617546	3
60	4	1.410812	0.1794946	3
60	5	0.7718704	-0.01073182	0
60	6	1.220784	0.3978716	0
60	7	-0.06357116	0.4485208	0
60	8	0.8228753	-0.2087764	0
60	9	1.459497	0.493926	0
60	10	-0.1163622	0.6127565	4
60	11	0.06158612	0.4593186	4
60	12	0.7970353	-0.1289039	0
60	13	-0.03469228	0.1923621	5
60	14	-0.060406	0.2061348	5
60	15	1.508481	0.8249088	0
60	16	0.7312838	-0.2618157	6
60	17	0.7111481	-0.2538685	6
60	18	0.7266411	-0.2769935	6
60	19	-0.1771693	1.023406	0
60	20	1.520925	0.753221	0
60	21	-0.590687	0.8173378	0
60	22	0.7641003	-0.1709585	7
60	23	0.7558092	-0.1784713	7
60	24	1.538157	0.4903029	0
60	1	0.4004922	0.8617913	2
60	2	0.3904715	0.8678176	2
60	3	1.018133	0.5870095	3
60	4	1.024426	0.6009381	3
60	5	0.7557688	0.4169399	0
60	6	0.8702614	0.7372622	0
60	7	0.3881141	0.7618092	0
60	8	0.855515	0.08906138	0
60	9	0.9333134	0.7821215	0
60	10	0.3958858	0.8288949	4
60	11	0.4353944	0.7667774	4
60	12	0.803974	0.2462797	0
60	13	0.3457255	0.6107144	5
60	14	0.3374945	0.6208882	5
60	15	0.8759677	0.8949003	0
60	16	0.8016795	-0.04350972	6
60	17	0.7806604	-0.02185595	6
60	18	0.8039815	-0.08686733	6
60	19	0.4266816	0.9423922	0
60	20	0.892991	0.8746747	0
60	21	0.2887374	0.8928514	0
60	22	0.7941982	0.1688665	7
60	23	0.7904593	0.1538467	7
60	24	0.9621499	0.7805551	0
61	1	-0.1410297	0.7123296	2
61	2	-0.1838842	0.7327074	2
61	3	1.375808	0.1590609	3
61	4	1.406038	0.1767075	3
61	5	0.7717745	-0.008111715	0
61	6	1.215939	0.3918939	0
61	7	-0.05411553	0.4484007	0
61	8	0.8242148	-0.207478	0
61	9	1.454635	0.4940299	0
61	10	-0.1116852	0.6142182	4
61	11	0.06501036	0.4593447	4
61	12	0.7959131	-0.1250401	0
61	13	-0.03009122	0.1899126	5
61	14	-0.05623543	0.2039101	5
61	15	1.500294	0.8150395	0
61	16	0.7309036	-0.2609203	6
61	17	0.7101336	-0.2516744	6
61	18	0.7257065	-0.2759924	6
61	19	-0.1705434	1.024684	0
61	20	1.515481	0.7521604	0
61	21	-0.5861783	0.8172367	0
61	22	0.7660393	-0.1692128	7
61	23	0.755252	-0.1789811	7
61	24	1.535866	0.4880479	0
61	1	0.4019552	0.8622522	2
61	2	0.3918934	0.8685281	2
61	3	1.017157	0.5848473	3
61	4	1.023454	0.5987849	3
61	5	0.7551458	0.4201113	0
61	6	0.8698372	0.7342221	0
61	7	0.3915579	0.7617534	0
61	8	0.8559749	0.09198409	0
61	9	0.9315687	0.7821663	0
61	10	0.397604	0.8294197	4
61	11	0.4366412	0.7667893	4
61	12	0.801902	0.2528728	0
61	13	0.3472276	0.6088739	5
61	14	0.3388158	0.6192647	5
61	15	0.8754389	0.8922255	0
61	16	0.8009638	-0.04103494	6
61	17	0.7789585	-0.01599884	6
61	18	0.8026822	-0.08392262	6
61	19	0.4284434	0.9426635	0
61	20	0.8916087	0.8743609	0
61	21	0.2899819	0.8928238	0
61	22	0.7950625	0.1723013	7
61	23	0.7902063	0.1528131	7
61	24	0.9620049	0.7795756	0
62	1	-0.1368221	0.7138557	2
62	2	-0.1801575	0.7350432	2
62	3	1.371339	0.1564522	3
62	4	1.401292	0.1739367	3
62	5	0.7716934	-0.004772663	0
62	6	1.211142	0.3859802	0
62	7	-0.04392827	0.4483394	0
62	8	0.8255647	-0.2061744	0
62	9	1.449722	0.4941396	0
62	10	-0.106892	0.6156505	4
62	11	0.069786	0.4593644	4
62	12	0.7955295	-0.1237381	0
62	13	-0.02575303	0.1876048	5
62	14	-0.05208833	0.2017004	5
62	15	1.492157	0.8053206	0
62	16	0.7304414	-0.2600359	6
62	17	0.7091978	-0.2494404	6
62	18	0.7245366	-0.2746288	6
62	19	-0.1638413	1.025988	0
62	20	1.51002	0.7510616	0
62	21	-0.5814413	0.8171303	0
62	22	0.7678103	-0.1676242	7
62	23	0.7550054	-0.1792101	7
62	24	1.533008	0.4852401	0
62	1	0.4034183	0.8627282	2
62	2	0.3933137	0.8692366	2
62	3	1.016205	0.582741	3
62	4	1.022481	0.5966315	3
62	5	0.7543824	0.4241208	0
62	6	0.8694113	0.7311831	0
62	7	0.3952804	0.761725	0
62	8	0.856438	0.09490508	0
62	9	0.929805	0.7822136	0
62	10	0.3993515	0.8299328	4
62	11	0.4383777	0.7667983	4
62	12	0.8012056	0.2550765	0
62	13	0.3486514	0.607131	5
62	14	0.3401365	0.6176445	5
62	15	0.8748908	0.8895584	0
62	16	0.8001824	-0.03859997	6
62	17	0.7773254	-0.01008677	6
62	18	0.8010157	-0.07993174	6
62	19	0.430224	0.9429402	0
62	20	0.8902271	0.8740355	0
62	21	0.2912897	0.892795	0
62	22	0.7958496	0.175409	7
62	23	0.7900952	0.1523486	7
62	24	0.9618213	0.7783509	0
63	1	-0.132631	0.7154334	2
63	2	-0.1764178	0.7373738	2
63	3	1.366989	0.1539127	3
63	4	1.396576	0.1711836	3
63	5	0.7716293	-0.0007917881	0
63	6	1.20639	0.3801278	0
63	7	-0.03310192	0.4483202	0
63	8	0.8269249	-0.2048651	0
63	9	1.444772	0.4942572	0
63	10	-0.1020762	0.6171486	4
63	11	0.07569059	0.4593757	4
63	12	0.7949601	-0.1218244	0
63	13	-0.0216306	0.1854132	5
63	14	-0.04796232	0.1995041	5
63	15	1.484047	0.7957918	0
63	16	0.7299076	-0.2591612	6
63	17	0.7083234	-0.2471709	6
63	18	0.7231595	-0.2729447	6
63	19	-0.1570699	1.027315	0
63	20	1.504586	0.7499036	0
63	21	-0.5765066	0.8170197	0
63	22	0.7694203	-0.1661866	7
63	23	0.755031	-0.1791921	7
63	24	1.529661	0.4819591	0
64	1	-0.1284189	0.7170931	2
64	2	-0.1726188	0.739754	2
64	3	1.362735	0.1514289	3
64	4	1.391894	0.1684502	3
64	5	0.7715852	0.003766	0
64	6	1.201683	0.3743343	0
64	7	-0.02167295	0.4482924	0
64	8	0.828295	-0.2035503	0
64	9	1.439798	0.4943851	0
64	10	-0.09698156	0.6182497	4
64	11	0.08253606	0.4593748	4
64	12	0.794251	-0.1193638	0
64	13	-0.01768364	0.183316	5
64	14	-0.04385745	0.1973211	5
64	15	1.475931	0.7864733	0
64	16	0.7293111	-0.2582946	6
64	17	0.7074975	-0.2448704	6
64	18	0.7216198	-0.2709686	6
64	19	-0.1502349	1.028659	0
64	20	1.499224	0.7486843	0
64	21	-0.5714438	0.8169321	0
64	22	0.7708818	-0.1648886	7
64	23	0.7552959	-0.1789576	7
64	24	1.525893	0.4782747	0
64	25	-0.2560919	0.6173052	0
64	1	0.4063552	0.8637348	2
64	2	0.3961715	0.8706586	2
64	3	1.014358	0.5786511	3
64	4	1.020538	0.5923295	3
64	5	0.7525185	0.4342132	0
64	6	0.8685549	0.7251052	0
64	7	0.4034275	0.7617032	0
64	8	0.8573744	0.1007418	0
64	9	0.9262368	0.7823193	0
64	10	0.4029028	0.8308612	4
64	11	0.4430083	0.766803	4
64	12	0.7988943	0.2624139	0
64	13	0.3513195	0.6038694	5
64	14	0.3427776	0.6144115	5
64	15	0.8736802	0.8842903	0
64	16	0.7984563	-0.03383017	6
64	17	0.7742148	0.001845062	6
64	18	0.7967929	-0.06933033	6
64	19	0.4338329	0.9435052	0
64	20	0.8875293	0.8733298	0
64	21	0.2940554	0.892741	0
64	22	0.7972113	0.1807218	7
64	23	0.7902318	0.1528611	7
64	24	0.9613535	0.7752888	0
64	25	0.3516521	0.8305243	0
65	1	-0.1241951	0.7188184	2
65	2	-0.1687623	0.7421654	2
65	3	1.358167	0.1487623	3
65	4	1.387243	0.165735	3
65	5	0.7715636	0.008846343	0
65	6	1.197018	0.3685974	0
65	7	-0.01806224	0.4482727	0
65	8	0.8296754	-0.2022302	0
65	9	1.434806	0.4945212	0
65	10	-0.09140429	0.6185086	4
65	11	0.09014167	0.4594281	4
65	12	0.7934114	-0.1164184	0
65	13	-0.01387851	0.181295	5
65	14	-0.03977557	0.1951519	5
65	15	1.467776	0.7773663	0
65	16	0.7286596	-0.2574346	6
65	17	0.7067341	-0.2425387	6
65	18	0.7199358	-0.2687309	6
65	19	-0.1433414	1.030014	0
65	20	1.493981	0.7474207	0
65	21	-0.5662742	0.8168675	0
65	22	0.77221	-0.1637157	7
65	23	0.7557827	-0.1785219	7
65	24	1.521765	0.4742477	0
65	25	-0.2545838	0.615728	0
66	1	-0.1199595	0.7205807	2
66	2	-0.1648489	0.7445931	2
66	3	1.353365	0.1459588	3
66	4	1.382618	0.1630347	3
66	5	0.7716039	0.0144099	0
66	6	1.192395	0.3629153	0
66	7	-0.01288894	0.4482412	0
66	8	0.8310644	-0.2009063	0
66	9	1.429807	0.494663	0
66	10	-0.08541536	0.6180388	4
66	11	0.09837211	0.4595141	4
66	12	0.7924333	-0.1130389	0
66	13	-0.01018643	0.1793351	5
66	14	-0.03571931	0.1929978	5
66	15	1.459539	0.7684492	0
66	16	0.7279941	-0.2565353	6
66	17	0.7060214	-0.2401792	6
66	18	0.7193751	-0.2679483	6
66	19	-0.1363937	1.031375	0
66	20	1.488906	0.7461467	0
66	21	-0.5610155	0.816826	0
66	22	0.7734123	-0.1626544	7
66	23	0.7564726	-0.1779015	7
66	24	1.51733	0.4699312	0
66	25	-0.2499681	0.6110773	0
66	26	0.8742505	-0.1326609	0
66	1	0.4093276	0.8648143	2
66	2	0.399096	0.87211	2
66	3	1.012322	0.5741456	3
66	4	1.018597	0.5880327	3
66	5	0.7503411	0.4464803	0
66	6	0.8676929	0.7190228	0
66	7	0.4066383	0.7616794	0
66	8	0.8583236	0.1065679	0
66	9	0.9226381	0.782439	0
66	10	0.4065874	0.830786	4
66	11	0.4487749	0.7668666	4
66	12	0.7956293	0.2728459	0
66	13	0.3538214	0.6008152	5
66	14	0.3454146	0.6111904	5
66	15	0.8722412	0.8791304	0
66	16	0.7965699	-0.02904558	6
66	17	0.7713098	0.01387316	6
66	18	0.793503	-0.0607028	6
66	19	0.4374931	0.9440783	0
66	20	0.8849947	0.872574	0
66	21	0.2969601	0.8927121	0
66	22	0.7983304	0.1850241	7
66	23	0.7907728	0.1549994	7
66	24	0.9607712	0.771575	0
66	25	0.3525211	0.8282907	0
66	26	0.8599719	0.2397896	0
67	1	-0.1157089	0.7223446	2
67	2	-0.1608787	0.7470244	2
67	3	1.348769	0.143276	3
67	4	1.378016	0.1603482	3
67	5	0.7717053	0.02041703	0
67	6	1.187814	0.3572864	0
67	7	-0.006361106	0.4481992	0
67	8	0.8324621	-0.1995791	0
67	9	1.424806	0.4948078	0
67	10	-0.07916766	0.6171805	4
67	11	0.1071116	0.4596127	4
67	12	0.7913556	-0.1092644	0
67	13	-0.006583585	0.1774231	5
67	14	-0.03169194	0.1908603	5
67	15	1.45118	0.7596799	0
67	16	0.7273148	-0.2556024	6
67	17	0.7053506	-0.2377949	6
67	18	0.7185488	-0.2667774	6
67	19	-0.1293954	1.032737	0
67	20	1.484043	0.7449117	0
67	21	-0.5556808	0.8168057	0
67	22	0.7745084	-0.1616865	7
67	23	0.757346	-0.1771141	7
67	24	1.512632	0.4653717	0
67	25	-0.2426731	0.6045828	0
67	26	0.874731	-0.1322334	0
67	1	0.4108173	0.8653583	2
67	2	0.4005777	0.8728356	2
67	3	1.011315	0.5719156	3
67	4	1.017626	0.5858821	3
67	5	0.7491903	0.4532546	0
67	6	0.8672603	0.7159785	0
67	7	0.4090239	0.7616599	0
67	8	0.8588027	0.109471	0
67	9	0.9208356	0.7825014	0
67	10	0.4084773	0.8304797	4
67	11	0.4519592	0.7669115	4
67	12	0.793716	0.2789742	0
67	13	0.3550316	0.599339	5
67	14	0.3467292	0.6095871	5
67	15	0.8714169	0.8765754	0
67	16	0.7955915	-0.02652168	6
67	17	0.7699213	0.01990253	6
67	18	0.7922782	-0.05738664	6
67	19	0.4393384	0.9443651	0
67	20	0.8838046	0.8722052	0
67	21	0.2984525	0.8927066	0
67	22	0.7988125	0.1868778	7
67	23	0.7911717	0.1565888	7
67	24	0.9604431	0.769524	0
67	25	0.3537305	0.8259396	0
67	26	0.8601299	0.240532	0
68	1	-0.1114377	0.7240745	2
68	2	-0.1568533	0.749449	2
68	3	1.344344	0.1406925	3
68	4	1.373437	0.1576751	3
68	5	0.7717931	0.02241176	0
68	6	1.183274	0.3517093	0
68	7	0.00134211	0.4481466	0
68	8	0.8338681	-0.1982492	0
68	9	1.419807	0.4949532	0
68	10	-0.07274419	0.6160575	4
68	11	0.116261	0.459706	4
68	12	0.7901818	-0.1051359	0
68	13	-0.003050074	0.1755484	5
68	14	-0.02769667	0.188741	5
68	15	1.442657	0.7509992	0
68	16	0.7266267	-0.254636	6
68	17	0.7047148	-0.2353885	6
68	18	0.7175076	-0.2652617	6
68	19	-0.12235	1.034096	0
68	20	1.479431	0.7437751	0
68	21	-0.5502779	0.8168035	0
68	22	0.7755176	-0.1607935	7
68	23	0.7583827	-0.1761765	7
68	24	1.507711	0.4606094	0
68	25	-0.2331364	0.5966378	0
68	26	0.8754035	-0.1316304	0
68	1	0.4123052	0.8658905	2
68	2	0.4020699	0.873557	2
68	3	1.010339	0.5697557	3
68	4	1.016654	0.5837299	3
68	5	0.7488427	0.4554809	0
68	6	0.866827	0.7129316	0
68	7	0.4118388	0.7616355	0
68	8	0.8592846	0.1123664	0
68	9	0.9190343	0.7825639	0
68	10	0.4103905	0.8300785	4
68	11	0.4552913	0.7669541	4
68	12	0.7916523	0.2855954	0
68	13	0.3562234	0.5978857	5
68	14	0.3480393	0.6079901	5
68	15	0.8705188	0.874017	0
68	16	0.7945958	-0.02391768	6
68	17	0.7685679	0.02593178	6
68	18	0.7907272	-0.05311775	6
68	19	0.4411923	0.9446507	0
68	20	0.8826672	0.8718653	0
68	21	0.2999676	0.892706	0
68	22	0.7992544	0.1885828	7
68	23	0.791643	0.1584756	7
68	24	0.9600928	0.7673655	0
68	25	0.3554256	0.8230327	0
68	26	0.8603485	0.2415774	0
69	1	-0.1071495	0.7257642	2
69	2	-0.1527764	0.751861	2
69	3	1.340057	0.1381903	3
69	4	1.368884	0.1550168	3
69	5	0.7719447	0.02527791	0
69	6	1.178776	0.3461828	0
69	7	0.01004645	0.4481558	0
69	8	0.8352822	-0.1969169	0
69	9	1.414815	0.4950965	0
69	10	-0.06395387	0.611896	4
69	11	0.125734	0.459776	4
69	12	0.7897875	-0.1037586	0
69	13	0.0004304532	0.1737023	5
69	14	-0.02373673	0.1866413	5
69	15	1.433935	0.7423362	0
69	16	0.7259395	-0.2536337	6
69	17	0.7041084	-0.2329626	6
69	18	0.7162697	-0.2634468	6
69	19	-0.1152603	1.035444	0
69	20	1.475094	0.7428004	0
69	21	-0.5448118	0.8168147	0
69	22	0.7764584	-0.1599591	7
69	23	0.7595621	-0.1751081	7
69	24	1.502602	0.4556797	0
69	25	-0.2217537	0.5875946	0
69	26	0.8762434	-0.1308734	0
69	1	0.4137899	0.8664092	2
69	2	0.4035708	0.8742723	2
69	3	1.009389	0.5676519	3
69	4	1.015681	0.5815769	3
69	5	0.7483609	0.4586599	0
69	6	0.8663932	0.709882	0
69	7	0.4150301	0.7616398	0
69	8	0.8597695	0.1152533	0
69	9	0.9172365	0.7826256	0
69	10	0.4126652	0.8285854	4
69	11	0.4587376	0.7669859	4
69	12	0.7909679	0.2877856	0
69	13	0.3574023	0.5964488	5
69	14	0.349344	0.606401	5
69	15	0.8695485	0.8714342	0
69	16	0.7935904	-0.02122688	6
69	17	0.7672454	0.03195333	6
69	18	0.7888905	-0.04804087	6
69	19	0.4430535	0.9449337	0
69	20	0.8815785	0.8715733	0
69	21	0.3015028	0.8927091	0
69	22	0.7996643	0.1901718	7
69	23	0.7921764	0.1606187	7
69	24	0.9597219	0.765113	0
69	25	0.3575528	0.8196821	0
69	26	0.8606192	0.2428873	0
70	1	-0.1028504	0.7274128	2
70	2	-0.1486526	0.7542547	2
70	3	1.335885	0.1357542	3
70	4	1.364358	0.1523747	3
70	5	0.7721913	0.02892327	0
70	6	1.174318	0.340706	0
70	7	0.01962623	0.4482065	0
70	8	0.8367042	-0.1955822	0
70	9	1.409833	0.4952351	0
70	10	-0.05323843	0.6052521	4
70	11	0.1354575	0.4598024	4
70	12	0.7892068	-0.1017389	0
70	13	0.004205891	0.1716983	5
70	14	-0.01981026	0.1845604	5
70	15	1.424993	0.7336172	0
70	16	0.7252676	-0.2525911	6
70	17	0.7035505	-0.230516	6
70	18	0.7148679	-0.2613685	6
70	19	-0.1081285	1.036775	0
70	20	1.471044	0.7420467	0
70	21	-0.5392848	0.8168339	0
70	22	0.7773489	-0.1591663	7
70	23	0.7608632	-0.1739271	7
70	24	1.497336	0.4506128	0
70	25	-0.2088779	0.5777652	0
70	26	0.877229	-0.1299802	0
70	1	0.4152696	0.8669142	2
70	2	0.4050783	0.8749799	2
70	3	1.008459	0.5655922	3
70	4	1.014709	0.5794246	3
70	5	0.7477834	0.4626696	0
70	6	0.8659592	0.7068294	0
70	7	0.4185482	0.7616633	0
70	8	0.8602574	0.1181312	0
70	9	0.9154436	0.7826853	0
70	10	0.4152499	0.826183	4
70	11	0.4622698	0.7669979	4
70	12	0.7899677	0.2909806	0
70	13	0.3586859	0.5948825	5
70	14	0.3506437	0.6048189	5
70	15	0.8685121	0.8688044	0
70	16	0.7925867	-0.01843977	6
70	17	0.7659691	0.03796995	6
70	18	0.7868178	-0.04227257	6
70	19	0.4449206	0.9452123	0
70	20	0.8805304	0.8713474	0
70	21	0.3030566	0.8927143	0
70	22	0.8000504	0.1916766	7
70	23	0.7927621	0.1629779	7
70	24	0.9593318	0.7627787	0
70	25	0.3600643	0.8159887	0
70	26	0.8609343	0.2444283	0
71	1	-0.09854446	0.7290165	2
71	2	-0.1444852	0.7566228	2
71	3	1.331803	0.1333715	3
71	4	1.359863	0.1497504	3
71	5	0.7725249	0.03326511	0
71	6	1.169902	0.3352782	0
71	7	0.02997492	0.4482743	0
71	8	0.8381341	-0.1942452	0
71	9	1.404863	0.4953666	0
71	10	-0.04081059	0.597379	4
71	11	0.1453581	0.4598424	4
71	12	0.7884589	-0.0991534	0
71	13	0.008214054	0.1695697	5
71	14	-0.01591185	0.1824951	5
71	15	1.415829	0.7247757	0
71	16	0.7246299	-0.2515051	6
71	17	0.7030334	-0.2280505	6
71	18	0.7133033	-0.2590626	6
71	19	-0.1009569	1.038079	0
71	20	1.46727	0.7415617	0
71	21	-0.5336968	0.8168546	0
71	22	0.7782061	-0.1584002	7
71	23	0.7622668	-0.1726516	7
71	24	1.491938	0.4454355	0
71	25	-0.1948188	0.567423	0
71	26	0.8783411	-0.1289667	0
72	1	-0.0942348	0.7305696	2
72	2	-0.140277	0.7589567	2
72	3	1.327423	0.1308146	3
72	4	1.355397	0.147143	3
72	5	0.7729389	0.03823435	0
72	6	1.165527	0.3298988	0
72	7	0.04099998	0.4483349	0
72	8	0.8395721	-0.192906	0
72	9	1.399907	0.4954883	0
72	10	-0.02726976	0.5890828	4
72	11	0.1553894	0.4598688	4
72	12	0.7875902	-0.0960598	0
72	13	0.01238692	0.1673528	5
72	14	-0.01203452	0.1804416	5
72	15	1.406464	0.7157625	0
72	16	0.7239433	-0.250329	6
72	17	0.7025509	-0.2255678	6
72	18	0.7127513	-0.2582591	6
72	19	-0.09374732	1.03935	0
72	20	1.463741	0.741374	0
72	21	-0.5280464	0.8168699	0
72	22	0.7790458	-0.1576457	7
72	23	0.7637537	-0.1712984	7
72	24	1.486431	0.4401709	0
72	25	-0.1798452	0.5568048	0
72	26	0.8795632	-0.1278465	0
72	27	2.283308	1.646655	8
73	1	-0.08992212	0.7320647	2
73	2	-0.1360297	0.761247	2
73	3	1.32282	0.128127	3
73	4	1.350954	0.1445495	3
73	5	0.7734287	0.04377246	0
73	6	1.161195	0.3245675	0
73	7	0.04462412	0.4483243	0
73	8	0.841018	-0.1915643	0
73	9	1.394965	0.4955977	0
73	10	-0.01330072	0.5814822	4
73	11	0.1655075	0.459859	4
73	12	0.7866095	-0.09251475	0
73	13	0.01636002	0.1652429	5
73	14	-0.008174531	0.1783978	5
73	15	1.396941	0.706553	0
73	16	0.7232089	-0.2490718	6
73	17	0.7020981	-0.2230692	6
73	18	0.7119383	-0.2570655	6
73	19	-0.08650124	1.040583	0
73	20	1.460407	0.7414896	0
73	21	-0.5223312	0.8168727	0
73	22	0.7798821	-0.1568892	7
73	23	0.7653065	-0.1698827	7
73	24	1.480835	0.434839	0
73	25	-0.1641941	0.5461176	0
73	26	0.8808821	-0.126632	0
73	27	2.268238	1.628533	8
74	1	-0.08560453	0.7334968	2
74	2	-0.1317466	0.7634889	2
74	3	1.318412	0.1255541	3
74	4	1.346534	0.1419687	3
74	5	0.7740272	0.04983664	0
74	6	1.156904	0.319284	0
74	7	0.0498354	0.4482854	0
74	8	0.8424721	-0.1902201	0
74	9	1.390039	0.4956921	0
74	10	0.000756964	0.5752193	4
74	11	0.1756786	0.4597971	4
74	12	0.7855214	-0.08856654	0
74	13	0.02016891	0.1632208	5
74	14	-0.004330622	0.176363	5
74	15	1.387326	0.6971508	0
74	16	0.7224345	-0.2477412	6
74	17	0.7016714	-0.2205555	6
74	18	0.7109193	-0.2555226	6
74	19	-0.07922044	1.041773	0
74	20	1.457203	0.7418911	0
74	21	-0.5165488	0.8168562	0
74	22	0.7807278	-0.1561186	7
74	23	0.7669092	-0.1684188	7
74	24	1.475167	0.4294573	0
74	25	-0.1592428	0.5431043	0
74	26	0.8822868	-0.1253338	0
74	27	2.245737	1.601476	8
74	28	2.320766	1.691699	8
75	1	-0.0812801	0.7348571	2
75	2	-0.1274271	0.7656726	2
75	3	1.314167	0.1230755	3
75	4	1.342135	0.1394007	3
75	5	0.7747269	0.05638492	0
75	6	1.152657	0.3140483	0
75	7	0.05641815	0.4482175	0
75	8	0.8439344	-0.1888733	0
75	9	1.385128	0.4957693	0
75	10	0.004608557	0.5754656	4
75	11	0.185873	0.4596699	4
75	12	0.7843301	-0.08425641	0
75	13	0.02384383	0.1612704	5
75	14	-0.0005035109	0.1743375	5
75	15	1.377696	0.6875855	0
75	16	0.7216333	-0.246343	6
75	17	0.7012918	-0.2180244	6
75	18	0.7097146	-0.2536709	6
75	19	-0.07190675	1.042922	0
75	20	1.454052	0.7425393	0
75	21	-0.5106717	0.816799	0
75	22	0.7815933	-0.1553241	7
75	23	0.7685467	-0.1669207	7
75	24	1.469442	0.4240407	0
75	25	-0.1521918	0.5390531	0
75	26	0.8837678	-0.1239609	0
75	27	2.220242	1.570819	8
75	28	2.332987	1.706395	8
75	29	-0.9428284	1.093686	0
75	1	0.4225484	0.8691802	2
75	2	0.4126545	0.8783246	2
75	3	1.003533	0.5546881	3
75	4	1.009851	0.568671	3
75	5	0.7439686	0.4917165	0
75	6	0.8637988	0.6915245	0
75	7	0.4320322	0.7616684	0
75	8	0.8627385	0.1323925	0
75	9	0.9065977	0.7829149	0
75	10	0.4304056	0.8151166	4
75	11	0.4805559	0.7669376	4
75	12	0.7816602	0.3178322	0
75	13	0.3654522	0.5866218	5
75	14	0.3571212	0.5969439	5
75	15	0.8628054	0.854393	0
75	16	0.7869975	-0.001976252	6
75	17	0.7601191	0.06783354	6
75	18	0.7793253	-0.02132702	6
75	19	0.4543136	0.9464952	0
75	20	0.8754336	0.8714951	0
75	21	0.3110757	0.8927048	0
75	22	0.8018541	0.198915	7
75	23	0.7961608	0.1767801	7
75	24	0.9571275	0.7502085	0
75	25	0.3723626	0.8008963	0
75	26	0.862961	0.2547002	0
75	27	0.9205639	1.03135	8
75	28	0.9227889	1.047267	8
75	29	0.2504809	0.9567617	0
76	1	-0.07694793	0.7361543	2
76	2	-0.1230758	0.7678034	2
76	3	1.310053	0.1206743	3
76	4	1.33776	0.1368465	3
76	5	0.7755219	0.06338185	0
76	6	1.148454	0.3088603	0
76	7	0.06419162	0.4481269	0
76	8	0.845405	-0.1875234	0
76	9	1.380233	0.4958269	0
76	10	0.009648848	0.5767547	4
76	11	0.1960735	0.4594681	4
76	12	0.7839515	-0.08280349	0
76	13	0.02741034	0.1593779	5
76	14	0.003305195	0.1723223	5
76	15	1.368134	0.6779088	0
76	16	0.720822	-0.2448826	6
76	17	0.7009525	-0.215476	6
76	18	0.7083592	-0.2515409	6
76	19	-0.06456215	1.044031	0
76	20	1.450872	0.7433766	0
76	21	-0.5047153	0.8167087	0
76	22	0.7824871	-0.1544985	7
76	23	0.7702058	-0.1654007	7
76	24	1.463673	0.4186025	0
76	25	-0.1433865	0.5342234	0
76	26	0.885317	-0.1225214	0
76	27	2.195183	1.540686	8
76	28	2.340194	1.715061	8
76	29	-0.9311885	1.085634	0
76	1	0.4239788	0.8695728	2
76	2	0.4141688	0.8789432	2
76	3	1.002584	0.5525872	3
76	4	1.008879	0.5665171	3
76	5	0.7431179	0.4988055	0
76	6	0.8633707	0.6884567	0
76	7	0.4348688	0.7616263	0
76	8	0.863243	0.1352211	0
76	9	0.9048579	0.7829397	0
76	10	0.4322331	0.8156059	4
76	11	0.4842403	0.7668455	4
76	12	0.7810068	0.3200009	0
76	13	0.366698	0.5851024	5
76	14	0.3584163	0.5953709	5
76	15	0.8616763	0.8512456	0
76	16	0.785744	0.001813591	6
76	17	0.7590584	0.0737555	6
76	18	0.7773543	-0.01564395	6
76	19	0.4561998	0.9467256	0
76	20	0.874341	0.8717459	0
76	21	0.3127302	0.8926803	0
76	22	0.8022252	0.2004583	7
76	23	0.7968818	0.179731	7
76	24	0.9566414	0.7475657	0
76	25	0.3745416	0.7989498	0
76	26	0.8634298	0.2571276	0
76	27	0.9200337	1.027557	8
76	28	0.9229228	1.048225	8
76	29	0.2517634	0.955171	0
77	1	-0.07260879	0.7373955	2
77	2	-0.1186971	0.7698852	2
77	3	1.306047	0.1183355	3
77	4	1.333411	0.1343077	3
77	5	0.7758174	0.06561279	0
77	6	1.144295	0.3037201	0
77	7	0.07298058	0.4480941	0
77	8	0.8468838	-0.1861703	0
77	9	1.375353	0.4958627	0
77	10	0.01581723	0.5788116	4
77	11	0.2062631	0.4592618	4
77	12	0.7834054	-0.08067989	0
77	13	0.03089009	0.1575319	5
77	14	0.007092844	0.1703184	5
77	15	1.358724	0.6681871	0
77	16	0.7200188	-0.2433667	6
77	17	0.700648	-0.2129116	6
77	18	0.7068599	-0.2491622	6
77	19	-0.05718896	1.045104	0
77	20	1.447583	0.7443324	0
77	21	-0.4986904	0.8165895	0
77	22	0.783416	-0.1536362	7
77	23	0.7718753	-0.1638697	7
77	24	1.457872	0.4131539	0
77	25	-0.1331097	0.5287621	0
77	26	0.8869271	-0.1210225	0
77	27	2.172892	1.513881	8
77	28	2.342865	1.718273	8
77	29	-0.9151049	1.074602	0
78	1	-0.06826507	0.7385861	2
78	2	-0.1142956	0.7719204	2
78	3	1.302127	0.1160471	3
78	4	1.329092	0.1317859	3
78	5	0.7762591	0.0688017	0
78	6	1.14018	0.298628	0
78	7	0.08265236	0.4481087	0
78	8	0.8483712	-0.1848137	0
78	9	1.37049	0.4958746	0
78	10	0.02284199	0.579469	4
78	11	0.2164375	0.459033	4
78	12	0.7827086	-0.07796454	0
78	13	0.03430108	0.1557225	5
78	14	0.01085679	0.1683276	5
78	15	1.349543	0.6584953	0
78	16	0.7189481	-0.2413837	6
78	17	0.7003683	-0.2103239	6
78	18	0.7062761	-0.2482949	6
78	19	-0.04978897	1.046143	0
78	20	1.444151	0.7453654	0
78	21	-0.4926039	0.8164445	0
78	22	0.784385	-0.1527328	7
78	23	0.7735451	-0.1623368	7
78	24	1.452047	0.4077047	0
78	25	-0.1216304	0.5228782	0
78	26	0.8885919	-0.1194696	0
78	27	2.153098	1.490079	8
78	28	2.341527	1.716664	8
78	29	-0.8953344	1.061098	0
78	30	0.7251449	-0.2518754	0
78	1	0.4268196	0.8703068	2
78	2	0.4171903	0.8801336	2
78	3	1.000741	0.5485065	3
78	4	1.006934	0.5622129	3
78	5	0.7425338	0.5042138	0
78	6	0.8625208	0.6823176	0
78	7	0.441632	0.7616179	0
78	8	0.8642593	0.1408584	0
78	9	0.9014117	0.7829602	0
78	10	0.4369222	0.8166327	4
78	11	0.4915967	0.7666472	4
78	12	0.7788627	0.3271563	0
78	13	0.3691199	0.5821497	5
78	14	0.3610011	0.5922328	5
78	15	0.8595492	0.8448014	0
78	16	0.7828296	0.01080602	6
78	17	0.7570265	0.08555943	6
78	18	0.7743675	-0.007075906	6
78	19	0.4599778	0.9471636	0
78	20	0.8719949	0.8723407	0
78	21	0.3160807	0.8926083	0
78	22	0.8030058	0.2037445	7
78	23	0.7983199	0.1856332	7
78	24	0.9556289	0.7421951	0
78	25	0.3800947	0.7943195	0
78	26	0.8644102	0.2622373	0
78	27	0.919111	1.020957	8
78	28	0.9229474	1.048401	8
78	29	0.2558352	0.950237	0
78	30	0.7921968	-0.0165329	0
79	1	-0.06391717	0.7397289	2
79	2	-0.1098746	0.7739097	2
79	3	1.297919	0.1135908	3
79	4	1.3248	0.1292803	3
79	5	0.7768313	0.07284158	0
79	6	1.136109	0.2935842	0
79	7	0.09309361	0.4481556	0
79	8	0.8498669	-0.1834536	0
79	9	1.365641	0.4958606	0
79	10	0.0308668	0.5784774	4
79	11	0.2265905	0.4587654	4
79	12	0.7818747	-0.07472348	0
79	13	0.03796784	0.1537753	5
79	14	0.01459851	0.1663488	5
79	15	1.340656	0.6489093	0
79	16	0.7176559	-0.2389984	6
79	17	0.7001366	-0.2077134	6
79	18	0.7054396	-0.2469981	6
79	19	-0.04236342	1.047146	0
79	20	1.440587	0.7464723	0
79	21	-0.48646	0.8162746	0
79	22	0.7853983	-0.1517844	7
79	23	0.7752072	-0.1608095	7
79	24	1.446208	0.4022632	0
79	25	-0.1091822	0.5167522	0
79	26	0.8903059	-0.1178689	0
79	27	2.135513	1.468933	8
79	28	2.336637	1.710784	8
79	29	-0.8725541	1.045573	0
79	30	0.7255657	-0.2516937	0
79	1	0.4282302	0.870651	2
79	2	0.4186959	0.8807064	2
79	3	0.9997539	0.5463225	3
79	4	1.005964	0.5600635	3
79	5	0.7421156	0.508199	0
79	6	0.8620994	0.6792473	0
79	7	0.4454643	0.7616397	0
79	8	0.8647711	0.1436682	0
79	9	0.8997061	0.7829542	0
79	10	0.4394583	0.8162581	4
79	11	0.4952622	0.766525	4
79	12	0.7774427	0.3318919	0
79	13	0.370416	0.5805671	5
79	14	0.3622902	0.5906682	5
79	15	0.8585691	0.8415536	0
79	16	0.7808529	0.01686597	6
79	17	0.7560636	0.09145522	6
79	18	0.7731811	-0.003683329	6
79	19	0.4618692	0.9473714	0
79	20	0.8707437	0.8726711	0
79	21	0.3177744	0.892562	0
79	22	0.8034186	0.2055017	7
79	23	0.7990293	0.1885525	7
79	24	0.9551034	0.7394757	0
79	25	0.3833773	0.7917849	0
79	26	0.8649178	0.2648981	0
79	27	0.9187132	1.018111	8
79	28	0.9228568	1.047753	8
79	29	0.258492	0.9470456	0
79	30	0.7924942	-0.0160501	0
80	1	-0.05956463	0.7408243	2
80	2	-0.1054349	0.7758522	2
80	3	1.293495	0.1110078	3
80	4	1.32053	0.126788	3
80	5	0.7775211	0.07764292	0
80	6	1.132085	0.2885891	0
80	7	0.104207	0.4482169	0
80	8	0.8513715	-0.1820893	0
80	9	1.360808	0.4958191	0
80	10	0.03992714	0.5757873	4
80	11	0.2367146	0.4584446	4
80	12	0.7809173	-0.07101345	0
80	13	0.04183143	0.1517218	5
80	14	0.01832224	0.1643797	5
80	15	1.332042	0.6394288	0
80	16	0.7161517	-0.236268	6
80	17	0.6999465	-0.2050831	6
80	18	0.7044488	-0.2453113	6
80	19	-0.03491326	1.048112	0
80	20	1.436901	0.7476479	0
80	21	-0.4802608	0.8160804	0
80	22	0.7864588	-0.1507881	7
80	23	0.776855	-0.159294	7
80	24	1.440363	0.3968369	0
80	25	-0.09596609	0.5105389	0
80	26	0.8920642	-0.1162245	0
80	27	2.119846	1.450094	8
80	28	2.328521	1.701026	8
80	29	-0.84736	1.028425	0
80	30	0.7261376	-0.2514281	0
80	1	0.4296348	0.8709804	2
80	2	0.4201976	0.8812643	2
80	3	0.9987103	0.5440124	3
80	4	1.004992	0.5579132	3
80	5	0.7416288	0.5128851	0
80	6	0.8616805	0.6761773	0
80	7	0.4495445	0.7616681	0
80	8	0.8652853	0.1464728	0
80	9	0.8980127	0.7829363	0
80	10	0.4421466	0.8152388	4
80	11	0.4989147	0.7663786	4
80	12	0.7758318	0.3372577	0
80	13	0.3717874	0.5788909	5
80	14	0.3635788	0.5891046	5
80	15	0.8576417	0.8382975	0
80	16	0.7785913	0.02373457	6
80	17	0.7551372	0.09733921	6
80	18	0.7717312	0.0007033348	6
80	19	0.4637617	0.9475712	0
80	20	0.869446	0.8730214	0
80	21	0.3194798	0.8925091	0
80	22	0.8038478	0.2073417	7
80	23	0.7997287	0.1914344	7
80	24	0.9545655	0.7367382	0
80	25	0.3869449	0.789189	0
80	26	0.8654352	0.2676173	0
80	27	0.9183521	1.015528	8
80	28	0.9227054	1.04667	8
80	29	0.2614882	0.9434559	0
80	30	0.7928908	-0.01534438	0
81	1	-0.05520547	0.741871	2
81	2	-0.1009759	0.7777452	2
81	3	1.289258	0.1085344	3
81	4	1.316282	0.1243075	3
81	5	0.7783175	0.08313113	0
81	6	1.128106	0.2836428	0
81	7	0.1078359	0.44823	0
81	8	0.8528844	-0.1807208	0
81	9	1.355991	0.4957483	0
81	10	0.04919107	0.5728847	4
81	11	0.2467976	0.4580585	4
81	12	0.7798814	-0.06687522	0
81	13	0.04553867	0.1497523	5
81	14	0.02202978	0.1624196	5
81	15	1.323679	0.6300544	0
81	16	0.7155854	-0.2352662	6
81	17	0.6997924	-0.2024354	6
81	18	0.7033185	-0.2432826	6
81	19	-0.02743935	1.049037	0
81	20	1.433101	0.7488856	0
81	21	-0.4740069	0.8158617	0
81	22	0.7877029	-0.1496241	7
81	23	0.7784856	-0.1577933	7
81	24	1.434517	0.3914319	0
81	25	-0.08213643	0.5042921	0
81	26	0.8938625	-0.1145408	0
81	27	2.105814	1.433221	8
81	28	2.31756	1.687846	8
81	29	-0.8202721	1.01	0
81	30	0.726837	-0.2510879	0
81	1	0.431034	0.8712947	2
81	2	0.4216955	0.8818068	2
81	3	0.9977052	0.5417876	3
81	4	1.00402	0.5557613	3
81	5	0.7410836	0.5181757	0
81	6	0.8612645	0.6731082	0
81	7	0.4508758	0.7616742	0
81	8	0.8658016	0.1492727	0
81	9	0.8963317	0.7829059	0
81	10	0.4448894	0.8141344	4
81	11	0.5025492	0.7662022	4
81	12	0.7740762	0.3431745	0
81	13	0.3731093	0.5772759	5
81	14	0.3648673	0.5875413	5
81	15	0.8567618	0.8350341	0
81	16	0.7777551	0.02623665	6
81	17	0.7542434	0.1032053	6
81	18	0.770053	0.005940914	6
81	19	0.4656552	0.9477624	0
81	20	0.8681056	0.8733896	0
81	21	0.3211967	0.8924496	0
81	22	0.8043515	0.2094839	7
81	23	0.8004168	0.1942741	7
81	24	0.9540157	0.7339857	0
81	25	0.3907571	0.7865534	0
81	26	0.8659608	0.2703876	0
81	27	0.9180236	1.013178	8
81	28	0.9224989	1.045193	8
81	29	0.2647767	0.9395211	0
81	30	0.7933691	-0.01444173	0
82	1	-0.05083863	0.7428716	2
82	2	-0.09649914	0.7795913	2
82	3	1.285176	0.1061512	3
82	4	1.312054	0.1218392	3
82	5	0.7792115	0.08924329	0
82	6	1.124173	0.2787457	0
82	7	0.1130573	0.4482356	0
82	8	0.8544062	-0.179348	0
82	9	1.351189	0.4956468	0
82	10	0.05856326	0.5699044	4
82	11	0.2568253	0.4576724	4
82	12	0.7787762	-0.06234896	0
82	13	0.04911775	0.1478513	5
82	14	0.02572114	0.1604681	5
82	15	1.315553	0.6207885	0
82	16	0.714982	-0.233706	6
82	17	0.6996697	-0.1997726	6
82	18	0.702089	-0.2409459	6
82	19	-0.01994256	1.049921	0
82	20	1.429192	0.7501776	0
82	21	-0.467698	0.8156183	0
82	22	0.7891284	-0.1482956	7
82	23	0.780099	-0.1563075	7
82	24	1.428676	0.3860536	0
82	25	-0.07775768	0.5025446	0
82	26	0.8956977	-0.1128209	0
82	27	2.093146	1.417987	8
82	28	2.304163	1.671736	8
82	29	-0.7917379	0.9905934	0
82	30	0.727643	-0.2506809	0
82	1	0.4324286	0.8715947	2
82	2	0.4231895	0.8823344	2
82	3	0.9967313	0.5396317	3
82	4	1.003048	0.5536079	3
82	5	0.7404883	0.5239867	0
82	6	0.8608514	0.6700408	0
82	7	0.4527899	0.7616768	0
82	8	0.8663201	0.1520683	0
82	9	0.8946634	0.7828623	0
82	10	0.4476717	0.8129954	4
82	11	0.5061659	0.7660257	4
82	12	0.7721977	0.3495649	0
82	13	0.3743911	0.5757105	5
82	14	0.3661558	0.5859784	5
82	15	0.8559249	0.8317648	0
82	16	0.7766953	0.03011441	6
82	17	0.7533787	0.1090486	6
82	18	0.7681985	0.01192236	6
82	19	0.4675493	0.9479448	0
82	20	0.8667257	0.8737733	0
82	21	0.3229252	0.8923833	0
82	22	0.804928	0.2119184	7
82	23	0.8010941	0.1970713	7
82	24	0.9534544	0.7312209	0
82	25	0.3920091	0.7858114	0
82	26	0.8664936	0.2732018	0
82	27	0.9177226	1.011025	8
82	28	0.9222435	1.043367	8
82	29	0.2683166	0.9352869	0
82	30	0.7939135	-0.01336336	0
83	1	-0.04646108	0.7438224	2
83	2	-0.09200281	0.7813877	2
83	3	1.28122	0.1038419	3
83	4	1.307849	0.1193841	3
83	5	0.7801958	0.0959264	0
83	6	1.120286	0.2738983	0
83	7	0.1196594	0.4482261	0
83	8	0.8559367	-0.1779704	0
83	9	1.346404	0.4955135	0
83	10	0.06789457	0.5669783	4
83	11	0.2667953	0.4572658	4
83	12	0.7784256	-0.06080353	0
83	13	0.05259285	0.1460061	5
83	14	0.02939514	0.1585262	5
83	15	1.307647	0.6116335	0
83	16	0.7144809	-0.2321092	6
83	17	0.6995744	-0.197096	6
83	18	0.7007695	-0.2383335	6
83	19	-0.01242373	1.050759	0
83	20	1.425179	0.7515152	0
83	21	-0.4613332	0.8153502	0
83	22	0.7907186	-0.1468182	7
83	23	0.7816975	-0.154835	7
83	24	1.422845	0.3807065	0
83	25	-0.07152952	0.500173	0
83	26	0.8975664	-0.1110681	0
83	27	2.081586	1.404086	8
83	28	2.28821	1.652552	8
83	29	-0.7824941	0.9843024	0
83	30	0.7285381	-0.2502146	0
84	1	-0.04207041	0.7447206	2
84	2	-0.08748455	0.783132	2
84	3	1.277366	0.1015924	3
84	4	1.303669	0.1169438	3
84	5	0.7812641	0.1031358	0
84	6	1.116444	0.2691006	0
84	7	0.1274576	0.4481964	0
84	8	0.8574759	-0.1765879	0
84	9	1.341635	0.4953475	0
84	10	0.07691764	0.5647558	4
84	11	0.2767067	0.4568238	4
84	12	0.7779276	-0.05855227	0
84	13	0.05598415	0.1442057	5
84	14	0.03304971	0.1565946	5
84	15	1.299949	0.6025922	0
84	16	0.7140844	-0.23049	6
84	17	0.6995282	-0.1944017	6
84	18	0.7003431	-0.2374046	6
84	19	-0.004883931	1.051552	0
84	20	1.421064	0.7528893	0
84	21	-0.4549217	0.8150624	0
84	22	0.7924468	-0.1452155	7
84	23	0.7832851	-0.1533725	7
84	24	1.417029	0.3753945	0
84	25	-0.0637427	0.4973594	0
84	26	0.8994665	-0.1092851	0
84	27	2.070894	1.39123	8
84	28	2.270742	1.631547	8
84	29	-0.7691922	0.9753385	0
84	30	0.7295101	-0.2496946	0
84	31	-0.3932694	0.474004	0
85	1	-0.03766485	0.7455649	2
85	2	-0.08294319	0.7848226	2
85	3	1.273595	0.09939092	3
85	4	1.299516	0.1145195	3
85	5	0.7824678	0.1108334	0
85	6	1.11265	0.264353	0
85	7	0.1362791	0.448217	0
85	8	0.8590236	-0.1752002	0
85	9	1.336882	0.4951481	0
85	10	0.08596184	0.562775	4
85	11	0.2865588	0.4563351	4
85	12	0.7773018	-0.05567658	0
85	13	0.05930864	0.1424409	5
85	14	0.03668267	0.1546746	5
85	15	1.292445	0.5936671	0
85	16	0.7137935	-0.2288401	6
85	17	0.6995243	-0.191689	6
85	18	0.6997644	-0.2360151	6
85	19	0.002676059	1.052298	0
85	20	1.416851	0.7542909	0
85	21	-0.4484698	0.8147585	0
85	22	0.7942809	-0.1435161	7
85	23	0.784867	-0.1519153	7
85	24	1.411231	0.3701209	0
85	25	-0.05462977	0.4941833	0
85	26	0.9013957	-0.1074741	0
85	27	2.060827	1.379158	8
85	28	2.252118	1.609203	8
85	29	-0.7524984	0.9641384	0
85	30	0.7305478	-0.2491264	0
85	31	-0.393207	0.4755548	0
85	32	2.426816	1.401554	0
85	1	0.4365901	0.8724003	2
85	2	0.4276529	0.8838228	2
85	3	0.993939	0.5334507	3
85	4	1.00013	0.5471497	3
85	5	0.7385031	0.543856	0
85	6	0.8596301	0.6608547	0
85	7	0.4612973	0.7616681	0
85	8	0.8678865	0.1604342	0
85	9	0.8897373	0.7826478	0
85	10	0.4560441	0.8102498	4
85	11	0.5168912	0.7654135	4
85	12	0.7695705	0.3588344	0
85	13	0.3780712	0.5712188	5
85	14	0.3700147	0.5812989	5
85	15	0.853631	0.821937	0
85	16	0.7740114	0.04205894	6
85	17	0.7509819	0.1264483	6
85	18	0.7645698	0.02436703	6
85	19	0.4732336	0.9484347	0
85	20	0.8623784	0.8749906	0
85	21	0.3281767	0.8921489	0
85	22	0.8069984	0.22059	7
85	23	0.8030754	0.2052593	7
85	24	0.9517038	0.7228753	0
85	25	0.3988166	0.7822324	0
85	26	0.8681268	0.2818559	0
85	27	0.91693	1.005397	8
85	28	0.9212115	1.036041	8
85	29	0.2733585	0.9293607	0
85	30	0.7958335	-0.009260416	0
85	31	0.274539	0.7740837	0
85	32	0.9883922	1.008668	0
86	1	-0.03324316	0.7463541	2
86	2	-0.07837668	0.786458	2
86	3	1.269546	0.097027	3
86	4	1.29539	0.1121106	3
86	5	0.7830085	0.1133064	0
86	6	1.1089	0.2596559	0
86	7	0.1459893	0.4482701	0
86	8	0.8605801	-0.1738071	0
86	9	1.332148	0.4949151	0
86	10	0.09496	0.561103	4
86	11	0.296352	0.4557921	4
86	12	0.7765985	-0.05223775	0
86	13	0.06288763	0.140538	5
86	14	0.04029588	0.1527655	5
86	15	1.285125	0.5848604	0
86	16	0.7136084	-0.2271559	6
86	17	0.6995568	-0.1889567	6
86	18	0.6990634	-0.2342167	6
86	19	0.01025481	1.052998	0
86	20	1.412542	0.7557107	0
86	21	-0.4419808	0.8144409	0
86	22	0.7961867	-0.1417505	7
86	23	0.7864485	-0.1504593	7
86	24	1.405453	0.3648885	0
86	25	-0.04439438	0.4907145	0
86	26	0.9033521	-0.105637	0
86	27	2.051197	1.367638	8
86	28	2.232686	1.58593	8
86	29	-0.7330094	0.9510919	0
86	30	0.731641	-0.2485147	0
86	31	-0.3931071	0.4777197	0
86	32	2.424095	1.400687	0
86	1	0.4379716	0.8726358	2
86	2	0.429136	0.884286	2
86	3	0.9929522	0.5312663	3
86	4	0.9991597	0.5450004	3
86	5	0.7383673	0.5460687	0
86	6	0.8592291	0.6578003	0
86	7	0.4648614	0.7616929	0
86	8	0.868412	0.1632169	0
86	9	0.8881224	0.7825475	0
86	10	0.4588826	0.8096017	4
86	11	0.5204226	0.7651646	4
86	12	0.7682714	0.363543	0
86	13	0.3793735	0.5696262	5
86	14	0.3712976	0.5797439	5
86	15	0.8529263	0.8186601	0
86	16	0.7732832	0.04614186	6
86	17	0.750251	0.132217	6
86	18	0.7633877	0.02884722	6
86	19	0.4751284	0.9485787	0
86	20	0.8608689	0.8754092	0
86	21	0.3299456	0.8920622	0
86	22	0.8077568	0.2237593	7
86	23	0.8037264	0.2079476	7
86	24	0.9510992	0.7200826	0
86	25	0.4018942	0.7807335	0
86	26	0.8686809	0.2847963	0
86	27	0.9166805	1.003688	8
86	28	0.9208017	1.033215	8
86	29	0.2759381	0.9263706	0
86	30	0.7965423	-0.007652521	0
86	31	0.2751368	0.7750434	0
86	32	0.9879943	1.008542	0
