2	1	-0.5788229	0.5987637	2
3	1	-0.5710819	0.5986304	2
3	2	-0.6316178	0.5909276	2
4	1	-0.5600731	0.5991062	2
4	2	-0.6358097	0.5916437	2
4	3	1.824487	0.2293496	3
5	1	-0.5484484	0.599736	2
5	2	-0.6398661	0.5911964	2
5	3	1.812012	0.2243103	3
5	4	1.879127	0.244232	3
6	1	-0.5395412	0.6002777	2
6	2	-0.6442041	0.5887937	2
6	3	1.798712	0.2189238	3
6	4	1.883536	0.2421989	3
6	5	0.8147114	-0.1697301	0
6	1	0.3118294	0.8713734	2
6	2	0.2947183	0.8792025	2
6	3	1.101448	0.7059507	3
6	4	1.113539	0.7267774	3
6	5	0.8319274	0.1712854	0
7	1	-0.534541	0.6004428	2
7	2	-0.6450173	0.5888456	2
7	3	1.789507	0.213372	3
7	4	1.884625	0.2428455	3
7	5	0.8135781	-0.1670134	0
7	1	0.3138968	0.8719742	2
7	2	0.2945156	0.8792211	2
7	3	1.100406	0.702902	3
7	4	1.113613	0.7271402	3
7	5	0.8299787	0.1765996	0
8	1	-0.5321689	0.6008477	2
8	2	-0.6313008	0.5780895	2
8	3	1.782568	0.2073964	3
8	4	1.879126	0.2417005	3
8	5	0.812343	-0.1639957	0
8	1	0.3155255	0.8728566	2
8	2	0.2957483	0.8759233	2
8	3	1.099553	0.7004196	3
8	4	1.11217	0.726486	3
8	5	0.8278531	0.182445	0
9	1	-0.5279882	0.6013403	2
9	2	-0.6298625	0.5781304	2
9	3	1.776032	0.2031044	3
9	4	1.877145	0.2406404	3
9	5	0.8110126	-0.1607063	0
9	1	0.317109	0.8732891	2
9	2	0.2961462	0.8759357	2
9	3	1.098529	0.6984372	3
9	4	1.111984	0.72588	3
9	5	0.8255724	0.1887493	0
10	1	-0.5228985	0.6020728	2
10	2	-0.6274567	0.5782361	2
10	3	1.770067	0.2001929	3
10	4	1.873857	0.2389474	3
10	5	0.810577	-0.159606	0
11	1	-0.5178325	0.6026134	2
11	2	-0.6200079	0.5792913	2
11	3	1.764555	0.1969283	3
11	4	1.866815	0.2366161	3
11	5	0.8099422	-0.1579957	0
11	6	1.485394	0.7300548	0
11	1	0.3199964	0.8735326	2
11	2	0.2982471	0.8756324	2
11	3	1.096495	0.695309	3
11	4	1.110799	0.7230639	3
11	5	0.8237311	0.1938919	0
11	6	0.8871014	0.867721	0
12	1	-0.5129416	0.6031035	2
12	2	-0.6159186	0.5799003	2
12	3	1.759115	0.193846	3
12	4	1.861012	0.2343388	3
12	5	0.80913	-0.1559355	0
12	6	1.483464	0.7276233	0
12	1	0.3212981	0.8735573	2
12	2	0.2995124	0.8758369	2
12	3	1.095762	0.6935642	3
12	4	1.109871	0.7216945	3
12	5	0.8223438	0.1977695	0
12	6	0.8870075	0.8669785	0
13	1	-0.5084658	0.6034558	2
13	2	-0.6119598	0.5807737	2
13	3	1.753811	0.1912138	3
13	4	1.854201	0.2309822	3
13	5	0.8081583	-0.1534764	0
13	6	1.480767	0.7242268	0
14	1	-0.5044649	0.6036353	2
14	2	-0.6078723	0.5816017	2
14	3	1.748745	0.1889112	3
14	4	1.846657	0.2275119	3
14	5	0.8070699	-0.1506536	0
14	6	1.477417	0.7200074	0
14	7	-0.4881047	0.5483359	0
15	1	-0.5008271	0.6037176	2
15	2	-0.602523	0.5832001	2
15	3	1.743788	0.1867992	3
15	4	1.838351	0.2241684	3
15	5	0.8058733	-0.1475046	0
15	6	1.473514	0.7150904	0
15	7	-0.4822881	0.5461912	0
15	8	0.7756931	-0.2549893	0
15	1	0.3246672	0.8736655	2
15	2	0.3040671	0.8770115	2
15	3	1.093449	0.6890246	3
15	4	1.106801	0.7155858	3
15	5	0.8168132	0.213363	0
15	6	0.8865185	0.8631127	0
15	7	0.2617297	0.8037468	0
15	8	0.8380359	-0.02486849	0
16	1	-0.4970304	0.6039523	2
16	2	-0.5959277	0.5849941	2
16	3	1.73906	0.1848394	3
16	4	1.829217	0.2210156	3
16	5	0.8045753	-0.1440609	0
16	6	1.469143	0.7095853	0
16	7	-0.4741719	0.5432084	0
16	8	0.7759697	-0.2547163	0
16	1	0.3257391	0.8737191	2
16	2	0.3058779	0.8772655	2
16	3	1.092705	0.6876604	3
16	4	1.105421	0.7133142	3
16	5	0.8146213	0.2196085	0
16	6	0.8863012	0.8613937	0
16	7	0.2637213	0.8025595	0
16	8	0.8381468	-0.02413332	0
17	1	-0.4933429	0.6044667	2
17	2	-0.5881401	0.5872269	2
17	3	1.734379	0.1829269	3
17	4	1.819396	0.2179363	3
17	5	0.8041392	-0.1428916	0
17	6	1.464382	0.7035878	0
17	7	-0.4641061	0.5395229	0
17	8	0.7763581	-0.2543328	0
17	1	0.3268005	0.8738271	2
17	2	0.3078063	0.8774089	2
17	3	1.091966	0.686305	3
17	4	1.10391	0.710902	3
17	5	0.8138861	0.2217128	0
17	6	0.8860625	0.8595061	0
17	7	0.2662076	0.8010849	0
17	8	0.8383022	-0.02310252	0
18	1	-0.4896485	0.6053221	2
18	2	-0.5809059	0.5891989	2
18	3	1.729657	0.1810324	3
18	4	1.808739	0.2146138	3
18	5	0.8035025	-0.1411821	0
18	6	1.459296	0.6971809	0
18	7	-0.4524013	0.5352567	0
18	8	0.7768438	-0.2538533	0
18	1	0.3278757	0.8739907	2
18	2	0.3097017	0.8776138	2
18	3	1.091221	0.6849323	3
18	4	1.102277	0.7082407	3
18	5	0.8128168	0.2247755	0
18	6	0.8858053	0.8574725	0
18	7	0.2691215	0.7993675	0
18	8	0.8384963	-0.02181554	0
19	1	-0.4860367	0.6063123	2
19	2	-0.57385	0.5912147	2
19	3	1.724841	0.1791189	3
19	4	1.798215	0.2106112	3
19	5	0.8027152	-0.138988	0
19	6	1.453942	0.6904365	0
19	7	-0.4393754	0.530599	0
19	8	0.7774147	-0.2532897	0
20	1	-0.4825692	0.6067099	2
20	2	-0.5666251	0.595615	2
20	3	1.719948	0.177108	3
20	4	1.788609	0.2061322	3
20	5	0.8017918	-0.1363641	0
20	6	1.448369	0.6834168	0
20	7	-0.4252586	0.5256318	0
20	8	0.77806	-0.2526528	0
20	9	1.619736	0.4872351	0
20	1	0.3300258	0.8743522	2
20	2	0.3139383	0.8787511	2
20	3	1.089684	0.6820812	3
20	4	1.099461	0.7025735	3
20	5	0.8098947	0.2333155	0
20	6	0.8852451	0.8530424	0
20	7	0.2760201	0.7954508	0
20	8	0.8389806	-0.01860452	0
20	9	0.9920141	0.7792217	0
21	1	-0.4791781	0.6071513	2
21	2	-0.5605612	0.5966133	2
21	3	1.715036	0.174998	3
21	4	1.7801	0.2003321	3
21	5	0.8007436	-0.1333561	0
21	6	1.44262	0.6761752	0
21	7	-0.4101321	0.5201886	0
21	8	0.7787703	-0.2519517	0
21	9	1.618584	0.4872933	0
22	1	-0.475777	0.6075774	2
22	2	-0.555425	0.5957779	2
22	3	1.710089	0.1728163	3
22	4	1.773198	0.1940498	3
22	5	0.7995797	-0.1300027	0
22	6	1.436731	0.6687577	0
22	7	-0.4050639	0.5182816	0
22	8	0.7795379	-0.2511938	0
22	9	1.616968	0.4873748	0
22	10	-0.139717	0.2440236	4
23	1	-0.4721832	0.6078922	2
23	2	-0.5476195	0.5925931	2
23	3	1.705051	0.1704811	3
23	4	1.765819	0.188826	3
23	5	0.7983072	-0.1263375	0
23	6	1.430734	0.6612037	0
23	7	-0.3977551	0.515506	0
23	8	0.7803558	-0.2503865	0
23	9	1.61495	0.4874766	0
23	10	-0.1399339	0.2446524	4
23	11	-0.1287447	0.2571738	4
23	1	0.3334612	0.8750264	2
23	2	0.3199951	0.8791564	2
23	3	1.087435	0.6774324	3
23	4	1.09725	0.6940537	3
23	5	0.8040104	0.250668	0
23	6	0.8843181	0.845711	0
23	7	0.2830256	0.7912662	0
23	8	0.8398885	-0.01258397	0
23	9	0.9902381	0.7793268	0
23	10	0.3682621	0.7343449	4
23	11	0.3694386	0.7322704	4
24	1	-0.4680996	0.6078814	2
24	2	-0.5386114	0.5878145	2
24	3	1.699917	0.1678907	3
24	4	1.757028	0.1850274	3
24	5	0.7979003	-0.1250858	0
24	6	1.424656	0.6535468	0
24	7	-0.3885448	0.512004	0
24	8	0.781218	-0.2495351	0
24	9	1.612583	0.487596	0
24	10	-0.1403093	0.2455487	4
24	11	-0.1292464	0.2580794	4
24	1	0.3346785	0.8751115	2
24	2	0.3218563	0.8780691	2
24	3	1.086693	0.6757331	3
24	4	1.096118	0.6913218	3
24	5	0.8033086	0.2527953	0
24	6	0.8839918	0.8431303	0
24	7	0.2853694	0.7898034	0
24	8	0.8402273	-0.01033664	0
24	9	0.9893602	0.7793788	0
24	10	0.3683344	0.7348426	4
24	11	0.3694609	0.7327717	4
25	1	-0.4630455	0.6068828	2
25	2	-0.5325563	0.5877206	2
25	3	1.694788	0.164939	3
25	4	1.747803	0.1818268	3
25	5	0.7973149	-0.1232545	0
25	6	1.418518	0.6458155	0
25	7	-0.3777353	0.5079033	0
25	8	0.7821195	-0.2486453	0
25	9	1.609913	0.4877306	0
25	10	-0.1408376	0.2467096	4
25	11	-0.1299077	0.2592914	4
25	1	0.3359172	0.8748456	2
25	2	0.3236962	0.8782369	2
25	3	1.085999	0.6739259	3
25	4	1.094817	0.6886255	3
25	5	0.8022939	0.2558927	0
25	6	0.8836585	0.8404958	0
25	7	0.2881392	0.7880802	0
25	8	0.8405805	-0.007995367	0
25	9	0.9883703	0.7794374	0
25	10	0.3684159	0.7354912	4
25	11	0.3694955	0.7334428	4
26	1	-0.4563531	0.6050199	2
26	2	-0.5247422	0.587559	2
26	3	1.689708	0.161643	3
26	4	1.738975	0.1786592	3
26	5	0.7965697	-0.1209114	0
26	6	1.412341	0.6380346	0
26	7	-0.3655922	0.5033184	0
26	8	0.7830558	-0.2477211	0
26	9	1.606982	0.4878785	0
26	10	-0.1415325	0.2481604	4
26	11	-0.1307232	0.2608144	4
27	1	-0.4508144	0.6050153	2
27	2	-0.5162269	0.5875	2
27	3	1.683907	0.158138	3
27	4	1.731147	0.1750036	3
27	5	0.7956797	-0.1181133	0
27	6	1.406141	0.6302246	0
27	7	-0.352349	0.4983509	0
27	8	0.7840144	-0.2467749	0
27	9	1.603822	0.4880379	0
27	10	-0.1423974	0.2499294	4
27	11	-0.1316964	0.2626423	4
27	12	0.8265158	-0.202821	0
27	1	0.3390172	0.8743618	2
27	2	0.3275122	0.8777058	2
27	3	1.084647	0.6698526	3
27	4	1.092486	0.6835079	3
27	5	0.799482	0.2644928	0
27	6	0.8829755	0.8350938	0
27	7	0.2947339	0.7840222	0
27	8	0.8413186	-0.00310111	0
27	9	0.9861122	0.7795712	0
27	10	0.3686059	0.7372806	4
27	11	0.369602	0.7352846	4
27	12	0.8556052	0.1023543	0
28	1	-0.4439367	0.6048898	2
28	2	-0.5076283	0.5879375	2
28	3	1.677351	0.1542715	3
28	4	1.722652	0.1713187	3
28	5	0.7946572	-0.1149086	0
28	6	1.399931	0.6224033	0
28	7	-0.3382083	0.4930901	0
28	8	0.7849929	-0.2458094	0
28	9	1.600465	0.4882072	0
28	10	-0.1435196	0.2520508	4
28	11	-0.1328284	0.2647754	4
28	12	0.8260493	-0.2017684	0
28	1	0.3408174	0.8742616	2
28	2	0.3294754	0.8774508	2
28	3	1.083805	0.6674219	3
28	4	1.091336	0.6807823	3
28	5	0.7977499	0.2697836	0
28	6	0.882627	0.8323377	0
28	7	0.2984654	0.7817609	0
28	8	0.8416981	-0.0005891323	0
28	9	0.9848682	0.7796448	0
28	10	0.3686942	0.7384501	4
28	11	0.3696724	0.7364516	4
28	12	0.8547357	0.1046746	0
29	1	-0.435508	0.6045713	2
29	2	-0.4990577	0.5883241	2
29	3	1.669608	0.1509563	3
29	4	1.713784	0.1676402	3
29	5	0.7935115	-0.1113379	0
29	6	1.393725	0.6145853	0
29	7	-0.3233462	0.4876155	0
29	8	0.7859895	-0.244827	0
29	9	1.596936	0.4883852	0
29	10	-0.1448295	0.2544791	4
29	11	-0.1341194	0.2672163	4
29	12	0.8253911	-0.200285	0
30	1	-0.4259322	0.6044772	2
30	2	-0.4919679	0.5893298	2
30	3	1.660898	0.1479627	3
30	4	1.706558	0.1635602	3
30	5	0.7922804	-0.1074287	0
30	6	1.387524	0.606773	0
30	7	-0.318688	0.4860029	0
30	8	0.7870027	-0.243829	0
30	9	1.593259	0.4885707	0
30	10	-0.1463474	0.2572235	4
30	11	-0.1355682	0.2699713	4
30	12	0.8245618	-0.1984216	0
30	13	-0.2371651	0.1347249	5
31	1	-0.4154685	0.6046398	2
31	2	-0.485638	0.5899594	2
31	3	1.651765	0.1451179	3
31	4	1.699941	0.1589856	3
31	5	0.7918745	-0.1060946	0
31	6	1.381341	0.5989834	0
31	7	-0.3120455	0.4837623	0
31	8	0.7880318	-0.2428167	0
31	9	1.589452	0.4887627	0
31	10	-0.146685	0.2625252	4
31	11	-0.137767	0.2745623	4
31	12	0.8235783	-0.1962216	0
31	13	-0.2310437	0.1349574	5
31	14	-0.2463293	0.1446193	5
32	1	-0.4069027	0.6053485	2
32	2	-0.4807883	0.5907259	2
32	3	1.643245	0.1414902	3
32	4	1.693484	0.1545573	3
32	5	0.7912856	-0.1041456	0
32	6	1.375188	0.5912302	0
32	7	-0.3037271	0.4810084	0
32	8	0.7890762	-0.241791	0
32	9	1.585533	0.4889603	0
32	10	-0.1484791	0.2663906	4
32	11	-0.1393928	0.2783737	4
32	12	0.8224806	-0.1937146	0
32	13	-0.2232319	0.1348659	5
32	14	-0.2498603	0.1469173	5
32	15	1.743092	1.127347	0
32	1	0.349536	0.8729225	2
32	2	0.3372091	0.8782514	2
32	3	1.078683	0.6561094	3
32	4	1.087504	0.6705018	3
32	5	0.7921001	0.2871711	0
32	6	0.881199	0.8210346	0
32	7	0.307871	0.7764947	0
32	8	0.8432704	0.009765089	0
32	9	0.9793392	0.7799723	0
32	10	0.369324	0.7448764	4
32	11	0.3698437	0.7430084	4
32	12	0.8481922	0.1221354	0
32	13	0.3018637	0.6606165	5
32	14	0.2957152	0.6700562	5
32	15	0.8856691	0.9632638	0
33	1	-0.4011469	0.6055235	2
33	2	-0.4776345	0.5918566	2
33	3	1.634797	0.1377177	3
33	4	1.687078	0.1512433	3
33	5	0.7905328	-0.1016533	0
33	6	1.369069	0.5835215	0
33	7	-0.2940059	0.4778428	0
33	8	0.7901357	-0.2407525	0
33	9	1.581517	0.4891629	0
33	10	-0.1505066	0.2705549	4
33	11	-0.1411152	0.2824928	4
33	12	0.8212761	-0.1909329	0
33	13	-0.214994	0.132672	5
33	14	-0.2530608	0.1485367	5
33	15	1.73794	1.120487	0
33	1	0.3515755	0.8733766	2
33	2	0.3389381	0.8791883	2
33	3	1.077476	0.6530601	3
33	4	1.086332	0.6685745	3
33	5	0.7908373	0.2911154	0
33	6	0.8808357	0.8181582	0
33	7	0.3106114	0.7750978	0
33	8	0.8436763	0.01241505	0
33	9	0.9778531	0.7800604	0
33	10	0.3694163	0.7468994	4
33	11	0.3699647	0.7449264	4
33	12	0.8459976	0.1280503	0
33	13	0.3040518	0.6583374	5
33	14	0.2949671	0.6711768	5
33	15	0.8855236	0.9619576	0
34	1	-0.3974232	0.6061274	2
34	2	-0.4743423	0.5930439	2
34	3	1.627216	0.1338452	3
34	4	1.680768	0.148526	3
34	5	0.7896312	-0.09867811	0
34	6	1.36299	0.5758632	0
34	7	-0.2831224	0.4743553	0
34	8	0.7912099	-0.2397012	0
34	9	1.577415	0.4893698	0
34	10	-0.152869	0.27504	4
34	11	-0.1430265	0.2868098	4
34	12	0.8208525	-0.1899395	0
34	13	-0.2064262	0.1312315	5
34	14	-0.2555177	0.1479956	5
34	15	1.731946	1.112504	0
34	1	0.3534107	0.8742357	2
34	2	0.3405575	0.8800042	2
34	3	1.076403	0.6502126	3
34	4	1.084932	0.6669853	3
34	5	0.7893403	0.2957851	0
34	6	0.8804705	0.8152677	0
34	7	0.3137092	0.7735505	0
34	8	0.8440871	0.01508647	0
34	9	0.9763361	0.7801502	0
34	10	0.3694955	0.7491277	4
34	11	0.3701002	0.7469947	4
34	12	0.845224	0.1301483	0
34	13	0.3065011	0.6563657	5
34	14	0.2944133	0.6716819	5
34	15	0.8853531	0.9604256	0
35	1	-0.3937784	0.6068889	2
35	2	-0.4692251	0.5950952	2
35	3	1.621142	0.1295988	3
35	4	1.67452	0.1447614	3
35	5	0.7886236	-0.09526324	0
35	6	1.356955	0.5682599	0
35	7	-0.2713126	0.4706955	0
35	8	0.7922978	-0.2386383	0
35	9	1.573239	0.4895804	0
35	10	-0.1557593	0.2798089	4
35	11	-0.1451739	0.291414	4
35	12	0.8202323	-0.1884819	0
35	13	-0.2006463	0.1270126	5
35	14	-0.2561596	0.1483569	5
35	15	1.725248	1.103584	0
35	1	0.3550327	0.8749359	2
35	2	0.3422428	0.8805525	2
35	3	1.075509	0.6477966	3
35	4	1.084039	0.6647384	3
35	5	0.787657	0.3010927	0
35	6	0.8801036	0.8123647	0
35	7	0.3171188	0.7719173	0
35	8	0.8445022	0.01777619	0
35	9	0.9747922	0.7802416	0
35	10	0.3695289	0.7516019	4
35	11	0.3702482	0.7492495	4
35	12	0.8440953	0.1332136	0
35	13	0.3081447	0.6542773	5
35	14	0.2942791	0.6719345	5
35	15	0.8851609	0.958698	0
36	1	-0.3887268	0.6082721	2
36	2	-0.4630684	0.5972128	2
36	3	1.615453	0.1254065	3
36	4	1.667698	0.141554	3
36	5	0.7875159	-0.09145248	0
36	6	1.350967	0.5607156	0
36	7	-0.2587526	0.4669188	0
36	8	0.7933986	-0.2375646	0
36	9	1.569	0.4897943	0
36	10	-0.1593975	0.2847331	4
36	11	-0.147494	0.2967097	4
36	12	0.8194373	-0.1866155	0
36	13	-0.1955872	0.1219022	5
36	14	-0.2516124	0.1434298	5
36	15	1.717964	1.093885	0
36	1	0.3566671	0.8753606	2
36	2	0.3440052	0.8809295	2
36	3	1.074672	0.6454847	3
36	4	1.08294	0.6625062	3
36	5	0.7858101	0.3069512	0
36	6	0.8797355	0.8094511	0
36	7	0.3207933	0.7702217	0
36	8	0.8449215	0.02048206	0
36	9	0.9732252	0.7803344	0
36	10	0.3694779	0.7543471	4
36	11	0.3704137	0.7517361	4
36	12	0.8426574	0.1371161	0
36	13	0.3094938	0.6519751	5
36	14	0.2944524	0.6685419	5
36	15	0.8849497	0.9568008	0
37	1	-0.3830616	0.6096581	2
37	2	-0.4563247	0.5996081	2
37	3	1.609855	0.1219112	3
37	4	1.660547	0.1387826	3
37	5	0.7863123	-0.08728266	0
37	6	1.345027	0.5532331	0
37	7	-0.2455938	0.4630711	0
37	8	0.794512	-0.2364805	0
37	9	1.564704	0.4900109	0
37	10	-0.1636466	0.2896037	4
37	11	-0.1500839	0.3026694	4
37	12	0.8184844	-0.1843866	0
37	13	-0.1908844	0.1174963	5
37	14	-0.2502541	0.1427268	5
37	15	1.710202	1.083548	0
37	1	0.3583192	0.8756413	2
37	2	0.3457969	0.8812269	2
37	3	1.073725	0.6434107	3
37	4	1.081698	0.660313	3
37	5	0.783819	0.3132848	0
37	6	0.8793661	0.8065283	0
37	7	0.3246916	0.7684834	0
37	8	0.8453445	0.0232029	0
37	9	0.9716381	0.7804284	0
37	10	0.3693327	0.7572278	4
37	11	0.3705299	0.7543963	4
37	12	0.8409504	0.1417421	0
37	13	0.3104405	0.6494182	5
37	14	0.2947678	0.668056	5
37	15	0.8847223	0.9547566	0
38	1	-0.3771365	0.6112159	2
38	2	-0.4502108	0.601701	2
38	3	1.604395	0.1193812	3
38	4	1.653281	0.1362771	3
38	5	0.7859033	-0.08585978	0
38	6	1.339139	0.5458152	0
38	7	-0.2414243	0.4619559	0
38	8	0.7956375	-0.2353859	0
38	9	1.56036	0.49023	0
38	10	-0.1679626	0.29448	4
38	11	-0.1529673	0.3090098	4
38	12	0.8173883	-0.1818359	0
38	13	-0.1865964	0.1136623	5
38	14	-0.2480499	0.1416177	5
38	15	1.70205	1.072692	0
38	1	0.359951	0.8758564	2
38	2	0.3475177	0.8815753	2
38	3	1.07253	0.6417925	3
38	4	1.080396	0.6581402	3
38	5	0.7831464	0.3154281	0
38	6	0.8789958	0.8035974	0
38	7	0.3259549	0.7679775	0
38	8	0.8457711	0.02593809	0
38	9	0.9700335	0.7805235	0
38	10	0.3691731	0.7600876	4
38	11	0.3706582	0.7572743	4
38	12	0.8390086	0.1469922	0
38	13	0.3113032	0.6471018	5
38	14	0.295291	0.6672871	5
38	15	0.8844807	0.9525851	0
39	1	-0.3714311	0.612709	2
39	2	-0.4446561	0.6035922	2
39	3	1.599107	0.1166123	3
39	4	1.645803	0.1337768	3
39	5	0.7853057	-0.08378386	0
39	6	1.333303	0.5384636	0
39	7	-0.2355575	0.460501	0
39	8	0.796775	-0.2342808	0
39	9	1.555974	0.4904513	0
39	10	-0.1720263	0.3002821	4
39	11	-0.1559845	0.3148348	4
39	12	0.8161874	-0.1789904	0
39	13	-0.1826853	0.1111734	5
39	14	-0.2430417	0.1413104	5
39	15	1.693588	1.061422	0
39	1	0.3615448	0.8760852	2
39	2	0.3492453	0.882043	2
39	3	1.07148	0.6400462	3
39	4	1.079063	0.6558794	3
39	5	0.7821696	0.3185384	0
39	6	0.8786244	0.8006595	0
39	7	0.3277615	0.7673161	0
39	8	0.8462011	0.02868819	0
39	9	0.9684138	0.7806194	0
39	10	0.3690546	0.7630149	4
39	11	0.370942	0.7603257	4
39	12	0.8368794	0.1527945	0
39	13	0.3123909	0.6456634	5
39	14	0.2962866	0.665728	5
39	15	0.8842269	0.9503031	0
40	1	-0.366399	0.6139081	2
40	2	-0.4388853	0.6066022	2
40	3	1.593725	0.1136034	3
40	4	1.638162	0.1311328	3
40	5	0.7845699	-0.08112383	0
40	6	1.327521	0.5311798	0
40	7	-0.2282432	0.4587597	0
40	8	0.7979244	-0.2331648	0
40	9	1.55155	0.4906744	0
40	10	-0.1758383	0.3070415	4
40	11	-0.1593681	0.3207181	4
40	12	0.8148877	-0.1758802	0
40	13	-0.1788117	0.1090844	5
40	14	-0.2387305	0.1399606	5
40	15	1.684881	1.049827	0
40	1	0.3630749	0.8763951	2
40	2	0.3510722	0.8826953	2
40	3	1.07061	0.6380006	3
40	4	1.077709	0.6535203	3
40	5	0.7809463	0.3224963	0
40	6	0.8782522	0.7977157	0
40	7	0.3300357	0.7665224	0
40	8	0.8466338	0.03145361	0
40	9	0.9667809	0.7807161	0
40	10	0.3689872	0.7660303	4
40	11	0.3712951	0.7636431	4
40	12	0.8345861	0.1590708	0
40	13	0.3134159	0.6442302	5
40	14	0.297289	0.6643441	5
40	15	0.8839623	0.9479254	0
41	1	-0.361125	0.6153702	2
41	2	-0.4334358	0.6105807	2
41	3	1.588096	0.1109561	3
41	4	1.630803	0.128152	3
41	5	0.7837075	-0.07794356	0
41	6	1.321793	0.523965	0
41	7	-0.2197272	0.4568491	0
41	8	0.7990854	-0.2320373	0
41	9	1.547094	0.4908991	0
41	10	-0.1824072	0.3257565	4
41	11	-0.1585554	0.3331429	4
41	12	0.8144561	-0.1748335	0
41	13	-0.1751307	0.1072506	5
41	14	-0.2336014	0.1382351	5
41	15	1.675986	1.037982	0
42	1	-0.3552252	0.618513	2
42	2	-0.4287512	0.6119229	2
42	3	1.581543	0.1085212	3
42	4	1.62395	0.1250339	3
42	5	0.7827275	-0.07429731	0
42	6	1.316121	0.5168197	0
42	7	-0.2102488	0.454936	0
42	8	0.8002574	-0.2308991	0
42	9	1.54261	0.4911253	0
42	10	-0.1918423	0.3428305	4
42	11	-0.1550779	0.3452377	4
42	12	0.8138249	-0.1732994	0
42	13	-0.1715686	0.105605	5
42	14	-0.2283171	0.1358811	5
42	15	1.666953	1.025952	0
42	16	0.7476819	-0.3667419	6
43	1	-0.3491697	0.6215551	2
43	2	-0.4246288	0.6128428	2
43	3	1.574444	0.1062565	3
43	4	1.617456	0.1215143	3
43	5	0.7816398	-0.07023096	0
43	6	1.310505	0.5097446	0
43	7	-0.1999801	0.4530837	0
43	8	0.8014399	-0.2297506	0
43	9	1.538101	0.4913528	0
43	10	-0.19983	0.3589888	4
43	11	-0.155059	0.3462247	4
43	12	0.813016	-0.1713362	0
43	13	-0.1682113	0.1041207	5
43	14	-0.2230332	0.1328976	5
43	15	1.657823	1.013793	0
43	16	0.7475257	-0.3657218	6
43	17	0.748451	-0.3676009	6
44	1	-0.3441743	0.6218255	2
44	2	-0.4200988	0.6133642	2
44	3	1.566715	0.1039793	3
44	4	1.611421	0.11733	3
44	5	0.7804866	-0.06577599	0
44	6	1.304944	0.5027398	0
44	7	-0.1890834	0.4513758	0
44	8	0.8026324	-0.228592	0
44	9	1.53357	0.4915813	0
44	10	-0.2088658	0.3754812	4
44	11	-0.1491896	0.3469359	4
44	12	0.8120472	-0.168993	0
44	13	-0.1649495	0.1027243	5
44	14	-0.2182946	0.1299185	5
44	15	1.64863	1.001551	0
44	16	0.7473507	-0.3650339	6
44	17	0.7479462	-0.3656588	6
44	18	0.7459533	-0.354133	6
45	1	-0.3394849	0.6219651	2
45	2	-0.4135078	0.6117841	2
45	3	1.559522	0.1012052	3
45	4	1.606053	0.1129847	3
45	5	0.780125	-0.06424797	0
45	6	1.299387	0.4957569	0
45	7	-0.1776981	0.4498665	0
45	8	0.8038347	-0.2274232	0
45	9	1.529019	0.491801	0
45	10	-0.217072	0.3925239	4
45	11	-0.1418192	0.3486637	4
45	12	0.8109332	-0.1663119	0
45	13	-0.1617063	0.1013921	5
45	14	-0.2130317	0.1272267	5
45	15	1.639454	0.9894406	0
45	16	0.7471477	-0.3642454	6
45	17	0.7474466	-0.3643298	6
45	18	0.7461008	-0.355044	6
46	1	-0.3343039	0.6217175	2
46	2	-0.4069272	0.6100293	2
46	3	1.553029	0.09821737	3
46	4	1.600748	0.1090516	3
46	5	0.7796128	-0.06201971	0
46	6	1.293848	0.4888073	0
46	7	-0.1659439	0.4486108	0
46	8	0.8050466	-0.2262434	0
46	9	1.524449	0.4920106	0
46	10	-0.2245707	0.4095728	4
46	11	-0.1324592	0.3511519	4
46	12	0.8096859	-0.163329	0
46	13	-0.1584388	0.1001033	5
46	14	-0.207023	0.1254568	5
46	15	1.630305	0.9774659	0
46	16	0.746921	-0.3634257	6
46	17	0.746993	-0.3640902	6
46	18	0.7462568	-0.3554583	6
46	19	-0.2535523	1.011081	0
47	1	-0.3278276	0.6198244	2
47	2	-0.4026299	0.6114413	2
47	3	1.547114	0.09519273	3
47	4	1.594683	0.1060132	3
47	5	0.7789696	-0.05917203	0
47	6	1.288335	0.4819004	0
47	7	-0.1624213	0.4485551	0
47	8	0.8062674	-0.2250524	0
47	9	1.519862	0.4922092	0
47	10	-0.2383077	0.4177787	4
47	11	-0.1223546	0.3538	4
47	12	0.8083432	-0.1600678	0
47	13	-0.1551311	0.09870201	5
47	14	-0.2005479	0.1241345	5
47	15	1.621194	0.965631	0
47	16	0.7467217	-0.3627621	6
47	17	0.7464817	-0.3644264	6
47	18	0.7457653	-0.3572478	6
47	19	-0.2499437	1.01154	0
47	20	1.577989	0.7635547	0
47	1	0.375039	0.87863	2
47	2	0.3630016	0.8854852	2
47	3	1.061955	0.6218289	3
47	4	1.071375	0.6366158	3
47	5	0.7715082	0.3540006	0
47	6	0.8755958	0.7768871	0
47	7	0.3519063	0.7618251	0
47	8	0.8497152	0.0512051	0
47	9	0.95512	0.7813804	0
47	10	0.3721409	0.8163449	4
47	11	0.3899238	0.7784235	4
47	12	0.8233448	0.1899647	0
47	13	0.3195207	0.635468	5
47	14	0.3075626	0.6526967	5
47	15	0.8818156	0.9297	0
47	16	0.830049	-0.1224749	6
47	17	0.8296624	-0.1211677	6
47	18	0.8318076	-0.1403935	6
47	19	0.4073929	0.9398531	0
47	20	0.9075259	0.877708	0
48	1	-0.3223081	0.6190351	2
48	2	-0.3974268	0.6128861	2
48	3	1.541603	0.09185952	3
48	4	1.588207	0.1032926	3
48	5	0.7782126	-0.05577266	0
48	6	1.282858	0.4750437	0
48	7	-0.1574828	0.4486124	0
48	8	0.8074971	-0.223851	0
48	9	1.515259	0.4923962	0
48	10	-0.2398506	0.4255263	4
48	11	-0.1120614	0.3561425	4
48	12	0.8079023	-0.1589651	0
48	13	-0.1518435	0.09737998	5
48	14	-0.1942721	0.1226547	5
48	15	1.612129	0.9539388	0
48	16	0.7466637	-0.3621612	6
48	17	0.7436122	-0.3629752	6
48	18	0.7457439	-0.3575518	6
48	19	-0.2458787	1.012077	0
48	20	1.575347	0.7631216	0
48	1	0.3765895	0.8785743	2
48	2	0.3646179	0.885902	2
48	3	1.061063	0.619516	3
48	4	1.070335	0.6342345	3
48	5	0.7701691	0.3587022	0
48	6	0.8752003	0.7738566	0
48	7	0.353727	0.7618518	0
48	8	0.8501585	0.054079	0
48	9	0.9534391	0.7814612	0
48	10	0.3727778	0.818963	4
48	11	0.39373	0.7793427	4
48	12	0.8225945	0.192058	0
48	13	0.3204153	0.6343147	5
48	14	0.3092198	0.6508877	5
48	15	0.8814439	0.927027	0
48	16	0.82968	-0.1205375	6
48	17	0.8264225	-0.1175674	6
48	18	0.8319656	-0.1414976	6
48	19	0.4084639	0.9399687	0
48	20	0.9068479	0.8775817	0
49	1	-0.3175975	0.6199268	2
49	2	-0.3915923	0.6143357	2
49	3	1.536501	0.08812976	3
49	4	1.581488	0.100948	3
49	5	0.7773897	-0.05187142	0
49	6	1.277421	0.4682429	0
49	7	-0.1512998	0.448743	0
49	8	0.8087351	-0.2226394	0
49	9	1.510643	0.4925714	0
49	10	-0.2413657	0.4342828	4
49	11	-0.1018429	0.3584986	4
49	12	0.8072609	-0.1573509	0
49	13	-0.1485508	0.09604067	5
49	14	-0.1881727	0.1205547	5
49	15	1.603118	0.9423916	0
49	16	0.7469166	-0.3611977	6
49	17	0.7403505	-0.3592778	6
49	18	0.7455881	-0.3577261	6
49	19	-0.241418	1.012685	0
49	20	1.572247	0.7626071	0
49	1	0.3781176	0.878949	2
49	2	0.3662598	0.8861859	2
49	3	1.06033	0.6171556	3
49	4	1.069196	0.6318672	3
49	5	0.7686772	0.3640419	0
49	6	0.8748021	0.7708173	0
49	7	0.3560179	0.7619123	0
49	8	0.850602	0.05696356	0
49	9	0.9517574	0.7815369	0
49	10	0.3735732	0.8219065	4
49	11	0.397687	0.7805521	4
49	12	0.8215043	0.1951085	0
49	13	0.3213249	0.633169	5
49	14	0.3108951	0.649053	5
49	15	0.8810565	0.924351	0
49	16	0.8295351	-0.1182489	6
49	17	0.8223803	-0.1113272	6
49	18	0.831921	-0.1421297	6
49	19	0.4096404	0.9400997	0
49	20	0.9060531	0.8774315	0
50	1	-0.3123463	0.6207796	2
50	2	-0.385608	0.6159352	2
50	3	1.531948	0.08455479	3
50	4	1.574854	0.09861392	3
50	5	0.7765118	-0.04751718	0
50	6	1.272027	0.4615027	0
50	7	-0.1440138	0.4489005	0
50	8	0.8099813	-0.2214186	0
50	9	1.506018	0.4927351	0
50	10	-0.2425863	0.4453018	4
50	11	-0.09048876	0.3611252	4
50	12	0.8064412	-0.1552854	0
50	13	-0.1451995	0.094598	5
50	14	-0.1814562	0.1192572	5
50	15	1.594167	0.9309908	0
50	16	0.7471556	-0.3596938	6
50	17	0.740072	-0.3622863	6
50	18	0.7453567	-0.3575207	6
50	19	-0.2366137	1.01336	0
50	20	1.568749	0.7620188	0
50	1	0.3796649	0.8791879	2
50	2	0.3678881	0.8864387	2
50	3	1.059725	0.6149387	3
50	4	1.068058	0.6295156	3
50	5	0.7670567	0.3699321	0
50	6	0.874401	0.7677716	0
50	7	0.3587176	0.7619854	0
50	8	0.8510456	0.05985731	0
50	9	0.9500762	0.7816076	0
50	10	0.374605	0.8253592	4
50	11	0.4017449	0.7813953	4
50	12	0.8201186	0.1989876	0
50	13	0.3222607	0.6319905	5
50	14	0.3128355	0.6473802	5
50	15	0.8806545	0.9216729	0
50	16	0.8292103	-0.1149727	6
50	17	0.8218502	-0.1090119	6
50	18	0.8315833	-0.1413865	6
50	19	0.4109086	0.9402448	0
50	20	0.9051575	0.8772597	0
51	1	-0.3066865	0.6216174	2
51	2	-0.3795787	0.6178823	2
51	3	1.526663	0.08104479	3
51	4	1.568826	0.09592366	3
51	5	0.7755893	-0.04275084	0
51	6	1.266678	0.4548267	0
51	7	-0.1357448	0.4490409	0
51	8	0.8112352	-0.2201889	0
51	9	1.501387	0.4928877	0
51	10	-0.2446502	0.4580081	4
51	11	-0.08608297	0.3549471	4
51	12	0.8054611	-0.1528195	0
51	13	-0.1417613	0.09302759	5
51	14	-0.1753737	0.1168737	5
51	15	1.585279	0.9197371	0
51	16	0.7472001	-0.3581464	6
51	17	0.7380297	-0.3596377	6
51	18	0.7455856	-0.3572015	6
51	19	-0.231511	1.014094	0
51	20	1.564907	0.7613634	0
51	1	0.3812296	0.8793281	2
51	2	0.3695469	0.886755	2
51	3	1.05895	0.6125157	3
51	4	1.067059	0.6272392	3
51	5	0.7653294	0.3762969	0
51	6	0.8739973	0.7647214	0
51	7	0.3617732	0.7620505	0
51	8	0.8514895	0.06275898	0
51	9	0.9483966	0.7816736	0
51	10	0.3758467	0.8296113	4
51	11	0.4041059	0.7816665	4
51	12	0.8184756	0.2035837	0
51	13	0.3232469	0.6307935	5
51	14	0.3146012	0.6455794	5
51	15	0.8802388	0.9189935	0
51	16	0.8285512	-0.1107106	6
51	17	0.8194923	-0.1062007	6
51	18	0.8316139	-0.1402416	6
51	19	0.4122564	0.9404024	0
51	20	0.904175	0.8770682	0
52	1	-0.3009391	0.622547	2
52	2	-0.3735363	0.6201	2
52	3	1.520547	0.07820761	3
52	4	1.562435	0.09313875	3
52	5	0.7753097	-0.04110742	0
52	6	1.261377	0.4482173	0
52	7	-0.126597	0.4491268	0
52	8	0.8124969	-0.2189503	0
52	9	1.496754	0.4930303	0
52	10	-0.2467572	0.4694933	4
52	11	-0.08138506	0.3578132	4
52	12	0.8043352	-0.1499964	0
52	13	-0.1382888	0.09126347	5
52	14	-0.1700789	0.1129583	5
52	15	1.576459	0.9086306	0
52	16	0.747112	-0.3578961	6
52	17	0.7361833	-0.3575234	6
52	18	0.7453431	-0.356998	6
52	19	-0.2261494	1.014888	0
52	20	1.560768	0.7606465	0
53	1	-0.2951034	0.6236968	2
53	2	-0.3679397	0.6224695	2
53	3	1.514555	0.075697	3
53	4	1.555744	0.09039116	3
53	5	0.7749556	-0.03871393	0
53	6	1.256125	0.4416766	0
53	7	-0.116698	0.4492078	0
53	8	0.8137661	-0.2177035	0
53	9	1.49212	0.4931633	0
53	10	-0.2494431	0.4789464	4
53	11	-0.07493639	0.3606428	4
53	12	0.8030756	-0.1468526	0
53	13	-0.1348064	0.08932775	5
53	14	-0.1649632	0.1089267	5
53	15	1.56771	0.8976711	0
53	16	0.7468909	-0.3564425	6
53	17	0.7338127	-0.3553141	6
53	18	0.7441148	-0.3561597	6
53	19	-0.220564	1.015746	0
53	20	1.556371	0.7598728	0
53	21	-0.6120847	0.8178177	0
53	1	0.3843641	0.8795935	2
53	2	0.3729591	0.8876818	2
53	3	1.056878	0.6076065	3
53	4	1.064937	0.6221974	3
53	5	0.7639754	0.3816216	0
53	6	0.8731822	0.7586136	0
53	7	0.3687795	0.762128	0
53	8	0.8523774	0.0685823	0
53	9	0.9450444	0.7817925	0
53	10	0.3784534	0.8376898	4
53	11	0.4077699	0.7825823	4
53	12	0.8145452	0.2145507	0
53	13	0.3253858	0.6284568	5
53	14	0.3175921	0.6414976	5
53	15	0.8793691	0.9136341	0
53	16	0.826855	-0.1018888	6
53	17	0.8142444	-0.09746599	6
53	18	0.8299373	-0.1384974	6
53	19	0.4151518	0.940757	0
53	20	0.9019956	0.876632	0
53	21	0.2828328	0.8929819	0
54	1	-0.2891907	0.6250524	2
54	2	-0.3631396	0.6251131	2
54	3	1.508531	0.07353127	3
54	4	1.549086	0.08746576	3
54	5	0.7745386	-0.03565609	0
54	6	1.250922	0.4352056	0
54	7	-0.1061294	0.4492543	0
54	8	0.8150425	-0.2164485	0
54	9	1.487487	0.493288	0
54	10	-0.2529721	0.4863194	4
54	11	-0.06717829	0.3626226	4
54	12	0.8017204	-0.1434118	0
54	13	-0.1315079	0.08748364	5
54	14	-0.1599533	0.1047347	5
54	15	1.559032	0.8868573	0
54	16	0.7467912	-0.3552834	6
54	17	0.7318184	-0.3536315	6
54	18	0.7435136	-0.3555822	6
54	19	-0.214784	1.016668	0
54	20	1.551753	0.7590469	0
54	21	-0.6105341	0.817783	0
54	1	0.3859865	0.8797929	2
54	2	0.37458	0.8883739	2
54	3	1.055758	0.6053005	3
54	4	1.063914	0.6195009	3
54	5	0.7629986	0.3856148	0
54	6	0.872771	0.7555586	0
54	7	0.3726577	0.7621496	0
54	8	0.8528214	0.07150215	0
54	9	0.9433731	0.7818463	0
54	10	0.379533	0.8413337	4
54	11	0.4103189	0.7828597	4
54	12	0.8123282	0.2207779	0
54	13	0.3264533	0.627403	5
54	14	0.3186376	0.6387811	5
54	15	0.8789161	0.910955	0
54	16	0.8262046	-0.0984621	6
54	17	0.8116066	-0.09208095	6
54	18	0.8290963	-0.1367862	6
54	19	0.4166835	0.9409546	0
54	20	0.9008187	0.8763899	0
54	21	0.2832606	0.8929724	0
55	1	-0.2834029	0.6263965	2
55	2	-0.3587811	0.6276399	2
55	3	1.502837	0.07135183	3
55	4	1.543485	0.08403623	3
55	5	0.77407	-0.03200614	0
55	6	1.245771	0.4288054	0
55	7	-0.09496413	0.4492447	0
55	8	0.8163261	-0.2151859	0
55	9	1.482858	0.4934053	0
55	10	-0.253519	0.4945899	4
55	11	-0.05757894	0.3651013	4
55	12	0.8012747	-0.1422415	0
55	13	-0.1274324	0.0855037	5
55	14	-0.1552029	0.1010683	5
55	15	1.550427	0.8761877	0
55	16	0.7466239	-0.3538308	6
55	17	0.7303405	-0.3523275	6
55	18	0.7431464	-0.3548863	6
55	19	-0.2088342	1.017653	0
55	20	1.546945	0.7581728	0
55	21	-0.6083597	0.8177342	0
55	1	0.3876389	0.8800597	2
55	2	0.3761838	0.8891519	2
55	3	1.054697	0.6030805	3
55	4	1.063009	0.6171355	3
55	5	0.7618612	0.3903372	0
55	6	0.8723576	0.752504	0
55	7	0.376744	0.762145	0
55	8	0.8532655	0.07442641	0
55	9	0.9417053	0.7818969	0
55	10	0.3808756	0.8443469	4
55	11	0.4135866	0.7833956	4
55	12	0.8115908	0.2228796	0
55	13	0.3277448	0.6261145	5
55	14	0.3198045	0.6365289	5
55	15	0.8784519	0.9082768	0
55	16	0.8255108	-0.09519219	6
55	17	0.8094224	-0.08643579	6
55	18	0.8283776	-0.13445	6
55	19	0.4182619	0.9411654	0
55	20	0.8995947	0.8761333	0
55	21	0.2838604	0.8929591	0
56	1	-0.2782101	0.6280794	2
56	2	-0.3553528	0.6304096	2
56	3	1.497657	0.0688647	3
56	4	1.538114	0.08024532	3
56	5	0.7735601	-0.0278244	0
56	6	1.24067	0.4224763	0
56	7	-0.09137952	0.4491736	0
56	8	0.8176169	-0.2139155	0
56	9	1.478234	0.4935165	0
56	10	-0.2516069	0.502273	4
56	11	-0.04707925	0.3662278	4
56	12	0.8006274	-0.1405289	0
56	13	-0.1226848	0.08396274	5
56	14	-0.150272	0.09843212	5
56	15	1.541896	0.8656602	0
56	16	0.7467114	-0.3531091	6
56	17	0.7297103	-0.3503172	6
56	18	0.7424805	-0.3543985	6
56	19	-0.2027358	1.018699	0
56	20	1.541973	0.757254	0
56	21	-0.6056447	0.8176733	0
57	1	-0.2732375	0.6295863	2
57	2	-0.3529426	0.6334887	2
57	3	1.49221	0.06639767	3
57	4	1.532787	0.07670438	3
57	5	0.7730191	-0.02316189	0
57	6	1.235621	0.4162185	0
57	7	-0.08625476	0.4490507	0
57	8	0.8189167	-0.212639	0
57	9	1.473617	0.4936226	0
57	10	-0.2489234	0.5089145	4
57	11	-0.03563914	0.3657691	4
57	12	0.7998602	-0.1382871	0
57	13	-0.1172607	0.08266854	5
57	14	-0.1451359	0.09613323	5
57	15	1.533437	0.8552721	0
57	16	0.7466249	-0.3521943	6
57	17	0.7284026	-0.3489897	6
57	18	0.7417321	-0.3536756	6
57	19	-0.1965062	1.019803	0
57	20	1.536864	0.7562943	0
57	21	-0.6024615	0.8176019	0
57	22	0.7792451	-0.2655156	7
58	1	-0.268786	0.6312166	2
58	2	-0.3510456	0.6365089	2
58	3	1.485762	0.06402194	3
58	4	1.527477	0.07413948	3
58	5	0.7724904	-0.01805496	0
58	6	1.230623	0.410032	0
58	7	-0.0797965	0.4488922	0
58	8	0.8202262	-0.2113569	0
58	9	1.469007	0.4937246	0
58	10	-0.2456797	0.5142407	4
58	11	-0.02230917	0.36374	4
58	12	0.7990066	-0.1355689	0
58	13	-0.1112499	0.08188534	5
58	14	-0.139887	0.09407508	5
58	15	1.52505	0.8450201	0
58	16	0.7461925	-0.3510065	6
58	17	0.7274725	-0.3475347	6
58	18	0.7409943	-0.3525637	6
58	19	-0.1901606	1.02096	0
58	20	1.531638	0.7552974	0
58	21	-0.5988725	0.8175213	0
58	22	0.7805101	-0.2626303	7
58	23	0.7720574	-0.2503941	7
59	1	-0.2650203	0.6330767	2
59	2	-0.3482203	0.6396108	2
59	3	1.479103	0.06126648	3
59	4	1.522218	0.07173932	3
59	5	0.7719798	-0.01254082	0
59	6	1.225677	0.4039165	0
59	7	-0.07218373	0.4487118	0
59	8	0.8215457	-0.2100693	0
59	9	1.464294	0.4938251	0
59	10	-0.2416517	0.5200722	4
59	11	-0.01030574	0.3640089	4
59	12	0.7980656	-0.1324263	0
59	13	-0.1054928	0.08073056	5
59	14	-0.1345888	0.09218943	5
59	15	1.516732	0.8349006	0
59	16	0.7458845	-0.3503307	6
59	17	0.7265164	-0.3452654	6
59	18	0.7402323	-0.3510313	6
59	19	-0.1837115	1.022163	0
59	20	1.526317	0.75427	0
59	21	-0.5949318	0.817433	0
59	22	0.7823972	-0.2605413	7
59	23	0.7706971	-0.2512043	7
59	24	1.53979	0.4919143	0
59	1	0.3939831	0.8824394	2
59	2	0.3820606	0.8937776	2
59	3	1.050566	0.5930489	3
59	4	1.058791	0.6090153	3
59	5	0.7562272	0.414737	0
59	6	0.870684	0.7403047	0
59	7	0.384992	0.7618979	0
59	8	0.8550587	0.08613694	0
59	9	0.9350343	0.782078	0
59	10	0.3875161	0.8518757	4
59	11	0.4292071	0.7828172	4
59	12	0.8058905	0.2401973	0
59	13	0.3342942	0.619681	5
59	14	0.3252895	0.6288174	5
59	15	0.8764858	0.8975744	0
59	16	0.8229638	-0.08359909	6
59	17	0.8023006	-0.06171143	6
59	18	0.8239168	-0.1236119	6
59	19	0.4249413	0.9421278	0
59	20	0.8943586	0.8749844	0
59	21	0.2875657	0.8928772	0
59	22	0.8132811	0.1453937	7
59	23	0.8059015	0.1363187	7
59	24	0.9622521	0.7812529	0
60	1	-0.2618651	0.6350691	2
60	2	-0.3444506	0.6432081	2
60	3	1.47398	0.05775464	3
60	4	1.517034	0.06868207	3
60	5	0.7718704	-0.01073182	0
60	6	1.220784	0.3978716	0
60	7	-0.06357116	0.4485208	0
60	8	0.8228753	-0.2087764	0
60	9	1.459497	0.493926	0
60	10	-0.2369248	0.522691	4
60	11	-0.004594738	0.3580177	4
60	12	0.7970353	-0.1289039	0
60	13	-0.0993022	0.07936478	5
60	14	-0.1291453	0.09037101	5
60	15	1.508481	0.8249088	0
60	16	0.7455587	-0.3500209	6
60	17	0.7254704	-0.3426912	6
60	18	0.7393086	-0.3491936	6
60	19	-0.1771693	1.023406	0
60	20	1.520925	0.753221	0
60	21	-0.590687	0.8173378	0
60	22	0.784381	-0.2598298	7
60	23	0.7696948	-0.2521365	7
60	24	1.538157	0.4903029	0
60	1	0.3954112	0.8833384	2
60	2	0.3834835	0.8946782	2
60	3	1.049662	0.5906613	3
60	4	1.057891	0.6068208	3
60	5	0.7557688	0.4169399	0
60	6	0.8702614	0.7372622	0
60	7	0.3881141	0.7618092	0
60	8	0.855515	0.08906138	0
60	9	0.9333134	0.7821215	0
60	10	0.3894289	0.8529154	4
60	11	0.4318767	0.7830502	4
60	12	0.803974	0.2462797	0
60	13	0.3362095	0.6179096	5
60	14	0.3267382	0.6268382	5
60	15	0.8759677	0.8949003	0
60	16	0.8222786	-0.08110952	6
60	17	0.8003526	-0.05491376	6
60	18	0.8224453	-0.1198397	6
60	19	0.4266816	0.9423922	0
60	20	0.892991	0.8746747	0
60	21	0.2887374	0.8928514	0
60	22	0.8140914	0.1491005	7
60	23	0.8054375	0.1346457	7
60	24	0.9621499	0.7805551	0
61	1	-0.2582036	0.63706	2
61	2	-0.3401399	0.6467396	2
61	3	1.469151	0.05416518	3
61	4	1.511445	0.06608427	3
61	5	0.7717745	-0.008111715	0
61	6	1.215939	0.3918939	0
61	7	-0.05411553	0.4484007	0
61	8	0.8242148	-0.207478	0
61	9	1.454635	0.4940299	0
61	10	-0.231928	0.5232913	4
61	11	0.0006790815	0.3582867	4
61	12	0.7959131	-0.1250401	0
61	13	-0.09328443	0.07808483	5
61	14	-0.1237295	0.08830893	5
61	15	1.500294	0.8150395	0
61	16	0.7452066	-0.3498147	6
61	17	0.7244167	-0.3406262	6
61	18	0.7382082	-0.3478541	6
61	19	-0.1705434	1.024684	0
61	20	1.515481	0.7521604	0
61	21	-0.5861783	0.8172367	0
61	22	0.7860962	-0.258142	7
61	23	0.7694277	-0.2529426	7
61	24	1.535866	0.4880479	0
61	1	0.3968846	0.8841412	2
61	2	0.384958	0.895485	2
61	3	1.048825	0.5883347	3
61	4	1.056818	0.6046527	3
61	5	0.7551458	0.4201113	0
61	6	0.8698372	0.7342221	0
61	7	0.3915579	0.7617534	0
61	8	0.8559749	0.09198409	0
61	9	0.9315687	0.7821663	0
61	10	0.391391	0.8536356	4
61	11	0.4333662	0.7826055	4
61	12	0.801902	0.2528728	0
61	13	0.3381599	0.6163285	5
61	14	0.3282248	0.6248566	5
61	15	0.8754389	0.8922255	0
61	16	0.8215817	-0.07867527	6
61	17	0.7984571	-0.04836774	6
61	18	0.8208596	-0.1162825	6
61	19	0.4284434	0.9426635	0
61	20	0.8916087	0.8743609	0
61	21	0.2899819	0.8928238	0
61	22	0.8146932	0.1527381	7
61	23	0.8054075	0.133696	7
61	24	0.9620049	0.7795756	0
62	1	-0.2538684	0.6395798	2
62	2	-0.3354017	0.6504009	2
62	3	1.464391	0.05104899	3
62	4	1.50561	0.06385076	3
62	5	0.7716934	-0.004772663	0
62	6	1.211142	0.3859802	0
62	7	-0.04392827	0.4483394	0
62	8	0.8255647	-0.2061744	0
62	9	1.449722	0.4941396	0
62	10	-0.2268332	0.5236785	4
62	11	0.007177398	0.3587589	4
62	12	0.7955295	-0.1237381	0
62	13	-0.0885409	0.07489926	5
62	14	-0.1186477	0.08628237	5
62	15	1.492157	0.8053206	0
62	16	0.7450076	-0.3493745	6
62	17	0.7232957	-0.3390689	6
62	18	0.7366363	-0.3465991	6
62	19	-0.1638413	1.025988	0
62	20	1.51002	0.7510616	0
62	21	-0.5814413	0.8171303	0
62	22	0.7875856	-0.2562172	7
62	23	0.769123	-0.2531645	7
62	24	1.533008	0.4852401	0
62	1	0.3983486	0.8848087	2
62	2	0.3864509	0.8962185	2
62	3	1.047912	0.5861943	3
62	4	1.05562	0.6025269	3
62	5	0.7543824	0.4241208	0
62	6	0.8694113	0.7311831	0
62	7	0.3952804	0.761725	0
62	8	0.856438	0.09490508	0
62	9	0.929805	0.7822136	0
62	10	0.3933082	0.8542442	4
62	11	0.4352299	0.7821239	4
62	12	0.8012056	0.2550765	0
62	13	0.3396466	0.6144329	5
62	14	0.3296935	0.623076	5
62	15	0.8748908	0.8895584	0
62	16	0.8209977	-0.07611036	6
62	17	0.796603	-0.04237628	6
62	18	0.8186668	-0.111513	6
62	19	0.430224	0.9429402	0
62	20	0.8902271	0.8740355	0
62	21	0.2912897	0.892795	0
62	22	0.8151948	0.1559496	7
62	23	0.8052672	0.1331742	7
62	24	0.9618213	0.7783509	0
63	1	-0.2491067	0.6420873	2
63	2	-0.3307492	0.6538953	2
63	3	1.459691	0.04880488	3
63	4	1.499688	0.06184477	3
63	5	0.7716293	-0.0007917881	0
63	6	1.20639	0.3801278	0
63	7	-0.03310192	0.4483202	0
63	8	0.8269249	-0.2048651	0
63	9	1.444772	0.4942572	0
63	10	-0.2194842	0.5212433	4
63	11	0.01581666	0.3596857	4
63	12	0.7949601	-0.1218244	0
63	13	-0.08415851	0.07136929	5
63	14	-0.1137664	0.08392072	5
63	15	1.484047	0.7957918	0
63	16	0.745208	-0.3487016	6
63	17	0.7222629	-0.3369102	6
63	18	0.7347773	-0.345102	6
63	19	-0.1570699	1.027315	0
63	20	1.504586	0.7499036	0
63	21	-0.5765066	0.8170197	0
63	22	0.7891348	-0.2546043	7
63	23	0.7704711	-0.252708	7
63	24	1.529661	0.4819591	0
64	1	-0.2439927	0.6448628	2
64	2	-0.3266232	0.6571859	2
64	3	1.455087	0.04657423	3
64	4	1.493615	0.05986178	3
64	5	0.7715852	0.003766	0
64	6	1.201683	0.3743343	0
64	7	-0.02167295	0.4482924	0
64	8	0.828295	-0.2035503	0
64	9	1.439798	0.4943851	0
64	10	-0.2132808	0.5199534	4
64	11	0.02516756	0.3603905	4
64	12	0.794251	-0.1193638	0
64	13	-0.07994053	0.06812924	5
64	14	-0.1091225	0.0811432	5
64	15	1.475931	0.7864733	0
64	16	0.7447726	-0.3483169	6
64	17	0.7213022	-0.3346951	6
64	18	0.7328352	-0.342389	6
64	19	-0.1502349	1.028659	0
64	20	1.499224	0.7486843	0
64	21	-0.5714438	0.8169321	0
64	22	0.7906981	-0.2536495	7
64	23	0.770776	-0.2524327	7
64	24	1.525893	0.4782747	0
64	25	-0.2560919	0.6173052	0
64	1	0.4013964	0.8859597	2
64	2	0.3893857	0.8977542	2
64	3	1.045621	0.5828559	3
64	4	1.053091	0.5982487	3
64	5	0.7525185	0.4342132	0
64	6	0.8685549	0.7251052	0
64	7	0.4034275	0.7617032	0
64	8	0.8573744	0.1007418	0
64	9	0.9262368	0.7823193	0
64	10	0.3970531	0.8535426	4
64	11	0.4407657	0.7814982	4
64	12	0.7988943	0.2624139	0
64	13	0.3423591	0.6107185	5
64	14	0.3326365	0.6196787	5
64	15	0.8736802	0.8842903	0
64	16	0.8199427	-0.07078242	6
64	17	0.7930576	-0.03006411	6
64	18	0.8133131	-0.09955812	6
64	19	0.4338329	0.9435052	0
64	20	0.8875293	0.8733298	0
64	21	0.2940554	0.892741	0
64	22	0.8164796	0.1613666	7
64	23	0.8062299	0.1348572	7
64	24	0.9613535	0.7752888	0
64	25	0.3516521	0.8305243	0
65	1	-0.2388705	0.6476348	2
65	2	-0.32211	0.6608834	2
65	3	1.449982	0.04379666	3
65	4	1.487383	0.05779839	3
65	5	0.7715636	0.008846343	0
65	6	1.197018	0.3685974	0
65	7	-0.01806224	0.4482727	0
65	8	0.8296754	-0.2022302	0
65	9	1.434806	0.4945212	0
65	10	-0.2065089	0.5193182	4
65	11	0.03461097	0.3607316	4
65	12	0.7934114	-0.1164184	0
65	13	-0.07592347	0.06499732	5
65	14	-0.1048982	0.07827234	5
65	15	1.467776	0.7773663	0
65	16	0.7441617	-0.3476398	6
65	17	0.7203922	-0.3331752	6
65	18	0.7328681	-0.3447015	6
65	19	-0.1433414	1.030014	0
65	20	1.493981	0.7474207	0
65	21	-0.5662742	0.8168675	0
65	22	0.7922026	-0.252642	7
65	23	0.7713498	-0.252026	7
65	24	1.521765	0.4742477	0
65	25	-0.2545838	0.615728	0
66	1	-0.2342107	0.6500759	2
66	2	-0.3176995	0.6656145	2
66	3	1.4443	0.04131955	3
66	4	1.481261	0.05544269	3
66	5	0.7716039	0.0144099	0
66	6	1.192395	0.3629153	0
66	7	-0.01288894	0.4482412	0
66	8	0.8310644	-0.2009063	0
66	9	1.429807	0.494663	0
66	10	-0.1982272	0.5179751	4
66	11	0.0436691	0.3612046	4
66	12	0.7924333	-0.1130389	0
66	13	-0.07202148	0.0618366	5
66	14	-0.1008933	0.07572055	5
66	15	1.459539	0.7684492	0
66	16	0.7436133	-0.3465679	6
66	17	0.7190125	-0.3304875	6
66	18	0.7314721	-0.3428733	6
66	19	-0.1363937	1.031375	0
66	20	1.488906	0.7461467	0
66	21	-0.5610155	0.816826	0
66	22	0.7934996	-0.2516515	7
66	23	0.7721393	-0.2514518	7
66	24	1.51733	0.4699312	0
66	25	-0.2499681	0.6110773	0
66	26	0.8742505	-0.1326609	0
66	1	0.4044443	0.8871397	2
66	2	0.3925416	0.8996919	2
66	3	1.043446	0.5782413	3
66	4	1.050543	0.5936217	3
66	5	0.7503411	0.4464803	0
66	6	0.8676929	0.7190228	0
66	7	0.4066383	0.7616794	0
66	8	0.8583236	0.1065679	0
66	9	0.9226381	0.782439	0
66	10	0.4008356	0.8525942	4
66	11	0.4473741	0.782414	4
66	12	0.7956293	0.2728459	0
66	13	0.3443416	0.6062509	5
66	14	0.3354543	0.6169226	5
66	15	0.8722412	0.8791304	0
66	16	0.8180573	-0.06548548	6
66	17	0.7892817	-0.01763988	6
66	18	0.8112267	-0.09363675	6
66	19	0.4374931	0.9440783	0
66	20	0.8849947	0.872574	0
66	21	0.2969601	0.8927121	0
66	22	0.8176627	0.1660181	7
66	23	0.8068662	0.1371116	7
66	24	0.9607712	0.771575	0
66	25	0.3525211	0.8282907	0
66	26	0.8599719	0.2397896	0
67	1	-0.2293098	0.6526797	2
67	2	-0.3134258	0.6707815	2
67	3	1.438729	0.0391584	3
67	4	1.475509	0.05291933	3
67	5	0.7717053	0.02041703	0
67	6	1.187814	0.3572864	0
67	7	-0.006361106	0.4481992	0
67	8	0.8324621	-0.1995791	0
67	9	1.424806	0.4948078	0
67	10	-0.1891614	0.5166912	4
67	11	0.05345007	0.3623398	4
67	12	0.7913556	-0.1092644	0
67	13	-0.068189	0.05958545	5
67	14	-0.09646388	0.07400674	5
67	15	1.45118	0.7596799	0
67	16	0.7430682	-0.3452015	6
67	17	0.7182086	-0.3284292	6
67	18	0.7300719	-0.3404493	6
67	19	-0.1293954	1.032737	0
67	20	1.484043	0.7449117	0
67	21	-0.5556808	0.8168057	0
67	22	0.7946542	-0.2506642	7
67	23	0.773208	-0.2502513	7
67	24	1.512632	0.4653717	0
67	25	-0.2426731	0.6045828	0
67	26	0.874731	-0.1322334	0
67	1	0.4060244	0.887794	2
67	2	0.3941648	0.9008784	2
67	3	1.042214	0.5760417	3
67	4	1.049429	0.5912719	3
67	5	0.7491903	0.4532546	0
67	6	0.8672603	0.7159785	0
67	7	0.4090239	0.7616599	0
67	8	0.8588027	0.109471	0
67	9	0.9208356	0.7825014	0
67	10	0.4028236	0.8516278	4
67	11	0.4507414	0.7828053	4
67	12	0.793716	0.2789742	0
67	13	0.3455567	0.6047329	5
67	14	0.3368615	0.6155187	5
67	15	0.8714169	0.8765754	0
67	16	0.8170765	-0.06244206	6
67	17	0.7876526	-0.01106679	6
67	18	0.8093154	-0.08964801	6
67	19	0.4393384	0.9443651	0
67	20	0.8838046	0.8722052	0
67	21	0.2984525	0.8927066	0
67	22	0.8181074	0.1681272	7
67	23	0.807349	0.138922	7
67	24	0.9604431	0.769524	0
67	25	0.3537305	0.8259396	0
67	26	0.8601299	0.240532	0
68	1	-0.2244284	0.6559832	2
68	2	-0.3094273	0.6736774	2
68	3	1.43329	0.03722978	3
68	4	1.470015	0.0500834	3
68	5	0.7717931	0.02241176	0
68	6	1.183274	0.3517093	0
68	7	0.00134211	0.4481466	0
68	8	0.8338681	-0.1982492	0
68	9	1.419807	0.4949532	0
68	10	-0.1792894	0.515349	4
68	11	0.06421628	0.3637471	4
68	12	0.7901818	-0.1051359	0
68	13	-0.06418742	0.05760741	5
68	14	-0.09176026	0.07255703	5
68	15	1.442657	0.7509992	0
68	16	0.7424371	-0.3436024	6
68	17	0.7178791	-0.3265171	6
68	18	0.7286161	-0.3385273	6
68	19	-0.12235	1.034096	0
68	20	1.479431	0.7437751	0
68	21	-0.5502779	0.8168035	0
68	22	0.7958344	-0.2500668	7
68	23	0.7743516	-0.2491447	7
68	24	1.507711	0.4606094	0
68	25	-0.2331364	0.5966378	0
68	26	0.8754035	-0.1316304	0
68	1	0.4076221	0.8885702	2
68	2	0.3957733	0.9018413	2
68	3	1.040988	0.5739276	3
68	4	1.048397	0.588904	3
68	5	0.7488427	0.4554809	0
68	6	0.866827	0.7129316	0
68	7	0.4118388	0.7616355	0
68	8	0.8592846	0.1123664	0
68	9	0.9190343	0.7825639	0
68	10	0.4050093	0.8505879	4
68	11	0.4542745	0.7829266	4
68	12	0.7916523	0.2855954	0
68	13	0.3467667	0.6031155	5
68	14	0.3383024	0.6140057	5
68	15	0.8705188	0.874017	0
68	16	0.8159849	-0.05919147	6
68	17	0.7864267	-0.004410267	6
68	18	0.8072122	-0.08451509	6
68	19	0.4411923	0.9446507	0
68	20	0.8826672	0.8718653	0
68	21	0.2999676	0.892706	0
68	22	0.8186358	0.1698964	7
68	23	0.8078586	0.1408985	7
68	24	0.9600928	0.7673655	0
68	25	0.3554256	0.8230327	0
68	26	0.8603485	0.2415774	0
69	1	-0.2196037	0.6597315	2
69	2	-0.3057473	0.6763335	2
69	3	1.427863	0.03532416	3
69	4	1.464873	0.04664856	3
69	5	0.7719447	0.02527791	0
69	6	1.178776	0.3461828	0
69	7	0.01004645	0.4481558	0
69	8	0.8352822	-0.1969169	0
69	9	1.414815	0.4950965	0
69	10	-0.1665286	0.5103245	4
69	11	0.0747029	0.3646843	4
69	12	0.7897875	-0.1037586	0
69	13	-0.06013938	0.05582058	5
69	14	-0.08693983	0.07142234	5
69	15	1.433935	0.7423362	0
69	16	0.7417681	-0.3419366	6
69	17	0.7181239	-0.3244839	6
69	18	0.7266806	-0.3360081	6
69	19	-0.1152603	1.035444	0
69	20	1.475094	0.7428004	0
69	21	-0.5448118	0.8168147	0
69	22	0.796969	-0.2496219	7
69	23	0.7756441	-0.2478213	7
69	24	1.502602	0.4556797	0
69	25	-0.2217537	0.5875946	0
69	26	0.8762434	-0.1308734	0
69	1	0.4092427	0.889452	2
69	2	0.3974187	0.9028982	2
69	3	1.039775	0.5717806	3
69	4	1.047541	0.5864164	3
69	5	0.7483609	0.4586599	0
69	6	0.8663932	0.709882	0
69	7	0.4150301	0.7616398	0
69	8	0.8597695	0.1152533	0
69	9	0.9172365	0.7826256	0
69	10	0.4076419	0.8484651	4
69	11	0.4578524	0.7832386	4
69	12	0.7909679	0.2877856	0
69	13	0.3479518	0.6014413	5
69	14	0.3397461	0.6124623	5
69	15	0.8695485	0.8714342	0
69	16	0.8148194	-0.05566692	6
69	17	0.7856944	0.002180457	6
69	18	0.8045372	-0.07843828	6
69	19	0.4430535	0.9449337	0
69	20	0.8815785	0.8715733	0
69	21	0.3015028	0.8927091	0
69	22	0.8191584	0.171513	7
69	23	0.8084216	0.1431814	7
69	24	0.9597219	0.765113	0
69	25	0.3575528	0.8196821	0
69	26	0.8606192	0.2428873	0
70	1	-0.2150325	0.6615872	2
70	2	-0.3016323	0.6784565	2
70	3	1.422462	0.03334016	3
70	4	1.460198	0.04282343	3
70	5	0.7721913	0.02892327	0
70	6	1.174318	0.340706	0
70	7	0.01962623	0.4482065	0
70	8	0.8367042	-0.1955822	0
70	9	1.409833	0.4952351	0
70	10	-0.1517472	0.5019093	4
70	11	0.08583207	0.3660554	4
70	12	0.7892068	-0.1017389	0
70	13	-0.0555257	0.05422437	5
70	14	-0.08217181	0.07025945	5
70	15	1.424993	0.7336172	0
70	16	0.7409976	-0.3405805	6
70	17	0.7178274	-0.3229561	6
70	18	0.7250969	-0.3338945	6
70	19	-0.1081285	1.036775	0
70	20	1.471044	0.7420467	0
70	21	-0.5392848	0.8168339	0
70	22	0.7980317	-0.2491978	7
70	23	0.7770651	-0.2462728	7
70	24	1.497336	0.4506128	0
70	25	-0.2088779	0.5777652	0
70	26	0.877229	-0.1299802	0
70	1	0.4108209	0.8901149	2
70	2	0.3990743	0.9037911	2
70	3	1.038574	0.5696017	3
70	4	1.046875	0.5838888	3
70	5	0.7477834	0.4626696	0
70	6	0.8659592	0.7068294	0
70	7	0.4185482	0.7616633	0
70	8	0.8602574	0.1181312	0
70	9	0.9154436	0.7826853	0
70	10	0.4107577	0.8456281	4
70	11	0.4616809	0.7837176	4
70	12	0.7899677	0.2909806	0
70	13	0.3492626	0.5995459	5
70	14	0.3411798	0.6109151	5
70	15	0.8685121	0.8688044	0
70	16	0.8136109	-0.05238056	6
70	17	0.7845861	0.008279681	6
70	18	0.8021048	-0.07164383	6
70	19	0.4449206	0.9452123	0
70	20	0.8805304	0.8713474	0
70	21	0.3030566	0.8927143	0
70	22	0.8196342	0.1730859	7
70	23	0.8090221	0.1457645	7
70	24	0.9593318	0.7627787	0
70	25	0.3600643	0.8159887	0
70	26	0.8609343	0.2444283	0
71	1	-0.2106943	0.6632097	2
71	2	-0.2955812	0.6782888	2
71	3	1.417312	0.03116798	3
71	4	1.455892	0.03938699	3
71	5	0.7725249	0.03326511	0
71	6	1.169902	0.3352782	0
71	7	0.02997492	0.4482743	0
71	8	0.8381341	-0.1942452	0
71	9	1.404863	0.4953666	0
71	10	-0.1353342	0.4938225	4
71	11	0.09758154	0.3678592	4
71	12	0.7884589	-0.0991534	0
71	13	-0.05051513	0.05272973	5
71	14	-0.07774088	0.06866145	5
71	15	1.415829	0.7247757	0
71	16	0.7403247	-0.3398035	6
71	17	0.7178258	-0.3211565	6
71	18	0.7257822	-0.3361268	6
71	19	-0.1009569	1.038079	0
71	20	1.46727	0.7415617	0
71	21	-0.5336968	0.8168546	0
71	22	0.7990373	-0.2487614	7
71	23	0.7786655	-0.2446524	7
71	24	1.491938	0.4454355	0
71	25	-0.1948188	0.567423	0
71	26	0.8783411	-0.1289667	0
72	1	-0.2062251	0.6644801	2
72	2	-0.2886207	0.6767591	2
72	3	1.411662	0.0290314	3
72	4	1.451002	0.03660178	3
72	5	0.7729389	0.03823435	0
72	6	1.165527	0.3298988	0
72	7	0.04099998	0.4483349	0
72	8	0.8395721	-0.192906	0
72	9	1.399907	0.4954883	0
72	10	-0.1172031	0.4865322	4
72	11	0.109424	0.3674138	4
72	12	0.7875902	-0.0960598	0
72	13	-0.04501833	0.05122799	5
72	14	-0.07303035	0.06706798	5
72	15	1.406464	0.7157625	0
72	16	0.7393919	-0.3399799	6
72	17	0.7176818	-0.3183901	6
72	18	0.7241571	-0.3342872	6
72	19	-0.09374732	1.03935	0
72	20	1.463741	0.741374	0
72	21	-0.5280464	0.8168699	0
72	22	0.7999985	-0.2482686	7
72	23	0.7802699	-0.2430563	7
72	24	1.486431	0.4401709	0
72	25	-0.1798452	0.5568048	0
72	26	0.8795632	-0.1278465	0
72	27	3.015794	1.868676	8
73	1	-0.2009642	0.664663	2
73	2	-0.2843712	0.6789189	2
73	3	1.406004	0.02629632	3
73	4	1.445694	0.03433466	3
73	5	0.7734287	0.04377246	0
73	6	1.161195	0.3245675	0
73	7	0.04462412	0.4483243	0
73	8	0.841018	-0.1915643	0
73	9	1.394965	0.4955977	0
73	10	-0.09957042	0.4799981	4
73	11	0.1219059	0.3649399	4
73	12	0.7866095	-0.09251475	0
73	13	-0.04003796	0.0492121	5
73	14	-0.06812836	0.0659312	5
73	15	1.396941	0.706553	0
73	16	0.7384092	-0.3396541	6
73	17	0.7172728	-0.3155468	6
73	18	0.7239031	-0.3327386	6
73	19	-0.08650124	1.040583	0
73	20	1.460407	0.7414896	0
73	21	-0.5223312	0.8168727	0
73	22	0.8009681	-0.2477245	7
73	23	0.7820112	-0.2416569	7
73	24	1.480835	0.434839	0
73	25	-0.1641941	0.5461176	0
73	26	0.8808821	-0.126632	0
73	27	2.960252	1.829949	8
74	1	-0.1946318	0.6630941	2
74	2	-0.2790796	0.6809101	2
74	3	1.401353	0.02267176	3
74	4	1.440186	0.03238404	3
74	5	0.7740272	0.04983664	0
74	6	1.156904	0.319284	0
74	7	0.0498354	0.4482854	0
74	8	0.8424721	-0.1902201	0
74	9	1.390039	0.4956921	0
74	10	-0.09444805	0.4676633	4
74	11	0.1330563	0.3642253	4
74	12	0.7855214	-0.08856654	0
74	13	-0.03556503	0.04717708	5
74	14	-0.06325152	0.06467539	5
74	15	1.387326	0.6971508	0
74	16	0.7372712	-0.337806	6
74	17	0.7167897	-0.3133731	6
74	18	0.7226215	-0.3307095	6
74	19	-0.07922044	1.041773	0
74	20	1.457203	0.7418911	0
74	21	-0.5165488	0.8168562	0
74	22	0.8020216	-0.2471496	7
74	23	0.7838517	-0.2406776	7
74	24	1.475167	0.4294573	0
74	25	-0.1592428	0.5431043	0
74	26	0.8822868	-0.1253338	0
74	27	2.899445	1.781382	8
74	28	3.0166	1.926063	8
75	1	-0.1896549	0.6633836	2
75	2	-0.2730403	0.682666	2
75	3	1.397299	0.01914781	3
75	4	1.434567	0.030532	3
75	5	0.7747269	0.05638492	0
75	6	1.152657	0.3140483	0
75	7	0.05641815	0.4482175	0
75	8	0.8439344	-0.1888733	0
75	9	1.385128	0.4957693	0
75	10	-0.08807724	0.4740014	4
75	11	0.1445073	0.3626839	4
75	12	0.7843301	-0.08425641	0
75	13	-0.03136433	0.04489625	5
75	14	-0.0589592	0.06220186	5
75	15	1.377696	0.6875855	0
75	16	0.736118	-0.3356344	6
75	17	0.7162378	-0.311715	6
75	18	0.7213621	-0.3283637	6
75	19	-0.07190675	1.042922	0
75	20	1.454052	0.7425393	0
75	21	-0.5106717	0.816799	0
75	22	0.8032068	-0.2465699	7
75	23	0.7855445	-0.2400446	7
75	24	1.469442	0.4240407	0
75	25	-0.1521918	0.5390531	0
75	26	0.8837678	-0.1239609	0
75	27	2.852165	1.729788	8
75	28	3.043609	1.949865	8
75	29	-0.9428284	1.093686	0
75	1	0.4186071	0.8916031	2
75	2	0.4072451	0.9053208	2
75	3	1.033696	0.5574141	3
75	4	1.042191	0.5722079	3
75	5	0.7439686	0.4917165	0
75	6	0.8637988	0.6915245	0
75	7	0.4320322	0.7616684	0
75	8	0.8627385	0.1323925	0
75	9	0.9065977	0.7829149	0
75	10	0.4262694	0.8367391	4
75	11	0.4812068	0.7827582	4
75	12	0.7816602	0.3178322	0
75	13	0.356634	0.5899345	5
75	14	0.3486166	0.6033257	5
75	15	0.8628054	0.854393	0
75	16	0.8067447	-0.03577352	6
75	17	0.7786176	0.04089636	6
75	18	0.7956388	-0.04995263	6
75	19	0.4543136	0.9464952	0
75	20	0.8754336	0.8714951	0
75	21	0.3110757	0.8927048	0
75	22	0.8219919	0.1803501	7
75	23	0.8126112	0.1608183	7
75	24	0.9571275	0.7502085	0
75	25	0.3723626	0.8008963	0
75	26	0.862961	0.2547002	0
75	27	0.9481658	1.065604	8
75	28	0.9505107	1.083026	8
75	29	0.2504809	0.9567617	0
76	1	-0.1847458	0.6644657	2
76	2	-0.2666796	0.6843923	2
76	3	1.393292	0.01609111	3
76	4	1.429357	0.02844238	3
76	5	0.7755219	0.06338185	0
76	6	1.148454	0.3088603	0
76	7	0.06419162	0.4481269	0
76	8	0.845405	-0.1875234	0
76	9	1.380233	0.4958269	0
76	10	-0.08187725	0.47949	4
76	11	0.1565766	0.3615296	4
76	12	0.7839515	-0.08280349	0
76	13	-0.02740736	0.04236686	5
76	14	-0.05476236	0.05935603	5
76	15	1.368134	0.6779088	0
76	16	0.7350389	-0.3341765	6
76	17	0.7157165	-0.3092782	6
76	18	0.7199537	-0.3256447	6
76	19	-0.06456215	1.044031	0
76	20	1.450872	0.7433766	0
76	21	-0.5047153	0.8167087	0
76	22	0.8042931	-0.245961	7
76	23	0.7871897	-0.239006	7
76	24	1.463673	0.4186025	0
76	25	-0.1433865	0.5342234	0
76	26	0.885317	-0.1225214	0
76	27	2.820936	1.688918	8
76	28	3.055847	1.956915	8
76	29	-0.9311885	1.085634	0
76	1	0.4200969	0.8919782	2
76	2	0.4088802	0.9055739	2
76	3	1.033021	0.5551586	3
76	4	1.041152	0.5699351	3
76	5	0.7431179	0.4988055	0
76	6	0.8633707	0.6884567	0
76	7	0.4348688	0.7616263	0
76	8	0.863243	0.1352211	0
76	9	0.9048579	0.7829397	0
76	10	0.428264	0.8378316	4
76	11	0.4851074	0.7821661	4
76	12	0.7810068	0.3200009	0
76	13	0.3580367	0.5884208	5
76	14	0.3500184	0.6016526	5
76	15	0.8616763	0.8512456	0
76	16	0.8051965	-0.03185749	6
76	17	0.7773252	0.04694831	6
76	18	0.7933822	-0.04303575	6
76	19	0.4561998	0.9467256	0
76	20	0.874341	0.8717459	0
76	21	0.3127302	0.8926803	0
76	22	0.8224696	0.1819276	7
76	23	0.8132693	0.1638516	7
76	24	0.9566414	0.7475657	0
76	25	0.3745416	0.7989498	0
76	26	0.8634298	0.2571276	0
76	27	0.9483659	1.062079	8
76	28	0.9507976	1.083662	8
76	29	0.2517634	0.955171	0
77	1	-0.179399	0.6653667	2
77	2	-0.260159	0.6863469	2
77	3	1.388896	0.01382083	3
77	4	1.424192	0.02610809	3
77	5	0.7758174	0.06561279	0
77	6	1.144295	0.3037201	0
77	7	0.07298058	0.4480941	0
77	8	0.8468838	-0.1861703	0
77	9	1.375353	0.4958627	0
77	10	-0.07406887	0.4864981	4
77	11	0.1691659	0.3614854	4
77	12	0.7834054	-0.08067989	0
77	13	-0.02378879	0.03988457	5
77	14	-0.05061705	0.05651319	5
77	15	1.358724	0.6681871	0
77	16	0.7334203	-0.3320186	6
77	17	0.7152444	-0.3067584	6
77	18	0.7195629	-0.3271904	6
77	19	-0.05718896	1.045104	0
77	20	1.447583	0.7443324	0
77	21	-0.4986904	0.8165895	0
77	22	0.8053714	-0.2452509	7
77	23	0.7887149	-0.237286	7
77	24	1.457872	0.4131539	0
77	25	-0.1331097	0.5287621	0
77	26	0.8869271	-0.1210225	0
77	27	2.787868	1.654606	8
77	28	3.060844	1.961874	8
77	29	-0.9151049	1.074602	0
78	1	-0.1737001	0.6661626	2
78	2	-0.2535056	0.688508	2
78	3	1.384299	0.01181865	3
78	4	1.418695	0.02382398	3
78	5	0.7762591	0.0688017	0
78	6	1.14018	0.298628	0
78	7	0.08265236	0.4481087	0
78	8	0.8483712	-0.1848137	0
78	9	1.37049	0.4958746	0
78	10	-0.06535533	0.4858429	4
78	11	0.181306	0.3614525	4
78	12	0.7827086	-0.07796454	0
78	13	-0.02040187	0.03773224	5
78	14	-0.04661196	0.05354291	5
78	15	1.349543	0.6584953	0
78	16	0.732073	-0.3298862	6
78	17	0.7147809	-0.3049021	6
78	18	0.718737	-0.3240466	6
78	19	-0.04978897	1.046143	0
78	20	1.444151	0.7453654	0
78	21	-0.4926039	0.8164445	0
78	22	0.8065055	-0.2444313	7
78	23	0.7902154	-0.2352623	7
78	24	1.452047	0.4077047	0
78	25	-0.1216304	0.5228782	0
78	26	0.8885919	-0.1194696	0
78	27	2.75058	1.621173	8
78	28	3.034746	1.947529	8
78	29	-0.8953344	1.061098	0
78	30	0.7251449	-0.2518754	0
78	1	0.4231057	0.8923239	2
78	2	0.4122638	0.9061652	2
78	3	1.031221	0.5507972	3
78	4	1.039087	0.5650728	3
78	5	0.7425338	0.5042138	0
78	6	0.8625208	0.6823176	0
78	7	0.441632	0.7616179	0
78	8	0.8642593	0.1408584	0
78	9	0.9014117	0.7829602	0
78	10	0.4338503	0.8398764	4
78	11	0.4931851	0.7815758	4
78	12	0.7788627	0.3271563	0
78	13	0.3606345	0.5858922	5
78	14	0.352423	0.5976564	5
78	15	0.8595492	0.8448014	0
78	16	0.8009474	-0.02098906	6
78	17	0.7748749	0.05889845	6
78	18	0.7912659	-0.03557289	6
78	19	0.4599778	0.9471636	0
78	20	0.8719949	0.8723407	0
78	21	0.3160807	0.8926083	0
78	22	0.8233835	0.185394	7
78	23	0.8143023	0.1701918	7
78	24	0.9556289	0.7421951	0
78	25	0.3800947	0.7943195	0
78	26	0.8644102	0.2622373	0
78	27	0.9477067	1.055501	8
78	28	0.9491119	1.082937	8
78	29	0.2558352	0.950237	0
78	30	0.7921968	-0.0165329	0
79	1	-0.1679618	0.666961	2
79	2	-0.2471284	0.6906972	2
79	3	1.378972	0.01007736	3
79	4	1.412984	0.02155143	3
79	5	0.7768313	0.07284158	0
79	6	1.136109	0.2935842	0
79	7	0.09309361	0.4481556	0
79	8	0.8498669	-0.1834536	0
79	9	1.365641	0.4958606	0
79	10	-0.05448103	0.4814927	4
79	11	0.1926715	0.3615759	4
79	12	0.7818747	-0.07472348	0
79	13	-0.01624834	0.03613913	5
79	14	-0.04266857	0.05046797	5
79	15	1.340656	0.6489093	0
79	16	0.7307572	-0.326919	6
79	17	0.7138435	-0.3018446	6
79	18	0.7176228	-0.321835	6
79	19	-0.04236342	1.047146	0
79	20	1.440587	0.7464723	0
79	21	-0.48646	0.8162746	0
79	22	0.8076892	-0.2435151	7
79	23	0.7917411	-0.2334132	7
79	24	1.446208	0.4022632	0
79	25	-0.1091822	0.5167522	0
79	26	0.8903059	-0.1178689	0
79	27	2.717768	1.591501	8
79	28	3.025612	1.938515	8
79	29	-0.8725541	1.045573	0
79	30	0.7255657	-0.2516937	0
79	1	0.4245943	0.8924043	2
79	2	0.4140038	0.906588	2
79	3	1.03008	0.5483899	3
79	4	1.038047	0.5623571	3
79	5	0.7421156	0.508199	0
79	6	0.8620994	0.6792473	0
79	7	0.4454643	0.7616397	0
79	8	0.8647711	0.1436682	0
79	9	0.8997061	0.7829542	0
79	10	0.4368224	0.8388078	4
79	11	0.4971094	0.7818786	4
79	12	0.7774427	0.3318919	0
79	13	0.3620808	0.5844876	5
79	14	0.3534692	0.5953904	5
79	15	0.8585691	0.8415536	0
79	16	0.7986261	-0.01321363	6
79	17	0.7731882	0.0653829	6
79	18	0.7896377	-0.0311439	6
79	19	0.4618692	0.9473714	0
79	20	0.8707437	0.8726711	0
79	21	0.3177744	0.892562	0
79	22	0.8238716	0.1872286	7
79	23	0.814835	0.1732807	7
79	24	0.9551034	0.7394757	0
79	25	0.3833773	0.7917849	0
79	26	0.8649178	0.2648981	0
79	27	0.9472296	1.052457	8
79	28	0.9490184	1.082235	8
79	29	0.258492	0.9470456	0
79	30	0.7924942	-0.0160501	0
80	1	-0.162133	0.6678754	2
80	2	-0.2414818	0.6931114	2
80	3	1.373337	0.008370161	3
80	4	1.408086	0.01877981	3
80	5	0.7775211	0.07764292	0
80	6	1.132085	0.2885891	0
80	7	0.104207	0.4482169	0
80	8	0.8513715	-0.1820893	0
80	9	1.360808	0.4958191	0
80	10	-0.04177949	0.473428	4
80	11	0.2037962	0.3619768	4
80	12	0.7809173	-0.07101345	0
80	13	-0.01164663	0.03496134	5
80	14	-0.03866234	0.04822433	5
80	15	1.332042	0.6394288	0
80	16	0.7316192	-0.3301821	6
80	17	0.71361	-0.2996635	6
80	18	0.7161962	-0.3206733	6
80	19	-0.03491326	1.048112	0
80	20	1.436901	0.7476479	0
80	21	-0.4802608	0.8160804	0
80	22	0.8089254	-0.2424695	7
80	23	0.7933666	-0.2318733	7
80	24	1.440363	0.3968369	0
80	25	-0.09596609	0.5105389	0
80	26	0.8920642	-0.1162245	0
80	27	2.692047	1.566165	8
80	28	3.01056	1.923697	8
80	29	-0.84736	1.028425	0
80	30	0.7261376	-0.2514281	0
80	1	0.4261035	0.8924963	2
80	2	0.4156606	0.9071501	2
80	3	1.028847	0.5458682	3
80	4	1.037107	0.5599613	3
80	5	0.7416288	0.5128851	0
80	6	0.8616805	0.6761773	0
80	7	0.4495445	0.7616681	0
80	8	0.8652853	0.1464728	0
80	9	0.8980127	0.7829363	0
80	10	0.4395984	0.8359482	4
80	11	0.500855	0.7819893	4
80	12	0.7758318	0.3372577	0
80	13	0.3636285	0.5829558	5
80	14	0.3547747	0.5937712	5
80	15	0.8576417	0.8382975	0
80	16	0.7990014	-0.01012158	6
80	17	0.7721054	0.07180327	6
80	18	0.787707	-0.0261879	6
80	19	0.4637617	0.9475712	0
80	20	0.869446	0.8730214	0
80	21	0.3194798	0.8925091	0
80	22	0.8243746	0.1891617	7
80	23	0.8154467	0.1763225	7
80	24	0.9545655	0.7367382	0
80	25	0.3869449	0.789189	0
80	26	0.8654352	0.2676173	0
80	27	0.9468939	1.049876	8
80	28	0.9488593	1.081072	8
80	29	0.2614882	0.9434559	0
80	30	0.7928908	-0.01534438	0
81	1	-0.1562257	0.668896	2
81	2	-0.2361775	0.6952899	2
81	3	1.368584	0.006133139	3
81	4	1.403445	0.01554334	3
81	5	0.7783175	0.08313113	0
81	6	1.128106	0.2836428	0
81	7	0.1078359	0.44823	0
81	8	0.8528844	-0.1807208	0
81	9	1.355991	0.4957483	0
81	10	-0.03098608	0.4697577	4
81	11	0.2150606	0.3623492	4
81	12	0.7798814	-0.06687522	0
81	13	-0.007261445	0.03391492	5
81	14	-0.03444383	0.04624176	5
81	15	1.323679	0.6300544	0
81	16	0.7308415	-0.3278003	6
81	17	0.7138725	-0.2976668	6
81	18	0.7146702	-0.318486	6
81	19	-0.02743935	1.049037	0
81	20	1.433101	0.7488856	0
81	21	-0.4740069	0.8158617	0
81	22	0.8103275	-0.2410691	7
81	23	0.7948939	-0.2300198	7
81	24	1.434517	0.3914319	0
81	25	-0.08213643	0.5042921	0
81	26	0.8938625	-0.1145408	0
81	27	2.668087	1.542496	8
81	28	2.983186	1.896904	8
81	29	-0.8202721	1.01	0
81	30	0.726837	-0.2510879	0
81	1	0.4276384	0.8926084	2
81	2	0.417311	0.9077729	2
81	3	1.027841	0.5435604	3
81	4	1.036251	0.5575374	3
81	5	0.7410836	0.5181757	0
81	6	0.8612645	0.6731082	0
81	7	0.4508758	0.7616742	0
81	8	0.8658016	0.1492727	0
81	9	0.8963317	0.7829059	0
81	10	0.4424493	0.8347605	4
81	11	0.5045874	0.7819281	4
81	12	0.7740762	0.3431745	0
81	13	0.3650632	0.5814112	5
81	14	0.356085	0.592018	5
81	15	0.8567618	0.8350341	0
81	16	0.797711	-0.006164551	6
81	17	0.7714232	0.07823408	6
81	18	0.7855655	-0.02043796	6
81	19	0.4656552	0.9477624	0
81	20	0.8681056	0.8733896	0
81	21	0.3211967	0.8924496	0
81	22	0.8249287	0.1914132	7
81	23	0.8159363	0.1795822	7
81	24	0.9540157	0.7339857	0
81	25	0.3907571	0.7865534	0
81	26	0.8659608	0.2703876	0
81	27	0.946569	1.047419	8
81	28	0.9487319	1.078896	8
81	29	0.2647767	0.9395211	0
81	30	0.7933691	-0.01444173	0
82	1	-0.1503309	0.6697603	2
82	2	-0.2316666	0.6976889	2
82	3	1.363716	0.003884315	3
82	4	1.398894	0.0123086	3
82	5	0.7792115	0.08924329	0
82	6	1.124173	0.2787457	0
82	7	0.1130573	0.4482356	0
82	8	0.8544062	-0.179348	0
82	9	1.351189	0.4956468	0
82	10	-0.01937382	0.4655649	4
82	11	0.2257828	0.3624078	4
82	12	0.7787762	-0.06234896	0
82	13	-0.002997179	0.03285182	5
82	14	-0.03009349	0.04445744	5
82	15	1.315553	0.6207885	0
82	16	0.7301378	-0.3256725	6
82	17	0.7147869	-0.2955148	6
82	18	0.713113	-0.3152708	6
82	19	-0.01994256	1.049921	0
82	20	1.429192	0.7501776	0
82	21	-0.467698	0.8156183	0
82	22	0.8119032	-0.2393327	7
82	23	0.796414	-0.2282276	7
82	24	1.428676	0.3860536	0
82	25	-0.07775768	0.5025446	0
82	26	0.8956977	-0.1128209	0
82	27	2.645508	1.520444	8
82	28	2.956053	1.87111	8
82	29	-0.7917379	0.9905934	0
82	30	0.727643	-0.2506809	0
82	1	0.4292016	0.8927387	2
82	2	0.4189588	0.9086417	2
82	3	1.026802	0.5411889	3
82	4	1.035381	0.5551751	3
82	5	0.7404883	0.5239867	0
82	6	0.8608514	0.6700408	0
82	7	0.4527899	0.7616768	0
82	8	0.8663201	0.1520683	0
82	9	0.8946634	0.7828623	0
82	10	0.445322	0.833089	4
82	11	0.5082613	0.7821494	4
82	12	0.7721977	0.3495649	0
82	13	0.3664581	0.5798755	5
82	14	0.3573918	0.5901664	5
82	15	0.8559249	0.8317648	0
82	16	0.7963742	-0.001368999	6
82	17	0.7712689	0.08451945	6
82	18	0.7832301	-0.01355267	6
82	19	0.4675493	0.9479448	0
82	20	0.8667257	0.8737733	0
82	21	0.3229252	0.8923833	0
82	22	0.8255314	0.1940143	7
82	23	0.8164117	0.1828578	7
82	24	0.9534544	0.7312209	0
82	25	0.3920091	0.7858114	0
82	26	0.8664936	0.2732018	0
82	27	0.9462789	1.045066	8
82	28	0.9484727	1.076762	8
82	29	0.2683166	0.9352869	0
82	30	0.7939135	-0.01336336	0
83	1	-0.1449323	0.6709592	2
83	2	-0.2280389	0.7003791	2
83	3	1.358817	0.001761794	3
83	4	1.394298	0.009764016	3
83	5	0.7801958	0.0959264	0
83	6	1.120286	0.2738983	0
83	7	0.1196594	0.4482261	0
83	8	0.8559367	-0.1779704	0
83	9	1.346404	0.4955135	0
83	10	-0.007124503	0.4619763	4
83	11	0.2372351	0.3636856	4
83	12	0.7784256	-0.06080353	0
83	13	0.0008922978	0.03140736	5
83	14	-0.02572957	0.04285157	5
83	15	1.307647	0.6116335	0
83	16	0.7299631	-0.3239777	6
83	17	0.7149518	-0.2937386	6
83	18	0.7134638	-0.3175242	6
83	19	-0.01242373	1.050759	0
83	20	1.425179	0.7515152	0
83	21	-0.4613332	0.8153502	0
83	22	0.813657	-0.2372055	7
83	23	0.7982906	-0.2272646	7
83	24	1.422845	0.3807065	0
83	25	-0.07152952	0.500173	0
83	26	0.8975664	-0.1110681	0
83	27	2.624196	1.499895	8
83	28	2.922963	1.84077	8
83	29	-0.7824941	0.9843024	0
83	30	0.7285381	-0.2502146	0
84	1	-0.1396666	0.6718968	2
84	2	-0.224859	0.7029538	2
84	3	1.353988	-0.0003964901	3
84	4	1.389634	0.007839501	3
84	5	0.7812641	0.1031358	0
84	6	1.116444	0.2691006	0
84	7	0.1274576	0.4481964	0
84	8	0.8574759	-0.1765879	0
84	9	1.341635	0.4953475	0
84	10	0.005009614	0.4598993	4
84	11	0.2488591	0.3643786	4
84	12	0.7779276	-0.05855227	0
84	13	0.004853344	0.02989864	5
84	14	-0.02124812	0.04134482	5
84	15	1.299949	0.6025922	0
84	16	0.7298577	-0.321784	6
84	17	0.7154478	-0.291609	6
84	18	0.7120755	-0.3150797	6
84	19	-0.004883931	1.051552	0
84	20	1.421064	0.7528893	0
84	21	-0.4549217	0.8150624	0
84	22	0.8156526	-0.234978	7
84	23	0.8002484	-0.2264924	7
84	24	1.417029	0.3753945	0
84	25	-0.0637427	0.4973594	0
84	26	0.8994665	-0.1092851	0
84	27	2.605374	1.481227	8
84	28	2.886861	1.808152	8
84	29	-0.7691922	0.9753385	0
84	30	0.7295101	-0.2496946	0
84	31	-0.3932694	0.474004	0
85	1	-0.1346513	0.672848	2
85	2	-0.2206269	0.7055529	2
85	3	1.349838	-0.002917886	3
85	4	1.385267	0.005199611	3
85	5	0.7824678	0.1108334	0
85	6	1.11265	0.264353	0
85	7	0.1362791	0.448217	0
85	8	0.8590236	-0.1752002	0
85	9	1.336882	0.4951481	0
85	10	0.01640336	0.4579055	4
85	11	0.2604438	0.3631023	4
85	12	0.7773018	-0.05567658	0
85	13	0.008942277	0.02871251	5
85	14	-0.01664981	0.03978139	5
85	15	1.292445	0.5936671	0
85	16	0.7297154	-0.3194314	6
85	17	0.7158472	-0.288583	6
85	18	0.7109393	-0.3127416	6
85	19	0.002676059	1.052298	0
85	20	1.416851	0.7542909	0
85	21	-0.4484698	0.8147585	0
85	22	0.8177205	-0.2329922	7
85	23	0.8022533	-0.2256131	7
85	24	1.411231	0.3701209	0
85	25	-0.05462977	0.4941833	0
85	26	0.9013957	-0.1074741	0
85	27	2.589594	1.464784	8
85	28	2.851085	1.775259	8
85	29	-0.7524984	0.9641384	0
85	30	0.7305478	-0.2491264	0
85	31	-0.393207	0.4755548	0
85	32	2.426816	1.401554	0
85	1	0.4337063	0.8936288	2
85	2	0.4234782	0.9115741	2
85	3	1.023961	0.5340495	3
85	4	1.031986	0.5494884	3
85	5	0.7385031	0.543856	0
85	6	0.8596301	0.6608547	0
85	7	0.4612973	0.7616681	0
85	8	0.8678865	0.1604342	0
85	9	0.8897373	0.7826478	0
85	10	0.4546598	0.8293588	4
85	11	0.5199313	0.7824141	4
85	12	0.7695705	0.3588344	0
85	13	0.3705224	0.5754805	5
85	14	0.3614449	0.5845405	5
85	15	0.853631	0.821937	0
85	16	0.7938707	0.01258725	6
85	17	0.7694784	0.1031021	6
85	18	0.7799459	-0.003092527	6
85	19	0.4732336	0.9484347	0
85	20	0.8623784	0.8749906	0
85	21	0.3281767	0.8921489	0
85	22	0.8276595	0.2038791	7
85	23	0.8190184	0.1912916	7
85	24	0.9517038	0.7228753	0
85	25	0.3988166	0.7822324	0
85	26	0.8681268	0.2818559	0
85	27	0.9455999	1.038954	8
85	28	0.9472419	1.068335	8
85	29	0.2733585	0.9293607	0
85	30	0.7958335	-0.009260416	0
85	31	0.274539	0.7740837	0
85	32	0.9883922	1.008668	0
86	1	-0.1294646	0.6737	2
86	2	-0.2151108	0.7074373	2
86	3	1.345157	-0.005203724	3
86	4	1.380428	0.002864301	3
86	5	0.7830085	0.1133064	0
86	6	1.1089	0.2596559	0
86	7	0.1459893	0.4482701	0
86	8	0.8605801	-0.1738071	0
86	9	1.332148	0.4949151	0
86	10	0.02714897	0.4562691	4
86	11	0.2717361	0.3624932	4
86	12	0.7765985	-0.05223775	0
86	13	0.01306052	0.02685493	5
86	14	-0.01249449	0.03792101	5
86	15	1.285125	0.5848604	0
86	16	0.7296327	-0.3179508	6
86	17	0.7159892	-0.2861423	6
86	18	0.7102484	-0.3111156	6
86	19	0.01025481	1.052998	0
86	20	1.412542	0.7557107	0
86	21	-0.4419808	0.8144409	0
86	22	0.819839	-0.2313743	7
86	23	0.8039765	-0.224257	7
86	24	1.405453	0.3648885	0
86	25	-0.04439438	0.4907145	0
86	26	0.9033521	-0.105637	0
86	27	2.572892	1.448776	8
86	28	2.817189	1.741944	8
86	29	-0.7330094	0.9510919	0
86	30	0.731641	-0.2485147	0
86	31	-0.3931071	0.4777197	0
86	32	2.424095	1.400687	0
86	1	0.4351665	0.8938676	2
86	2	0.4250689	0.9120596	2
86	3	1.022914	0.5317317	3
86	4	1.030952	0.5471988	3
86	5	0.7383673	0.5460687	0
86	6	0.8592291	0.6578003	0
86	7	0.4648614	0.7616929	0
86	8	0.868412	0.1632169	0
86	9	0.8881224	0.7825475	0
86	10	0.4577186	0.8287353	4
86	11	0.523679	0.7821351	4
86	12	0.7682714	0.363543	0
86	13	0.3719122	0.5737792	5
86	14	0.3628138	0.5828812	5
86	15	0.8529263	0.8186601	0
86	16	0.7931478	0.01692003	6
86	17	0.7687117	0.1092829	6
86	18	0.7787005	0.001666367	6
86	19	0.4751284	0.9485787	0
86	20	0.8608689	0.8754092	0
86	21	0.3299456	0.8920622	0
86	22	0.8284656	0.2072477	7
86	23	0.819704	0.1941211	7
86	24	0.9510992	0.7200826	0
86	25	0.4018942	0.7807335	0
86	26	0.8686809	0.2847963	0
86	27	0.9453297	1.037127	8
86	28	0.946804	1.065334	8
86	29	0.2759381	0.9263706	0
86	30	0.7965423	-0.007652521	0
86	31	0.2751368	0.7750434	0
86	32	0.9879943	1.008542	0
