2	1	727.0121	-302.4415	0
3	1	726.2509	-302.396	0
3	2	-113.348	-207.8511	0
4	1	725.1804	-302.3306	0
4	2	-112.9553	-206.8408	0
4	3	536.7027	1270.613	2
5	1	723.8397	-302.2502	0
5	2	-114.4532	-203.2845	0
5	3	531.989	1270.034	2
5	4	541.3615	1278.845	2
6	1	721.7182	-302.4976	0
6	2	-116.2815	-200.5421	0
6	3	531.9221	1263.843	2
6	4	540.2759	1276.914	2
7	1	719.863	-302.4973	0
7	2	-117.8253	-197.0037	0
7	3	529.3647	1259.53	2
7	4	539.1664	1274.82	2
8	1	717.8596	-302.4143	0
8	2	-119.3173	-192.4001	0
8	3	525.4418	1255.564	2
8	4	538.0769	1272.441	2
9	1	715.799	-302.0293	0
9	2	-121.9271	-187.5906	0
9	3	521.7451	1251.085	2
9	4	537.0748	1269.674	2
10	1	713.6548	-301.3252	0
10	2	-121.7815	-182.7819	0
10	3	518.1849	1246.075	2
10	4	535.9645	1266.944	2
11	1	711.3766	-300.9768	0
11	2	-120.3428	-177.3163	0
11	3	514.2761	1240.924	2
11	4	534.6515	1264.41	2
12	1	708.9658	-300.7041	0
12	2	-118.1913	-171.4878	0
12	3	510.2068	1235.016	2
12	4	533.1367	1261.791	2
13	1	706.4617	-300.2787	0
13	2	-115.53	-165.5519	0
13	3	506.3475	1229.04	2
13	4	530.9778	1259.382	2
14	1	703.872	-299.7089	0
14	2	-112.5381	-159.5328	0
14	3	502.7419	1223.392	2
14	4	528.3672	1257.269	2
15	1	701.2319	-299.0593	0
15	2	-108.3009	-153.2164	0
15	3	499.4962	1218.035	2
15	4	526.4101	1254.123	2
16	1	698.4839	-298.377	0
16	2	-106.9989	-152.0894	0
16	3	496.179	1212.379	2
16	4	524.1384	1250.516	2
17	1	695.6049	-297.6831	0
17	2	-104.9	-149.1036	0
17	3	492.9156	1206.863	2
17	4	521.781	1246.484	2
18	1	692.6299	-297.0771	0
18	2	-101.7556	-145.5401	0
18	3	489.6627	1201.422	2
18	4	519.3815	1242.252	2
19	1	689.6927	-296.6504	0
19	2	-97.7597	-141.6704	0
19	3	486.5291	1195.009	2
19	4	517.1387	1238.355	2
20	1	686.7303	-296.3595	0
20	2	-93.00421	-136.6686	0
20	3	482.8417	1189.56	2
20	4	515.1042	1234.838	2
21	1	683.7173	-296.4086	0
21	2	-87.7677	-132.2877	0
21	3	478.6244	1184.542	2
21	4	513.329	1231.529	2
22	1	680.8087	-296.7561	0
22	2	-81.51276	-127.975	0
22	3	474.7437	1179.713	2
22	4	511.4201	1227.355	2
23	1	678.0062	-297.0005	0
23	2	-79.62286	-127.7318	0
23	3	471.0275	1174.817	2
23	4	509.4124	1222.919	2
24	1	675.1423	-296.8701	0
24	2	-76.62067	-125.6283	0
24	3	467.1359	1169.726	2
24	4	507.4109	1218.845	2
25	1	672.1876	-296.5234	0
25	2	-73.44855	-123.3345	0
25	3	463.257	1163.857	2
25	4	505.5481	1213.891	2
26	1	669.1914	-296.0229	0
26	2	-68.80585	-119.9011	0
26	3	459.6477	1157.998	2
26	4	503.2979	1209.695	2
27	1	666.2467	-295.5854	0
27	2	-63.49261	-115.9691	0
27	3	456.8291	1152.053	2
27	4	500.6772	1206.098	2
28	1	663.2858	-295.3044	0
28	2	-57.55518	-111.4426	0
28	3	454.6094	1146.246	2
28	4	497.1016	1203.045	2
29	1	660.1288	-295.0342	0
29	2	-51.47198	-106.6185	0
29	3	452.5299	1140.058	2
29	4	494.6854	1199.468	2
30	1	656.8616	-294.8857	0
30	2	-49.79401	-105.849	0
30	3	450.6974	1133.955	2
30	4	492.0831	1195.54	2
31	1	653.7804	-294.7848	0
31	2	-46.48645	-103.1526	0
31	3	449.0735	1127.755	2
31	4	489.3705	1191.332	2
32	1	650.6629	-294.8177	0
32	2	-43.96448	-100.5291	0
32	3	447.7745	1120.752	2
32	4	486.6126	1186.659	2
33	1	647.6245	-294.5562	0
33	2	-39.68665	-96.70477	0
33	3	445.9898	1114.422	2
33	4	484.1286	1182.14	2
34	1	644.7884	-293.4359	0
34	2	-34.59052	-92.5351	0
34	3	443.593	1108.301	2
34	4	481.7942	1177.962	2
35	1	641.9038	-293.0006	0
35	2	-29.48962	-88.33942	0
35	3	441.8066	1102.364	2
35	4	479.8458	1174.215	2
36	1	638.9269	-292.6187	0
36	2	-23.53656	-82.95801	0
36	3	440.153	1096.397	2
36	4	477.8865	1169.863	2
37	1	635.9263	-291.954	0
37	2	-20.21838	-83.57721	0
37	3	438.4065	1090.117	2
37	4	475.8749	1165.215	2
38	1	632.9213	-291.1472	0
38	2	-18.02307	-79.38245	0
38	3	436.8702	1083.126	2
38	4	473.9633	1160.907	2
39	1	629.8218	-290.3302	0
39	2	-15.15094	-76.39575	0
39	3	435.6242	1076.274	2
39	4	472.1688	1155.911	2
40	1	626.5812	-289.5371	0
40	2	-10.13892	-74.55615	0
40	3	434.7492	1069.741	2
40	4	470.2531	1151.176	2
41	1	623.3752	-289.0452	0
41	2	-5.201782	-71.35565	0
41	3	434.0227	1063.467	2
41	4	467.9246	1147.197	2
42	1	620.2152	-288.6982	0
42	2	0.2880249	-67.57745	0
42	3	433.2743	1056.976	2
42	4	464.7952	1143.663	2
43	1	617.0049	-288.7451	0
43	2	6.417328	-63.59784	0
43	3	432.6549	1050.74	2
43	4	462.519	1139.917	2
44	1	613.9066	-289.17	0
44	2	9.407196	-62.09045	0
44	3	432.2011	1044.271	2
44	4	460.376	1135.761	2
45	1	610.9644	-289.4585	0
45	2	12.82751	-60.06409	0
45	3	431.9003	1037.322	2
45	4	458.1579	1131.35	2
46	1	608.0077	-289.3057	0
46	2	16.80612	-57.26807	0
46	3	431.0307	1030.919	2
46	4	455.1819	1124.87	2
47	1	604.9877	-288.9153	0
47	2	20.87827	-54.00513	0
47	3	429.2198	1024.747	2
47	4	452.4489	1117.411	2
48	1	601.9456	-288.3928	0
48	2	25.11551	-50.2868	0
48	3	428.2141	1018.845	2
48	4	450.2914	1115.201	2
49	1	598.9848	-288.0168	0
49	2	30.40106	-46.06915	0
49	3	427.1161	1012.924	2
49	4	449.2807	1110.493	2
50	1	595.8981	-287.7087	0
50	2	36.3681	-41.57129	0
50	3	425.9195	1006.688	2
50	4	448.5341	1106.077	2
51	1	592.6702	-287.4856	0
51	2	39.1799	-41.16852	0
51	3	424.9691	999.8663	2
51	4	447.4451	1099.881	2
52	1	589.4351	-287.3547	0
52	2	41.56503	-38.09656	0
52	3	424.2691	993.239	2
52	4	445.9907	1092.574	2
53	1	586.2637	-287.3364	0
53	2	44.63687	-34.84631	0
53	3	423.9286	986.9501	2
53	4	443.6233	1090.045	2
54	1	583.0895	-287.3207	0
54	2	48.92245	-30.79999	0
54	3	423.6807	980.9119	2
54	4	444.0558	1085.701	2
55	1	580.1094	-286.6736	0
55	2	53.80231	-27.41724	0
55	3	423.3521	974.644	2
55	4	443.7821	1080.537	2
56	1	577.2346	-285.5778	0
56	2	59.60495	-23.98663	0
56	3	423.1049	968.5769	2
56	4	443.0691	1073.966	2
57	1	574.2643	-285.3906	0
57	2	65.83981	-20.45544	0
57	3	422.9913	962.3309	2
57	4	441.5048	1067.1	2
58	1	571.2712	-284.865	0
58	2	68.44244	-19.35132	0
58	3	423.0579	955.6166	2
58	4	439.2787	1059.396	2
59	1	568.2598	-284.1001	0
59	2	71.19376	-17.75037	0
59	3	422.4995	949.3817	2
59	4	437.2892	1057.091	2
60	1	565.2331	-283.2776	0
60	2	74.72284	-15.7132	0
60	3	421.0271	943.3411	2
60	4	436.5423	1053.383	2
61	1	562.0824	-282.4647	0
61	2	79.42532	-12.55811	0
61	3	420.2104	937.5483	2
61	4	435.749	1048.751	2
62	1	558.8335	-281.8097	0
62	2	84.82703	-8.794556	0
62	3	419.4706	931.6885	2
62	4	434.6405	1042.521	2
63	1	555.6685	-281.3811	0
63	2	90.44281	-4.695374	0
63	3	418.6102	925.5781	2
63	4	433.3439	1035.261	2
64	1	552.4592	-281.2126	0
64	2	96.16061	-0.1607666	0
64	3	417.9415	918.9084	2
64	4	432.1072	1027.084	2
65	1	549.1882	-281.5007	0
65	2	98.54651	0.6497192	0
65	3	417.5209	912.3928	2
65	4	430.7196	1024.196	2
66	1	546.2266	-281.9177	0
66	2	101.13	3.059204	0
66	3	417.3974	906.1357	2
66	4	430.2014	1019.574	2
67	1	543.2369	-281.9625	0
67	2	104.0507	5.89563	0
67	3	417.389	900.2634	2
67	4	429.9628	1014.952	2
68	1	540.241	-281.6715	0
68	2	108.4522	9.472168	0
68	3	417.2959	894.1367	2
68	4	429.6041	1009.11	2
69	1	537.245	-281.1831	0
69	2	113.0579	13.14856	0
69	3	417.2389	888.1036	2
69	4	428.9371	1001.873	2
70	1	534.2645	-280.7035	0
70	2	118.4117	17.81567	0
70	3	417.2519	882.0781	2
70	4	428.1719	994.2446	2
71	1	531.2895	-280.422	0
71	2	124.3396	22.42035	0
71	3	417.663	875.4526	2
71	4	425.9789	991.01	2
72	1	528.1214	-280.1355	0
72	2	128.0133	22.07166	0
72	3	417.383	869.2578	2
72	4	426.9996	986.8291	2
73	1	524.8508	-279.9884	0
73	2	130.0236	25.65662	0
73	3	416.3884	863.2061	2
73	4	427.7505	981.353	2
74	1	521.6896	-279.8771	0
74	2	133.4091	27.53326	0
74	3	415.4977	857.427	2
74	4	427.0103	975.4762	2
75	1	518.4598	-279.9089	0
75	2	137.8968	29.64197	0
75	3	414.9979	851.609	2
75	4	425.8624	968.5682	2
76	1	515.3252	-279.6558	0
76	2	142.7552	32.93939	0
76	3	414.2881	845.6208	2
76	4	424.3585	960.9799	2
77	1	512.436	-278.5176	0
77	2	148.315	36.362	0
77	3	413.7124	839.0996	2
77	4	423.1014	957.8094	2
78	1	509.4887	-278.0732	0
78	2	154.6308	40.33099	0
78	3	413.4284	832.6419	2
78	4	422.5848	954.38	2
79	1	506.4847	-277.6838	0
79	2	161.1759	44.75903	0
79	3	413.3633	826.3588	2
79	4	421.9661	949.6559	2
79	5	539.2627	1461.17	0
80	1	503.4912	-277.0095	0
80	2	163.8724	45.8241	0
80	3	413.4675	820.5597	2
80	4	421.3233	943.3574	2
80	5	537.5711	1458.3	0
81	1	500.5169	-276.1992	0
81	2	167.1558	47.8407	0
81	3	413.4997	814.5627	2
81	4	420.6644	935.9861	2
81	5	535.1937	1454.104	0
82	1	497.455	-275.3831	0
82	2	170.1665	50.11682	0
82	3	413.5595	808.56	2
82	4	420.1239	927.9948	2
82	5	532.0901	1448.666	0
83	1	494.2432	-274.5981	0
83	2	173.7643	52.8634	0
83	3	413.6806	802.6859	2
83	4	419.1024	924.9304	2
83	5	528.4617	1442.376	0
84	1	491.0576	-274.1207	0
84	2	178.5515	56.12903	0
84	3	414.2993	796.1552	2
84	4	419.0758	920.6097	2
84	5	524.7197	1435.556	0
85	1	487.8804	-273.7915	0
85	2	183.7956	59.54437	0
85	3	414.1891	789.9734	2
85	4	419.2704	916.2784	2
85	5	522.1512	1435.286	0
86	1	484.6013	-273.8696	0
86	2	189.3527	63.12897	0
86	3	413.5658	783.9103	2
86	4	419.2788	910.0534	2
86	5	520.2916	1430.742	0
87	1	481.4399	-274.2996	0
87	2	195.5885	67.47418	0
87	3	412.428	778.1298	2
87	4	419.1002	902.9872	2
87	5	518.5892	1427.155	0
88	1	478.4168	-274.5526	0
88	2	202.2687	71.16968	0
88	3	412.0775	772.3666	2
88	4	418.8991	895.4702	2
88	5	516.2708	1422.11	0
89	1	475.4705	-274.374	0
89	2	205.9783	70.53235	0
89	3	411.4313	766.4875	2
89	4	416.7587	891.6176	2
89	5	513.3072	1415.734	0
89	6	763.5245	-129.0062	0
90	1	472.4964	-273.9697	0
90	2	208.3308	73.09778	0
90	3	410.8693	760.1619	2
90	4	418.4833	887.3931	2
90	5	510.0629	1409.412	0
90	6	763.449	-128.2568	0
90	7	-184.4256	-341.303	3
91	1	469.5196	-273.4545	0
91	2	211.9164	73.71191	0
91	3	410.5907	753.7532	2
91	4	419.0138	882.5247	2
91	5	506.518	1402.35	0
91	6	763.3203	-127.1862	0
91	7	-180.6974	-340.9429	3
91	8	-209.9993	-358.1179	3
92	1	466.5912	-273.1069	0
92	2	215.756	75.57288	0
92	3	410.5275	747.4706	2
92	4	418.3626	876.6494	2
92	5	502.1573	1402.415	0
92	6	763.1426	-125.8339	0
92	7	-176.8157	-341.3197	3
92	8	-211.7507	-358.2778	3
93	1	463.5038	-272.7953	0
93	2	220.6319	77.74951	0
93	3	410.7613	741.6237	2
93	4	416.7713	869.8425	2
93	5	502.3072	1396.698	0
93	6	762.7283	-123.1617	0
93	7	-172.9659	-341.0284	3
93	8	-212.7958	-358.7032	3
94	1	460.3138	-272.593	0
94	2	226.1212	80.05554	0
94	3	410.9277	735.7261	2
94	4	416.548	862.3384	2
94	5	500.8294	1392.438	0
94	6	762.401	-121.2557	0
94	7	-169.3742	-340.8116	3
94	8	-213.1961	-358.6687	3
95	1	457.1099	-272.4614	0
95	2	232.3134	82.7782	0
95	3	411.0406	729.7595	2
95	4	415.4132	858.4512	2
95	5	497.4252	1388.311	0
95	6	762.0041	-119.2641	0
95	7	-165.8579	-340.3691	3
95	8	-210.4874	-360.0239	3
96	1	453.8674	-272.4561	0
96	2	238.6528	85.71924	0
96	3	411.2214	724.0062	2
96	4	415.027	855.1217	2
96	5	493.441	1383.38	0
96	6	761.5698	-117.3179	0
96	7	-162.7025	-340.0864	3
96	8	-209.7943	-360.0189	3
97	1	450.624	-272.4114	0
97	2	245.0658	88.95056	0
97	3	411.7807	717.669	2
97	4	414.6233	850.3536	2
97	5	489.9533	1377.338	0
97	6	761.1429	-115.1834	0
97	7	-160.051	-339.8055	3
97	8	-208.6575	-359.9647	3
98	1	447.6304	-271.66	0
98	2	251.3853	92.0069	0
98	3	411.9225	711.4377	2
98	4	414.3375	843.9355	2
98	5	485.817	1371.109	0
98	6	760.6154	-112.868	0
98	7	-157.7417	-339.6516	3
98	8	-206.4701	-359.5874	3
99	1	444.7077	-270.6758	0
99	2	258.0534	94.53058	0
99	3	411.575	705.3458	2
99	4	414.2017	836.7903	2
99	5	482.5819	1369.538	0
99	6	760.0716	-110.361	0
99	7	-155.6652	-339.531	3
99	8	-204.215	-359.2327	3
100	1	441.7021	-270.4465	0
100	2	264.6887	96.31311	0
100	3	410.1825	699.5389	2
100	4	414.1753	828.9315	2
100	5	480.8384	1365.795	0
100	6	759.4981	-107.7171	0
100	7	-153.7838	-339.4214	3
100	8	-201.3802	-358.7507	3
101	1	438.7206	-269.8937	0
101	2	271.7897	97.48938	0
101	3	410.0108	693.8179	2
101	4	413.2048	825.6499	2
101	5	478.5537	1361	0
101	6	758.8904	-104.9261	0
101	7	-152.0453	-339.2966	3
101	8	-198.3058	-358.2429	3
102	1	435.7484	-269.1198	0
102	2	275.92	94.3313	0
102	3	409.5298	688.0087	2
102	4	413.4984	821.8533	2
102	5	475.839	1356.087	0
102	6	758.324	-102.186	0
102	7	-150.462	-339.1409	3
102	8	-195.1299	-357.6716	3
103	1	432.7614	-268.3013	0
103	2	278.7083	95.53308	0
103	3	409.1003	681.883	2
103	4	413.8443	817.2692	2
103	5	472.9544	1350.68	0
103	6	757.7932	-99.48242	0
103	7	-148.8853	-338.978	3
103	8	-191.915	-357.2341	3
104	1	429.6493	-267.4946	0
104	2	282.1346	95.13391	0
104	3	408.9122	675.4772	2
104	4	413.9387	811.0556	2
104	5	469.8474	1344.354	0
104	6	757.1021	-96.51245	0
104	7	-147.245	-338.7588	3
104	8	-188.8721	-356.9531	3
105	1	426.4394	-266.8833	0
105	2	286.0111	93.87646	0
105	3	408.9121	669.2161	2
105	4	414.0019	804.3569	2
105	5	466.2548	1337.2	0
105	6	756.09	-93.39111	0
105	7	-145.5488	-338.437	3
105	8	-186.3159	-356.7316	3
106	1	423.2866	-266.4658	0
106	2	289.7244	91.25299	0
106	3	409.2554	663.2642	2
106	4	414.3397	796.403	2
106	5	462.7142	1337.03	0
106	6	755.4255	-90.43927	0
106	7	-143.7975	-338.1199	3
106	8	-183.524	-356.3242	3
107	1	420.0374	-266.3361	0
107	2	294.1855	90.23157	0
107	3	409.5623	657.4774	2
107	4	411.9086	792.4075	2
107	5	462.1086	1332.608	0
107	6	755.0177	-87.60699	0
107	7	-141.9888	-337.7654	3
107	8	-180.1593	-355.3528	3
108	1	416.694	-266.6519	0
108	2	299.1182	89.89227	0
108	3	409.7827	651.5774	2
108	4	413.928	788.428	2
108	5	460.7701	1327.997	0
108	6	754.7319	-84.78503	0
108	7	-140.0977	-337.3701	3
108	8	-176.4938	-354.1748	3
109	1	413.6634	-267.0413	0
109	2	304.4196	89.96802	0
109	3	410.0622	645.8461	2
109	4	414.3198	783.8036	2
109	5	458.5499	1322.066	0
109	6	754.8289	-81.92377	0
109	7	-138.1375	-336.9553	3
109	8	-173.0063	-353.1707	3
110	1	410.6703	-267.0356	0
110	2	310.267	90.69086	0
110	3	410.5814	639.784	2
110	4	413.145	777.9513	2
110	5	455.287	1316.615	0
110	6	755.6825	-78.97437	0
110	7	-136.1609	-336.5679	3
110	8	-169.6586	-352.4131	3
111	1	407.7009	-266.7288	0
111	2	316.0811	91.99719	0
111	3	411.1734	633.5156	2
111	4	412.5938	771.2626	2
111	5	451.3608	1310.67	0
111	6	755.4846	-76.22845	0
111	7	-134.1873	-336.24	3
111	8	-165.975	-351.0757	3
112	1	404.7626	-266.2356	0
112	2	321.7833	93.58044	0
112	3	411.1586	627.3823	2
112	4	412.286	763.799	2
112	5	446.883	1304.386	0
112	6	755.2216	-73.27405	0
112	7	-132.0552	-335.8458	3
112	8	-162.5786	-350.2184	3
113	1	401.8446	-265.7787	0
113	2	326.9154	95.29651	0
113	3	410.0793	621.4749	2
113	4	411.2738	759.3558	2
113	5	443.7413	1303.777	0
113	6	755.0172	-70.1651	0
113	7	-129.8032	-335.3333	3
113	8	-159.6991	-350.3091	3
114	1	398.8688	-265.5	0
114	2	332.0289	97.09033	0
114	3	409.8138	615.7648	2
114	4	410.9475	756.0604	2
114	5	442.0333	1300.826	0
114	6	754.8055	-66.98633	0
114	7	-126.9879	-334.2439	3
114	8	-156.9203	-350.5867	3
115	1	395.7344	-265.2334	0
115	2	336.4963	97.33667	0
115	3	409.4915	609.9882	2
115	4	410.6953	751.1456	2
115	5	439.8741	1296.978	0
115	6	754.4927	-63.6687	0
115	7	-123.9922	-333.3323	3
115	8	-154.0992	-351.2552	3
116	1	392.515	-265.0997	0
116	2	340.7404	97.03339	0
116	3	409.0472	604.0652	2
116	4	410.7721	744.9294	2
116	5	437.0501	1291.676	0
116	6	754.1769	-60.20087	0
116	7	-120.9611	-332.8677	3
116	8	-151.2845	-352.2969	3
117	1	389.3102	-264.999	0
117	2	345.3558	96.92188	0
117	3	408.7809	597.7598	2
117	4	410.8888	737.9202	2
117	5	433.7462	1285.561	0
117	6	753.6889	-56.88	0
117	7	-117.8473	-332.751	3
117	8	-148.6325	-352.2266	3
118	1	386.0077	-265.0165	0
118	2	349.6931	96.28467	0
118	3	408.7168	591.5666	2
118	4	411.1852	730.3683	2
118	5	430.7919	1278.807	0
118	6	753.2714	-53.69519	0
118	7	-114.5784	-333.4839	3
118	8	-145.7294	-352.0404	3
119	1	382.8434	-264.6812	0
119	2	353.5245	94.96722	0
119	3	408.9756	585.4421	2
119	4	410.1563	726.6253	2
119	5	428.0978	1271.619	0
119	6	752.7767	-50.63086	0
119	7	-111.4317	-333.9426	3
119	8	-142.6611	-351.787	3
120	1	379.9319	-263.4761	0
120	2	356.4976	92.76251	0
120	3	409.3299	579.7633	2
120	4	410.7465	723.0561	2
120	5	425.7738	1270.677	0
120	6	752.1578	-47.83026	0
120	7	-108.3168	-333.7555	3
120	8	-139.5412	-351.4521	3
121	1	376.9277	-263.1461	0
121	2	359.4338	91.461	0
121	3	409.6075	573.9852	2
121	4	411.1777	718.4263	2
121	5	425.2373	1266.888	0
121	6	751.5635	-45.22363	0
121	7	-105.1589	-333.4967	3
121	8	-136.2942	-350.9934	3
122	1	373.9202	-262.7234	0
122	2	362.4482	91.10065	0
122	3	409.8988	568.2382	2
122	4	411.3387	712.5088	2
122	5	424.8146	1262.562	0
122	6	750.8458	-42.32764	0
122	7	-102.0942	-333.1772	3
122	8	-132.9374	-350.5559	3
123	1	370.9529	-262.0276	0
123	2	365.3228	90.98352	0
123	3	410.2369	562.4296	2
123	4	411.5469	705.6755	2
123	5	423.8236	1256.531	0
123	6	750.1443	-39.224	0
123	7	-99.06006	-332.7843	3
123	8	-129.7186	-350.0564	3
124	1	368.0243	-261.2195	0
124	2	368.0465	91.13953	0
124	3	411.0033	556.2278	2
124	4	411.9002	697.7609	2
124	5	422.6643	1250.552	0
124	6	749.4079	-36.00476	0
124	7	-96.07135	-332.4612	3
124	8	-126.6832	-349.6891	3
125	1	365.0085	-260.4122	0
125	2	370.6486	91.59332	0
125	3	410.9947	550.1515	2
125	4	409.4248	693.6054	2
125	5	421.6259	1243.292	0
125	6	748.755	-32.93665	0
125	7	-93.26843	-332.0806	3
125	8	-123.7921	-349.4392	3
126	1	361.8315	-259.6515	0
126	2	373.14	92.32129	0
126	3	410.3401	544.2277	2
126	4	411.3741	689.8581	2
126	5	420.213	1235.804	0
126	6	748.1254	-29.85242	0
126	7	-90.61517	-331.791	3
126	8	-121.1116	-349.2688	3
127	1	358.677	-259.1942	0
127	2	375.5583	93.2384	0
127	3	409.4975	538.5537	2
127	4	411.321	685.3612	2
127	5	416.8516	1234.756	0
127	6	747.1704	-26.54468	0
127	7	-88.05273	-331.5526	3
127	8	-118.8016	-349.0767	3
128	1	355.4808	-258.8953	0
128	2	377.7822	94.39368	0
128	3	409.2939	532.8589	2
128	4	410.2344	679.6279	2
128	5	418.0049	1230.363	0
128	6	746.1379	-23.21246	0
128	7	-85.60077	-331.349	3
128	8	-116.3092	-348.8059	3
129	1	352.1269	-259.0166	0
129	2	379.8265	95.68964	0
129	3	408.8442	527.0818	2
129	4	410.2848	672.9419	2
129	5	417.0112	1226.598	0
129	6	745.7498	-20.1759	0
129	7	-82.95221	-331.0146	3
129	8	-113.5305	-348.1093	3
130	1	348.923	-259.4435	0
130	2	381.765	97.0896	0
130	3	408.5056	520.9681	2
130	4	409.9663	665.5061	2
130	5	415.5236	1221.875	0
130	6	745.4849	-17.16815	0
130	7	-80.29816	-330.679	3
130	8	-110.5896	-347.3756	3
131	1	345.8357	-259.6475	0
131	2	383.5936	98.63501	0
131	3	408.4626	514.8282	2
131	4	409.2217	660.6927	2
131	5	414.6494	1215.928	0
131	6	745.6343	-14.15057	0
131	7	-77.284	-329.9932	3
131	8	-107.5223	-346.5227	3
132	1	342.9085	-259.4398	0
132	2	385.2877	100.3041	0
132	3	408.5798	508.7038	2
132	4	408.959	657.3396	2
132	5	413.4622	1209.382	0
132	6	746.6456	-11.06213	0
132	7	-74.30896	-329.3716	3
132	8	-104.5669	-345.7783	3
133	1	339.9921	-259.02	0
133	2	386.8065	102.047	0
133	3	408.9309	502.9763	2
133	4	408.8861	652.4814	2
133	5	412.2761	1201.826	0
133	6	746.3448	-8.222656	0
133	7	-71.34106	-328.6959	3
133	8	-101.784	-345.2491	3
134	1	337.0834	-258.5159	0
134	2	388.148	103.7477	0
134	3	409.1979	497.3239	2
134	4	409.0411	646.4857	2
134	5	411.3975	1193.766	0
134	6	746.0896	-5.163574	0
134	7	-68.54468	-328.1399	3
134	8	-98.73224	-344.5061	3
135	1	334.1782	-258.1963	0
135	2	389.5518	105.5313	0
135	3	409.452	491.6335	2
135	4	409.4148	639.6971	2
135	5	410.2392	1192.049	0
135	6	745.8944	-1.961792	0
135	7	-65.93555	-327.7573	3
135	8	-95.54706	-343.3582	3
136	1	331.0992	-257.8857	0
136	2	390.9031	107.4025	0
136	3	409.7705	486.0304	2
136	4	409.7731	632.3243	2
136	5	410.1412	1187.511	0
136	6	745.6671	1.289246	0
136	7	-63.19769	-327.2605	3
136	8	-92.60315	-342.7188	3
137	1	327.9527	-257.7053	0
137	2	392.3083	109.3309	0
137	3	410.4962	480.0006	2
137	4	408.7004	628.1422	2
137	5	410.4393	1183.716	0
137	6	745.3221	4.69104	0
137	7	-60.44244	-326.5464	3
137	8	-89.90399	-342.6182	3
138	1	324.7607	-257.5717	0
138	2	393.7071	111.2951	0
138	3	410.7802	473.9661	2
138	4	409.5547	624.701	2
138	5	410.7631	1178.713	0
138	6	744.9752	8.191528	0
138	7	-57.38403	-325.5452	3
138	8	-87.26428	-342.6842	3
139	1	321.443	-257.5759	0
139	2	395.1234	113.3274	0
139	3	410.5761	467.9502	2
139	4	410.1484	620.2322	2
139	5	410.9503	1172.231	0
139	6	744.4926	11.48218	0
139	7	-54.43524	-325.1632	3
139	8	-84.5896	-342.8903	3
140	1	318.1392	-257.4929	0
140	2	396.5104	115.314	0
140	3	409.2554	462.2793	2
140	4	410.437	614.4797	2
140	5	411.1344	1165.481	0
140	6	744.0511	14.67871	0
140	7	-51.76642	-325.2573	3
140	8	-81.8623	-343.6772	3
141	1	315.1371	-256.635	0
141	2	397.8765	117.2654	0
141	3	409.1506	456.6692	2
141	4	411.1847	607.4399	2
141	5	411.4615	1158.21	0
141	6	743.4825	17.74902	0
141	7	-49.14502	-325.3906	3
141	8	-79.245	-344.1033	3
142	1	312.1635	-255.77	0
142	2	399.3037	119.3819	0
142	3	408.7076	451.0197	2
142	4	411.2503	599.7604	2
142	5	409.3055	1155.674	0
142	6	742.8401	20.40735	0
142	7	-46.55219	-325.8563	3
142	8	-76.55444	-343.9625	3
143	1	309.1326	-255.4988	0
143	2	400.6408	121.6372	0
143	3	408.2731	445.2019	2
143	4	409.0781	595.3707	2
143	5	411.3592	1151.18	0
143	6	742.2173	23.21954	0
143	7	-44.039	-326.196	3
143	8	-73.71643	-343.7634	3
144	1	306.1678	-254.9189	0
144	2	401.9222	124.0523	0
144	3	408.0385	439.1273	2
144	4	410.6902	591.8118	2
144	5	412.2931	1146.908	0
144	6	741.4852	26.23108	0
144	7	-41.56854	-326.041	3
144	8	-70.74323	-343.502	3
145	1	303.2414	-254.1387	0
145	2	403.352	126.1532	0
145	3	407.9139	433.1425	2
145	4	409.5295	587.4893	2
145	5	411.8563	1141.905	0
145	6	740.7636	29.36517	0
145	7	-38.71326	-325.7754	3
145	8	-67.7467	-343.1693	3
146	1	300.2963	-253.3258	0
146	2	404.8104	128.2633	0
146	3	408.0987	427.2808	2
146	4	409.7782	581.806	2
146	5	410.6582	1135.902	0
146	6	740.0502	32.52948	0
146	7	-35.59631	-325.4572	3
146	8	-64.63544	-342.7234	3
147	1	297.2195	-252.5261	0
147	2	406.3137	130.3486	0
147	3	408.2798	421.7583	2
147	4	409.7103	575.1622	2
147	5	410.8094	1129.274	0
147	6	739.4441	35.50818	0
147	7	-32.62592	-325.1528	3
147	8	-61.42651	-342.3254	3
148	1	294.048	-251.9572	0
148	2	407.9286	132.3428	0
148	3	408.3796	416.2188	2
148	4	409.4846	567.6671	2
148	5	410.5815	1122.118	0
148	6	738.6791	38.75415	0
148	7	-29.66931	-324.7781	3
148	8	-58.34375	-341.8461	3
149	1	290.9001	-251.5527	0
149	2	409.9001	133.9948	0
149	3	408.4897	410.7567	2
149	4	408.865	562.7081	2
149	5	409.9092	1118.898	0
149	6	737.5042	42.12354	0
149	7	-26.72583	-324.4377	3
149	8	-55.4057	-341.4915	3
150	1	287.5998	-251.4636	0
150	2	411.9446	135.6202	0
150	3	408.7094	405.0919	2
150	4	408.637	559.287	2
150	5	409.6852	1115.179	0
150	6	736.9285	45.25916	0
150	7	-23.91791	-324.0693	3
150	8	-52.56775	-341.2363	3
151	1	284.1886	-251.8016	0
151	2	413.4832	137.6453	0
151	3	409.196	399.2134	2
151	4	408.6814	554.6559	2
151	5	409.5531	1110.142	0
151	6	736.5742	48.33405	0
151	7	-21.25537	-323.7573	3
151	8	-49.88745	-341.0518	3
152	1	281.0841	-252.1589	0
152	2	415.1379	139.7036	0
152	3	409.0035	393.318	2
152	4	408.9875	548.6964	2
152	5	409.7893	1104.648	0
152	6	736.4181	51.3988	0
152	7	-18.27203	-323.3529	3
152	8	-47.52197	-340.8533	3
153	1	278.1069	-252.1077	0
153	2	416.8763	141.7603	0
153	3	407.9798	387.7228	2
153	4	409.3763	542.2136	2
153	5	410.2098	1098.626	0
153	6	737.1003	54.46265	0
153	7	-15.27533	-323.0326	3
153	8	-45.07904	-340.6116	3
154	1	275.1716	-251.7845	0
154	2	418.6602	143.837	0
154	3	407.1525	382.3395	2
154	4	409.6566	534.9154	2
154	5	410.6726	1092.106	0
154	6	737.4702	57.42761	0
154	7	-12.8075	-322.8572	3
154	8	-42.38458	-339.9622	3
155	1	272.294	-251.29	0
155	2	420.4561	145.9777	0
155	3	406.7236	376.9581	2
155	4	408.4789	530.342	2
155	5	410.9911	1084.514	0
155	6	737.1808	60.41876	0
155	7	-10.35297	-322.6365	3
155	8	-39.51343	-339.2638	3
155	9	712.9445	1360.067	0
156	1	269.4296	-250.8587	0
156	2	422.2743	148.2328	0
156	3	406.1182	371.5775	2
156	4	409.4783	527.0417	2
156	5	409.7937	1082.19	0
156	6	736.9667	63.54163	0
156	7	-7.772644	-322.1294	3
156	8	-36.53528	-338.4382	3
156	9	712.5131	1359.392	0
157	1	266.4512	-250.5784	0
157	2	424.1756	150.5665	0
157	3	405.608	365.9644	2
157	4	410.0851	522.8883	2
157	5	410.8442	1078.361	0
157	6	736.7736	66.74365	0
157	7	-5.120728	-321.6058	3
157	8	-33.59119	-337.6637	3
157	9	711.9175	1358.445	0
158	1	263.3565	-250.3321	0
158	2	425.8956	152.9507	0
158	3	405.4175	360.3571	2
158	4	410.5827	516.9653	2
158	5	411.6236	1074.055	0
158	6	736.4875	70.04712	0
158	7	-2.452942	-321.0164	3
158	8	-30.85278	-337.1357	3
158	9	711.1733	1357.263	0
159	1	260.1808	-250.2079	0
159	2	427.6174	155.3028	0
159	3	405.3695	354.7169	2
159	4	410.9923	510.0894	2
159	5	412.2935	1068.229	0
159	6	736.1666	73.51318	0
159	7	0.5301819	-320.2035	3
159	8	-27.89886	-336.4882	3
159	9	710.855	1354.086	0
160	1	256.9157	-250.1212	0
160	2	429.274	157.7324	0
160	3	405.5576	349.4982	2
160	4	410.8849	502.4683	2
160	5	412.7641	1061.834	0
160	6	735.688	76.88245	0
160	7	3.492401	-319.5352	3
160	8	-24.83514	-335.4857	3
160	9	710.0771	1351.95	0
161	1	253.5408	-250.1193	0
161	2	430.7843	160.2493	0
161	3	405.7219	344.5126	2
161	4	409.0415	497.9362	2
161	5	412.7266	1055.033	0
161	6	735.2635	80.11548	0
161	7	6.417664	-319.0342	3
161	8	-21.78137	-334.5232	3
161	9	709.2352	1349.719	0
162	1	250.358	-249.6943	0
162	2	432.0645	162.5692	0
162	3	405.8289	339.6077	2
162	4	409.6618	494.5527	2
162	5	411.6982	1047.555	0
162	6	734.7612	83.27856	0
162	7	9.334778	-318.2939	3
162	8	-19.05115	-334.3623	3
162	9	708.248	1347.737	0
163	1	247.4222	-248.4326	0
163	2	433.4739	164.972	0
163	3	405.959	334.8491	2
163	4	409.1776	490.379	2
163	5	411.1109	1045.291	0
163	6	734.1221	86.22412	0
163	7	12.16809	-317.6125	3
163	8	-16.36682	-334.3625	3
163	9	707.2029	1345.75	0
164	1	244.3614	-248.214	0
164	2	434.9062	167.4573	0
164	3	406.3612	329.8326	2
164	4	409.2604	484.6991	2
164	5	410.9611	1041.906	0
164	6	733.5083	88.93079	0
164	7	14.73193	-317.4771	3
164	8	-13.67706	-334.4679	3
164	9	706.0626	1343.802	0
165	1	241.3591	-247.76	0
165	2	436.4143	169.9864	0
165	3	406.6129	324.8066	2
165	4	409.0767	478.1284	2
165	5	410.7683	1037.873	0
165	6	732.7841	91.83636	0
165	7	17.23828	-317.4091	3
165	8	-10.97131	-335.0508	3
165	9	704.7614	1341.845	0
166	1	238.4251	-247.0459	0
166	2	437.9525	172.5741	0
166	3	406.2608	319.7867	2
166	4	408.9105	470.5447	2
166	5	410.6469	1032.173	0
166	6	732.0821	94.91003	0
166	7	20.03949	-317.1736	3
166	8	-8.268433	-335.8108	3
166	9	703.0121	1340.079	0
167	1	235.5411	-246.241	0
167	2	439.4499	175.0699	0
167	3	404.4438	315.7115	2
167	4	408.355	465.5917	2
167	5	410.5378	1025.519	0
167	6	731.351	98.06421	0
167	7	22.98029	-317.4584	3
167	8	-5.654175	-335.707	3
167	9	700.9895	1338.436	0
168	1	232.5714	-245.4421	0
168	2	440.9883	177.6917	0
168	3	404.5093	312.7068	2
168	4	408.2491	462.2285	2
168	5	410.6621	1018.325	0
168	6	730.7062	101.0833	0
168	7	25.70905	-318.0518	3
168	8	-2.857422	-335.521	3
168	9	699.6307	1336.396	0
169	1	229.4266	-244.7126	0
169	2	442.3989	180.5945	0
169	3	405.813	309.9355	2
169	4	408.346	457.6707	2
169	5	410.9042	1010.739	0
169	6	730.0684	104.1723	0
169	7	28.30698	-317.9136	3
169	8	0.059021	-335.2852	3
169	9	698.1031	1334.12	0
170	1	226.2974	-244.2691	0
170	2	443.7718	183.5876	0
170	3	407.4669	307.7109	2
170	4	408.8157	451.9859	2
170	5	410.177	1008.498	0
170	6	729.0901	107.4406	0
170	7	30.97522	-317.7163	3
170	8	3.015106	-334.9823	3
170	9	696.4374	1331.685	0
171	1	223.0716	-244.0034	0
171	2	445.4011	186.2137	0
171	3	409.2715	305.9597	2
171	4	409.1526	445.6209	2
171	5	410.5473	1004.749	0
171	6	728.1069	110.7211	0
171	7	33.66574	-317.4921	3
171	8	6.063934	-334.5823	3
171	9	694.6926	1329.104	0
172	1	219.6333	-244.1655	0
172	2	447.0883	188.8286	0
172	3	411.0417	304.5911	2
172	4	409.3247	438.454	2
172	5	411.0712	1000.878	0
172	6	727.7147	113.831	0
172	7	36.37747	-317.2057	3
172	8	9.299164	-334.0798	3
172	9	692.9149	1326.358	0
172	10	-76.24396	-381.2568	0
173	1	216.3871	-244.5826	0
173	2	449.0173	191.2037	0
173	3	412.7708	303.4836	2
173	4	407.9796	433.4967	2
173	5	411.3958	995.1398	0
173	6	727.4487	116.9408	0
173	7	39.45975	-316.7434	3
173	8	12.5459	-333.5741	3
173	9	691.0919	1323.424	0
173	10	-75.57697	-381.2742	0
174	1	213.2584	-244.7349	0
174	2	451.5936	193.0724	0
174	3	414.4496	302.5993	2
174	4	409.0244	430.4866	2
174	5	411.6577	988.9205	0
174	6	727.6635	120.0221	0
174	7	42.87195	-316.189	3
174	8	15.65005	-333.0837	3
174	9	689.2776	1320.503	0
174	10	-74.65881	-381.2681	0
175	1	210.353	-244.5035	0
175	2	453.2483	195.4835	0
175	3	416.036	301.876	2
175	4	409.657	426.3912	2
175	5	412.0515	982.1061	0
175	6	728.6032	123.1353	0
175	7	46.0293	-315.7495	3
175	8	18.68402	-332.7263	3
175	9	687.6376	1317.721	0
175	10	-73.50677	-381.2329	0
176	1	207.5002	-244.0702	0
176	2	454.9071	198.017	0
176	3	417.2325	301.5847	2
176	4	410.2854	420.5327	2
176	5	412.6408	974.2836	0
176	6	728.2881	126.0451	0
176	7	48.95911	-315.3894	3
176	8	21.57834	-332.4591	3
176	9	686.0468	1315.126	0
176	10	-72.14349	-381.172	0
177	1	204.6574	-243.5801	0
177	2	456.6755	200.5592	0
177	3	418.5185	301.1891	2
177	4	410.1162	413.8475	2
177	5	410.1392	971.5608	0
177	6	728.0403	129.1119	0
177	7	51.76517	-315.1177	3
177	8	24.112	-332.1938	3
177	9	684.6525	1312.748	0
177	10	-69.80237	-380.5485	0
178	1	201.7643	-243.2825	0
178	2	458.4397	203.1201	0
178	3	419.6777	300.901	2
178	4	409.4789	406.5764	2
178	5	412.08	967.6352	0
178	6	727.8529	132.2822	0
178	7	54.44067	-314.889	3
178	8	26.73331	-331.8536	3
178	9	683.5596	1310.668	0
178	10	-67.8576	-380.2886	0
179	1	198.7038	-242.9786	0
179	2	460.1777	205.8394	0
179	3	420.7221	300.7141	2
179	4	408.0906	401.8846	2
179	5	412.3264	963.6632	0
179	6	727.625	135.486	0
179	7	57.18378	-314.525	3
179	8	29.6236	-331.0322	3
179	9	682.3735	1308.452	0
179	10	-65.76514	-380.0222	0
179	11	507.1074	-197.293	0
180	1	195.6039	-242.8196	0
180	2	461.9731	208.6982	0
180	3	421.6515	300.6118	2
180	4	407.9119	398.6624	2
180	5	411.0056	958.5459	0
180	6	727.2857	138.8336	0
180	7	60.07794	-314.1056	3
180	8	32.69812	-330.1329	3
180	9	681.0859	1305.646	0
180	10	-63.60828	-379.6586	0
180	11	507.1964	-196.5364	0
181	1	192.3987	-242.6854	0
181	2	463.5	211.5862	0
181	3	422.4832	300.5931	2
181	4	407.7679	394.7024	2
181	5	411.1152	952.5355	0
181	6	726.9239	142.2766	0
181	7	63.29407	-313.2686	3
181	8	35.89355	-329.1078	3
181	9	679.6486	1302.619	0
181	10	-61.38995	-379.3364	0
181	11	507.293	-195.4679	0
182	1	189.0025	-242.6922	0
182	2	464.9856	214.4313	0
182	3	423.2233	300.6557	2
182	4	407.5536	389.2851	2
182	5	410.8768	945.837	0
182	6	726.4567	145.536	0
182	7	66.4299	-312.4952	3
182	8	38.90875	-328.2932	3
182	9	678.1534	1299.417	0
182	10	-59.10016	-379.0435	0
182	11	507.3965	-194.1304	0
183	1	185.6474	-242.5616	0
183	2	466.2968	217.373	0
183	3	423.8751	300.7994	2
183	4	407.2534	382.944	2
183	5	410.6033	938.2666	0
183	6	726.0035	148.7532	0
183	7	69.46075	-311.792	3
183	8	41.98212	-327.553	3
183	9	676.7231	1296.55	0
183	10	-56.78949	-378.7885	0
183	11	507.7283	-191.7034	0
184	1	182.6397	-241.6028	0
184	2	467.3215	220.2333	0
184	3	424.446	301.0351	2
184	4	407.0344	375.6801	2
184	5	410.0063	934.843	0
184	6	725.407	151.9019	0
184	7	72.24695	-311.339	3
184	8	45.27188	-326.3715	3
184	9	675.2482	1293.619	0
184	10	-54.50494	-378.571	0
184	11	507.8372	-189.7412	0
185	1	179.6206	-240.8503	0
185	2	468.3018	222.9537	0
185	3	424.9307	301.3798	2
185	4	406.3628	370.7888	2
185	5	409.8498	930.8954	0
185	6	724.7557	154.639	0
185	7	75.13721	-310.8042	3
185	8	48.58063	-325.1621	3
185	9	673.9116	1290.207	0
185	10	-52.38666	-378.3519	0
185	11	507.9552	-187.6293	0
186	1	176.5885	-240.5322	0
186	2	469.2873	225.7208	0
186	3	425.3209	301.8929	2
186	4	406.2628	367.622	2
186	5	409.8413	926.3307	0
186	6	724.1097	157.5179	0
186	7	78.02567	-310.032	3
186	8	51.54431	-324.9818	3
186	9	672.5623	1286.963	0
186	10	-50.26526	-378.1254	0
186	11	508.0507	-185.378	0
187	1	173.6691	-239.9188	0
187	2	470.3646	228.544	0
187	3	425.5313	302.6132	2
187	4	406.433	363.3076	2
187	5	410.2263	921.2255	0
187	6	723.3895	160.5142	0
187	7	81.172	-309.0503	3
187	8	54.45761	-325.0372	3
187	9	671.0027	1284.595	0
187	10	-47.91559	-377.6711	0
187	11	508.0812	-183.0409	0
188	1	170.828	-239.1227	0
188	2	471.4422	231.4023	0
188	3	425.4353	303.43	2
188	4	406.7751	358.1665	2
188	5	410.6329	915.5488	0
188	6	722.6726	163.5858	0
188	7	84.27161	-308.7449	3
188	8	57.38449	-325.323	3
188	9	669.374	1282.416	0
188	10	-45.37421	-377.0063	0
188	11	508.0178	-180.665	0
189	1	167.9896	-238.2964	0
189	2	472.4781	234.1664	0
189	3	425.0703	304.1175	2
189	4	406.9968	352.347	2
189	5	410.895	908.6959	0
189	6	721.9781	166.6581	0
189	7	87.43454	-308.7483	3
189	8	60.37009	-326.3579	3
189	9	667.343	1280.407	0
189	10	-42.70233	-376.2784	0
189	11	507.892	-178.4065	0
190	1	165.0537	-237.4724	0
190	2	473.5113	236.9908	0
190	3	424.5999	304.6151	2
190	4	407.0703	345.8843	2
190	5	411.0887	901.4336	0
190	6	721.3738	169.6224	0
190	7	90.35251	-309.3262	3
190	8	63.14151	-326.5061	3
190	9	664.689	1278.766	0
190	10	-39.90125	-375.4412	0
190	11	507.8082	-176.0356	0
191	1	162.0319	-236.8299	0
191	2	474.3984	240.0433	0
191	3	423.5371	301.7394	2
191	4	407.1529	338.8212	2
191	5	409.5351	898.2389	0
191	6	720.5813	172.8363	0
191	7	93.16547	-310.1099	3
191	8	66.0752	-326.2927	3
191	9	663.1663	1276.528	0
191	10	-37.14563	-374.6584	0
191	11	507.7168	-173.4562	0
192	1	159.0474	-236.315	0
192	2	475.1615	243.2124	0
192	3	425.1916	300.5538	2
192	4	405.2451	333.4575	2
192	5	410.7618	894.7224	0
192	6	719.4044	176.1403	0
192	7	95.8056	-310.052	3
192	8	69.13477	-326.0236	3
192	9	661.4263	1273.979	0
192	10	-34.53735	-374.1008	0
192	11	507.6686	-170.6927	0
193	1	155.9378	-235.9935	0
193	2	476.2675	246.047	0
193	3	427.9992	298.783	2
193	4	406.7046	330.9336	2
193	5	412.0444	890.1458	0
193	6	718.8939	179.2832	0
193	7	98.50687	-309.9371	3
193	8	72.24045	-325.688	3
193	9	659.5268	1271.23	0
193	10	-31.70074	-373.4253	0
193	11	507.6386	-167.8026	0
194	1	152.6586	-235.9928	0
194	2	477.3984	248.8943	0
194	3	431.5106	296.5264	2
194	4	407.7035	327.4612	2
194	5	412.3274	884.7425	0
194	6	718.5442	182.4458	0
194	7	101.5108	-309.7488	3
194	8	75.42972	-325.2446	3
194	9	657.6121	1268.349	0
194	10	-28.75189	-372.4126	0
194	11	507.616	-164.8314	0
195	1	149.6348	-236.1037	0
195	2	478.6787	251.6045	0
195	3	435.6654	293.6046	2
195	4	407.6328	322.6867	2
195	5	412.1314	878.725	0
195	6	718.4283	185.59	0
195	7	104.6906	-309.5107	3
195	8	78.73071	-324.7883	3
195	9	655.6833	1265.238	0
195	10	-25.71222	-371.2059	0
195	11	507.5994	-161.9855	0
196	1	146.6963	-235.9417	0
196	2	480.5523	253.9088	0
196	3	440.4593	291.0898	2
196	4	406.3654	317.8275	2
196	5	410.879	872.0239	0
196	6	719.1945	188.7023	0
196	7	107.7733	-309.2626	3
196	8	81.9534	-324.3308	3
196	9	653.7217	1262.131	0
196	10	-23.03461	-370.9177	0
196	11	507.5728	-159.0066	0
197	1	143.9996	-235.4484	0
197	2	482.1306	256.3022	0
197	3	444.8656	288.0791	2
197	4	406.1309	313.7767	2
197	5	410.9381	864.9643	0
197	6	719.4113	191.6973	0
197	7	110.8235	-309.0845	3
197	8	84.99817	-323.9797	3
197	9	652.0087	1259.201	0
197	10	-20.4068	-370.8278	0
197	11	507.3612	-155.8284	0
198	1	141.3441	-234.7646	0
198	2	483.2272	258.9153	0
198	3	448.9941	284.9259	2
198	4	407.3005	309.833	2
198	5	410.0797	861.4819	0
198	6	719.1266	194.7244	0
198	7	113.7085	-308.8745	3
198	8	87.95605	-323.7697	3
198	9	650.3583	1256.517	0
198	10	-17.79016	-370.8702	0
198	11	507.0406	-152.5631	0
199	1	138.7214	-233.9565	0
199	2	484.433	261.5052	0
199	3	451.8301	281.3051	2
199	4	408.6957	306.0214	2
199	5	409.8134	858.4059	0
199	6	718.9224	197.8358	0
199	7	116.8081	-308.6382	3
199	8	90.79456	-323.652	3
199	9	648.9371	1254.075	0
199	10	-15.14374	-371.2063	0
199	11	507.0938	-149.6699	0
200	1	136.0911	-233.2126	0
200	2	485.7095	264.1045	0
200	3	455.4144	278.9345	2
200	4	410.4925	302.3275	2
200	5	409.4683	854.3069	0
200	6	718.7327	200.9822	0
200	7	119.6366	-308.642	3
200	8	93.30096	-323.5288	3
200	9	647.8466	1251.976	0
200	10	-12.4115	-372.1587	0
200	11	507.1707	-146.8185	0
201	1	133.3329	-232.5174	0
201	2	486.9984	266.6772	0
201	3	458.7084	276.5042	2
201	4	412.6664	298.7725	2
201	5	409.345	848.5567	0
201	6	718.4417	204.2288	0
201	7	122.3411	-308.6885	3
201	8	95.8905	-323.3633	3
201	9	646.5984	1249.563	0
201	10	-9.862549	-372.2805	0
201	11	507.4601	-143.9796	0
202	1	130.4815	-231.8066	0
202	2	488.3593	269.293	0
202	3	461.5741	274.267	2
202	4	415.0288	295.5519	2
202	5	409.4276	842.209	0
202	6	718.1351	207.6457	0
202	7	125.0825	-308.6191	3
202	8	98.66376	-322.7788	3
202	9	645.2464	1246.634	0
202	10	-7.138062	-372.0774	0
202	11	508.4742	-141.2053	0
203	1	127.5329	-231.1604	0
203	2	489.9298	271.972	0
203	3	464.438	272.1346	2
203	4	417.733	292.6253	2
203	5	409.5841	835.3461	0
203	6	717.6475	210.9565	0
203	7	127.7325	-308.6013	3
203	8	101.5911	-322.1658	3
203	9	643.7883	1243.491	0
203	10	-4.280457	-371.8181	0
203	11	509.0599	-138.4594	0
204	1	124.4876	-230.5104	0
204	2	491.4565	274.6929	0
204	3	467.054	270.3465	2
204	4	420.1979	290.2855	2
204	5	409.9141	828.2284	0
204	6	717.2229	214.1864	0
204	7	130.4475	-308.2864	3
204	8	104.6161	-321.4395	3
204	9	642.3031	1240.323	0
204	10	-1.289917	-371.4833	0
204	11	509.2503	-135.5438	0
205	1	121.2524	-229.9517	0
205	2	493.146	277.4913	0
205	3	469.2958	268.6046	2
205	4	422.6506	288.0567	2
205	5	408.9156	825.1957	0
205	6	716.6972	217.4023	0
205	7	133.2072	-307.9688	3
205	8	107.5602	-320.827	3
205	9	640.8845	1237.541	0
205	10	1.738861	-371.0676	0
205	11	509.5669	-132.4838	0
206	1	118.1205	-229.1691	0
206	2	494.7971	280.6321	0
206	3	471.4531	266.9018	2
206	4	425.0249	285.8209	2
206	5	409.5847	821.8267	0
206	6	716.0347	220.4069	0
206	7	136.3112	-307.4016	3
206	8	110.4048	-320.4331	3
206	9	639.4123	1234.374	0
206	10	4.886047	-370.5239	0
206	11	509.9539	-129.3203	0
207	1	115.4175	-227.5865	0
207	2	496.0689	283.7623	0
207	3	471.5187	264.8924	2
207	4	427.2326	283.6006	2
207	5	410.2094	817.7187	0
207	6	715.414	223.2327	0
207	7	139.1758	-307.1028	3
207	8	113.5191	-319.8101	3
207	9	638.1621	1230.745	0
207	10	8.133667	-370.0645	0
207	11	510.3061	-126.0522	0
208	1	112.5279	-226.493	0
208	2	497.3264	286.959	0
208	3	471.2426	262.6477	2
208	4	429.4095	281.2491	2
208	5	410.5484	812.3457	0
208	6	714.6825	226.136	0
208	7	141.9448	-306.9465	3
208	8	116.7826	-318.7454	3
208	9	636.6402	1228.039	0
208	10	11.21179	-369.4922	0
208	11	510.6328	-122.6417	0
209	1	109.5776	-225.5707	0
209	2	498.6465	290.2557	0
209	3	470.7288	259.9214	2
209	4	431.7488	278.9845	2
209	5	410.9489	806.2704	0
209	6	713.9867	229.16	0
209	7	144.8467	-306.6183	3
209	8	119.8156	-318.4098	3
209	9	635.0316	1225.723	0
209	10	14.16101	-369.0839	0
209	11	510.8115	-119.2755	0
210	1	106.7423	-224.3525	0
210	2	499.8865	293.5356	0
210	3	470.3145	256.8653	2
210	4	433.8809	276.5904	2
210	5	411.6148	799.1926	0
210	6	713.2697	232.2294	0
210	7	148.1679	-305.6483	3
210	8	122.7585	-318.526	3
210	9	633.2643	1223.531	0
210	10	17.0191	-368.793	0
210	11	510.9492	-116.0726	0
211	1	103.9756	-222.9849	0
211	2	501.0526	296.9684	0
211	3	470.2856	252.9984	2
211	4	435.6208	273.934	2
211	5	411.596	791.8014	0
211	6	712.6443	235.1841	0
211	7	151.0925	-305.6543	3
211	8	125.6866	-318.8237	3
211	9	630.7969	1221.741	0
211	10	19.72897	-368.5912	0
211	11	510.9843	-112.9662	0
212	1	101.1058	-221.595	0
212	2	501.7531	300.9448	0
212	3	470.2597	248.4504	2
212	4	437.1831	271.1764	2
212	5	409.4977	788.583	0
212	6	711.9895	238.2817	0
212	7	153.9196	-305.884	3
212	8	128.5786	-319.4929	3
212	9	628.6937	1219.846	0
212	10	22.06564	-368.3831	0
212	11	510.8177	-110.0204	0
213	1	97.98599	-220.2633	0
213	2	503.0947	304.4952	0
213	3	470.6527	242.9383	2
213	4	438.299	268.3442	2
213	5	410.6355	785.0913	0
213	6	710.9685	241.4974	0
213	7	157.0142	-306.0404	3
213	8	131.4843	-320.7524	3
213	9	627.0397	1217.405	0
213	10	24.55392	-368.1058	0
213	11	510.6075	-107.3844	0
214	1	94.78265	-219.2871	0
214	2	504.695	307.9431	0
214	3	470.764	237.1812	2
214	4	438.6793	265.3024	2
214	5	409.6175	781.4043	0
214	6	710.0815	244.7207	0
214	7	159.8542	-306.7928	3
214	8	134.3004	-320.8486	3
214	9	625.213	1214.758	0
214	10	27.26294	-367.3466	0
214	11	510.4655	-104.4655	0
215	1	91.33423	-218.6147	0
215	2	507.5428	310.6326	0
215	3	471.4548	231.8872	2
215	4	439.5872	262.5872	2
215	5	409.6884	776.2418	0
215	6	709.6822	247.9067	0
215	7	162.6266	-307.6487	3
215	8	137.3105	-320.8181	3
215	9	623.3037	1211.966	0
215	10	30.14688	-366.5427	0
215	11	510.3893	-101.3318	0
216	1	87.5455	-218.5204	0
216	2	508.6357	313.925	0
216	3	470.7343	227.423	2
216	4	440.4961	259.8615	2
216	5	409.4627	770.2261	0
216	6	709.4169	251.1108	0
216	7	165.6204	-307.7314	3
216	8	140.4548	-320.7062	3
216	9	621.3929	1208.979	0
216	10	33.13602	-365.6027	0
216	11	510.3471	-98.08099	0
217	1	84.10095	-218.5673	0
217	2	509.9821	317.2393	0
217	3	470.1842	223.811	2
217	4	441.2089	257.0815	2
217	5	409.1889	763.3947	0
217	6	709.7275	254.2413	0
217	7	168.5874	-307.7534	3
217	8	143.6496	-320.4814	3
217	9	619.4058	1205.861	0
217	10	36.05533	-364.746	0
217	11	510.314	-94.90558	0
218	1	81.00076	-218.1313	0
218	2	511.3259	320.6251	0
218	3	469.3943	220.8536	2
218	4	441.7732	254.2748	2
218	5	409.1342	755.7641	0
218	6	710.5457	257.3737	0
218	7	171.5705	-307.7034	3
218	8	147.0016	-320.0891	3
218	9	617.634	1202.815	0
218	10	38.80331	-364.1677	0
218	11	510.2819	-91.82471	0
219	1	78.04156	-217.3976	0
219	2	512.6006	324.3851	0
219	3	468.2883	218.1697	2
219	4	442.2842	251.4105	2
219	5	408.5239	752.319	0
219	6	710.2294	260.3463	0
219	7	174.5137	-307.5717	3
219	8	150.4882	-319.7632	3
219	9	614.8522	1198.375	0
219	10	41.81329	-363.415	0
219	11	510.098	-88.47308	0
220	1	75.16486	-216.5682	0
220	2	513.4578	328.1512	0
220	3	466.9619	215.8651	2
220	4	441.2326	248.411	2
220	5	408.5452	748.4802	0
220	6	709.9921	263.4088	0
220	7	177.8089	-307.282	3
220	8	153.799	-319.325	3
220	9	611.8553	1193.616	0
220	10	44.92099	-362.2437	0
220	11	509.7051	-84.99994	0
221	1	72.17941	-215.996	0
221	2	514.1005	331.9583	0
221	3	465.4301	213.8304	2
221	4	439.6113	244.6285	2
221	5	408.8846	744.2748	0
221	6	709.8123	266.539	0
221	7	181.3787	-307.0376	3
221	8	157.0123	-319.0735	3
221	9	608.416	1188	0
221	10	47.96039	-361.2865	0
221	11	509.7726	-81.9519	0
222	1	69.00998	-215.4538	0
222	2	514.2452	335.524	0
222	3	463.8552	211.7355	2
222	4	437.1793	240.1118	2
222	5	409.4164	739.5156	0
222	6	709.5822	269.6927	0
222	7	184.5774	-306.8679	3
222	8	160.1277	-318.9218	3
222	9	604.267	1181.419	0
222	10	50.7251	-361.1591	0
222	11	509.8847	-78.96387	0
223	1	65.77847	-215.1183	0
223	2	514.4233	338.8611	0
223	3	463.2544	208.8285	2
223	4	434.3616	235.3672	2
223	5	409.8363	733.538	0
223	6	709.2532	272.9878	0
223	7	187.6172	-306.8141	3
223	8	162.9102	-318.7611	3
223	9	600.9547	1181.408	0
223	10	53.45615	-361.2157	0
223	11	510.2867	-76.01892	0
224	1	62.33624	-214.8248	0
224	2	514.6771	342.1827	0
224	3	464.3847	205.23	2
224	4	431.4355	230.0782	2
224	5	410.138	726.9105	0
224	6	708.8687	276.3694	0
224	7	190.5257	-306.791	3
224	8	165.6476	-318.5067	3
224	9	599.8533	1177.116	0
224	10	56.19485	-361.4011	0
224	11	511.5055	-73.16107	0
225	1	58.7084	-214.6591	0
225	2	514.9558	345.4755	0
225	3	466.4164	202.0098	2
225	4	428.1977	224.4402	2
225	5	410.4601	719.9116	0
225	6	708.4183	279.6038	0
225	7	193.1381	-306.7151	3
225	8	168.5684	-317.7322	3
225	9	598.0066	1172.732	0
225	10	58.94489	-362.1552	0
225	11	511.866	-70.3277	0
226	1	55.38226	-214.0263	0
226	2	515.2104	348.6415	0
226	3	469.206	199.1724	2
226	4	424.927	218.2872	2
226	5	408.5936	715.817	0
226	6	707.9507	282.8508	0
226	7	195.7636	-306.5803	3
226	8	171.632	-316.8652	3
226	9	595.0373	1167.038	0
226	10	61.67273	-362.9471	0
226	11	512.0974	-67.30188	0
227	1	52.35962	-212.6077	0
227	2	515.3506	352.0714	0
227	3	471.626	197.0447	2
227	4	422.0396	211.5444	2
227	5	410.3086	712.4354	0
227	6	707.3257	286.0812	0
227	7	198.7332	-306.0719	3
227	8	174.7675	-315.8733	3
227	9	591.1396	1161.749	0
227	10	64.35254	-362.842	0
227	11	512.4571	-64.14734	0
228	1	49.15826	-212.373	0
228	2	515.1163	355.6423	0
228	3	473.842	195.2592	2
228	4	419.2599	205.0894	2
228	5	411.4683	708.2858	0
228	6	706.6684	288.903	0
228	7	201.9565	-305.4757	3
228	8	177.7355	-315.0968	3
228	9	586.4747	1156.217	0
228	10	67.21555	-362.6453	0
228	11	512.8516	-60.94025	0
229	1	46.12781	-211.7932	0
229	2	515.4424	359.0263	0
229	3	475.8477	193.6072	2
229	4	418.3355	199.436	2
229	5	411.2296	703.1245	0
229	6	705.9993	291.8182	0
229	7	205.063	-304.9202	3
229	8	180.7912	-314.3669	3
229	9	581.0294	1150.571	0
229	10	70.21274	-362.3811	0
229	11	513.1828	-57.59784	0
230	1	43.21118	-210.9832	0
230	2	515.8475	362.4531	0
230	3	477.5763	192.0829	2
230	4	417.6547	194.3875	2
230	5	410.0535	697.2489	0
230	6	705.2917	294.7918	0
230	7	207.9594	-304.574	3
230	8	184.0128	-313.1853	3
230	9	578.084	1150.317	0
230	10	73.24014	-362.0386	0
230	11	513.5159	-54.14014	0
231	1	40.33261	-210.1404	0
231	2	516.6999	365.6512	0
231	3	479.1367	190.5888	2
231	4	418.9329	189.2418	2
231	5	409.838	690.8353	0
231	6	704.5818	297.7958	0
231	7	210.9068	-304.2268	3
231	8	187.2504	-312.0037	3
231	9	575.9119	1147.613	0
231	10	76.38522	-361.5657	0
231	11	513.629	-50.828	0
232	1	37.33286	-209.3313	0
232	2	518.3001	368.6372	0
232	3	480.1337	188.9826	2
232	4	420.4112	184.2811	2
232	5	409.6923	683.827	0
232	6	703.9072	300.7799	0
232	7	213.8956	-303.6021	3
232	8	190.2631	-311.7971	3
232	9	573.2042	1144.135	0
232	10	79.66174	-361.0793	0
232	11	513.7443	-47.63159	0
233	1	34.15967	-208.7472	0
233	2	518.5941	371.7263	0
233	3	480.8008	187.3202	2
233	4	422.1308	179.5322	2
233	5	408.9146	679.528	0
233	6	703.3036	303.7392	0
233	7	216.8716	-302.9425	3
233	8	193.2633	-311.8041	3
233	9	569.6498	1139.213	0
233	10	82.86102	-360.5487	0
233	11	513.6874	-44.52734	0
234	1	30.97006	-208.3733	0
234	2	519.0419	374.821	0
234	3	481.5145	185.6062	2
234	4	424.0652	174.9694	2
234	5	408.6524	676.5818	0
234	6	702.4797	306.9109	0
234	7	219.6484	-302.9109	3
234	8	196.2545	-312.0396	3
234	9	565.4609	1133.453	0
234	10	85.89441	-360.1033	0
234	11	513.4554	-41.71838	0
235	1	27.54059	-208.3251	0
235	2	519.5921	377.9204	0
235	3	482.1746	183.8243	2
235	4	425.9416	170.8127	2
235	5	408.4109	672.4164	0
235	6	701.3229	310.1472	0
235	7	222.4126	-302.9805	3
235	8	199.295	-313.0214	3
235	9	561.0948	1127.265	0
235	10	88.85431	-359.7913	0
235	11	513.3024	-38.90613	0
236	1	23.90439	-208.726	0
236	2	520.0995	381.0447	0
236	3	483.1113	182.0717	2
236	4	427.926	166.8672	2
236	5	408.5633	666.9572	0
236	6	700.8589	313.325	0
236	7	225.1531	-303.108	3
236	8	202.124	-313.0662	3
236	9	556.5967	1120.663	0
236	10	91.69565	-359.5802	0
236	11	513.1694	-35.87201	0
236	12	419.1443	1441.612	0
237	1	20.60825	-209.151	0
237	2	520.5535	384.3282	0
237	3	483.6752	180.2242	2
237	4	429.6375	163.6589	2
237	5	408.7657	660.8658	0
237	6	700.5142	316.5801	0
237	7	227.8351	-303.5479	3
237	8	205.0782	-312.7578	3
237	9	553.7729	1120.463	0
237	10	94.1987	-359.3748	0
237	11	513.116	-32.69824	0
237	12	419.1928	1440.833	0
238	1	17.60599	-209.1828	0
238	2	520.8616	387.6871	0
238	3	483.1474	178.2837	2
238	4	431.215	160.9008	2
238	5	409.2156	654.4037	0
238	6	700.4482	319.7929	0
238	7	230.7711	-304.3153	3
238	8	208.139	-312.377	3
238	9	551.9857	1117.05	0
238	10	96.70892	-359.1156	0
238	11	513.0779	-29.46387	0
238	12	419.2825	1439.761	0
239	1	14.7236	-208.9623	0
239	2	521.0988	390.9561	0
239	3	482.2176	176.3307	2
239	4	432.5674	158.1561	2
239	5	409.5237	647.3954	0
239	6	701.2912	322.9524	0
239	7	233.5627	-304.3787	3
239	8	211.2397	-311.9082	3
239	9	550.0645	1113.011	0
239	10	99.42633	-358.3582	0
239	11	513.0461	-26.41187	0
239	12	419.412	1438.427	0
