5	1	1527.965	504.561	0
5	2	811.6494	330.0883	0
5	3	-448.5067	424.9492	2
5	4	-475.7536	430.5989	2
6	1	1524.558	504.2218	0
6	2	809.8297	330.067	0
6	3	-443.6274	426.6659	2
6	4	-471.9973	430.3337	2
7	1	1520.363	503.0943	0
7	2	807.6167	329.948	0
7	3	-435.064	425.8306	2
7	4	-468.0565	430.0784	2
8	1	1515.737	501.8751	0
8	2	804.8632	329.8264	0
8	3	-424.996	424.6449	2
8	4	-463.9312	429.9041	2
9	1	1510.631	500.6756	0
9	2	801.7984	329.7368	0
9	3	-414.8625	423.5699	2
9	4	-459.6569	429.8718	2
10	1	1504.91	499.425	0
10	2	799.34	329.7753	0
10	3	-404.4869	422.5565	2
10	4	-455.1351	429.6869	2
11	1	1499.368	498.0171	0
11	2	796.8932	330.0682	0
11	3	-393.6497	421.5079	2
11	4	-450.2473	429.1834	2
12	1	1493.786	496.6203	0
12	2	794.3929	330.3726	0
12	3	-382.2252	420.7098	2
12	4	-444.8145	428.4671	2
13	1	1487.975	495.3046	0
13	2	791.8888	330.5829	0
13	3	-371.0396	419.8791	2
13	4	-438.7404	427.6199	2
14	1	1481.969	494.075	0
14	2	789.3826	330.7651	0
14	3	-360.2711	418.7515	2
14	4	-432.2823	426.5721	2
15	1	1475.905	492.9198	0
15	2	787.0631	331.2537	0
15	3	-350.4059	417.7529	2
15	4	-426.0222	425.9983	2
16	1	1469.704	491.7804	0
16	2	786.3166	330.2013	0
16	3	-340.5664	417.0704	2
16	4	-419.2139	425.6719	2
17	1	1463.329	490.6191	0
17	2	785.3176	330.657	0
17	3	-330.9108	416.2863	2
17	4	-412.0253	425.4656	2
18	1	1456.851	489.3183	0
18	2	784.2888	331.3284	0
18	3	-321.2249	415.2956	2
18	4	-404.4512	425.1001	2
19	1	1450.665	487.9517	0
19	2	783.1592	331.7552	0
19	3	-311.2528	414.8173	2
19	4	-397.1637	424.4594	2
20	1	1444.503	486.4076	0
20	2	781.6195	332.3357	0
20	3	-301.1654	413.6614	2
20	4	-390.0404	423.3322	2
21	1	1438.478	484.5598	0
21	2	780.3938	332.6621	0
21	3	-291.162	412.5495	2
21	4	-383.6473	422.3846	2
22	1	1432.923	482.5846	0
22	2	779.4708	333.2149	0
22	3	-281.7117	411.3827	2
22	4	-376.9365	422.1136	2
23	1	1427.608	480.7964	0
23	2	779.3124	332.1759	0
23	3	-272.4257	410.1993	2
23	4	-370.0475	422.004	2
24	1	1422.242	479.4885	0
24	2	778.91	332.6092	0
24	3	-263.0422	409.1855	2
24	4	-363.2233	421.5448	2
25	1	1416.674	478.3399	0
25	2	778.3952	332.9375	0
25	3	-253.3286	408.5286	2
25	4	-355.9973	421.4179	2
26	1	1411.072	477.3656	0
26	2	777.6428	333.55	0
26	3	-243.9106	407.8289	2
26	4	-348.6074	420.7003	2
27	1	1405.6	476.3226	0
27	2	776.7469	334.187	0
27	3	-235.0222	406.9746	2
27	4	-341.0315	419.4991	2
28	1	1400.156	475.0742	0
28	2	775.644	334.8527	0
28	3	-227.0357	406.3574	2
28	4	-333.1912	418.3659	2
29	1	1394.607	473.91	0
29	2	774.3643	335.4455	0
29	3	-219.1304	406.069	2
29	4	-326.2443	417.4553	2
30	1	1389.164	472.7809	0
30	2	773.8846	334.4158	0
30	3	-211.4843	405.707	2
30	4	-319.0541	416.8003	2
31	1	1383.586	471.1679	0
31	2	773.2434	335.0188	0
31	3	-203.8627	405.2435	2
31	4	-311.7119	416.3394	2
32	1	1377.958	469.3253	0
32	2	772.3138	335.1393	0
32	3	-196.1459	405.2359	2
32	4	-303.9949	415.969	2
33	1	1372.247	467.6326	0
33	2	771.2423	335.8067	0
33	3	-188.2128	404.6171	2
33	4	-296.6079	415.4553	2
34	1	1366.027	466.2338	0
34	2	770.1598	336.5791	0
34	3	-180.0962	404.0529	2
34	4	-289.3651	414.5314	2
35	1	1360.574	464.7401	0
35	2	768.9426	337.0477	0
35	3	-172.6304	403.4472	2
35	4	-282.9154	413.5637	2
36	1	1355.314	463.4419	0
36	2	767.3033	337.7918	0
36	3	-165.259	402.8222	2
36	4	-276.4398	413.1912	2
37	1	1349.924	462.3589	0
37	2	767.9138	336.7555	0
37	3	-157.7145	402.3899	2
37	4	-269.8624	413.0433	2
38	1	1344.536	461.418	0
38	2	766.2568	337.6043	0
38	3	-149.9703	402.3151	2
38	4	-263.5179	412.6468	2
39	1	1339.112	460.5188	0
39	2	765.1993	337.8731	0
39	3	-142.539	402.1714	2
39	4	-256.8327	412.4772	2
40	1	1333.516	459.5226	0
40	2	765.2422	338.2831	0
40	3	-135.5227	401.8063	2
40	4	-250.1064	412.058	2
41	1	1328.273	458.4164	0
41	2	764.5084	338.7433	0
41	3	-128.9954	401.6047	2
41	4	-243.2675	411.0319	2
42	1	1323.166	457.1619	0
42	2	763.5714	339.2951	0
42	3	-122.4148	401.6039	2
42	4	-236.2959	410.0785	2
43	1	1318.235	455.5978	0
43	2	762.6477	339.9037	0
43	3	-116.058	401.4504	2
43	4	-230.0063	409.26	2
44	1	1313.769	453.8698	0
44	2	762.1032	339.214	0
44	3	-109.6275	401.3228	2
44	4	-223.7126	408.7228	2
45	1	1309.537	452.3518	0
45	2	761.8766	340.0841	0
45	3	-103.0745	401.4887	2
45	4	-217.3232	408.3913	2
46	1	1305.261	451.3371	0
46	2	761.2858	340.904	0
46	3	-96.22852	401.0591	2
46	4	-208.3983	408.1053	2
47	1	1300.823	450.4864	0
47	2	760.2336	341.1443	0
47	3	-89.01147	400.6404	2
47	4	-198.7589	407.782	2
48	1	1296.364	449.7685	0
48	2	758.9278	341.3565	0
48	3	-82.56873	400.1824	2
48	4	-192.8737	405.3022	2
49	1	1292.062	448.9026	0
49	2	757.6747	342.0376	0
49	3	-76.06622	399.7192	2
49	4	-188.1486	405.9851	2
50	1	1287.65	447.932	0
50	2	756.4148	342.8538	0
50	3	-69.38574	399.4747	2
50	4	-183.1053	405.6855	2
51	1	1283.34	447.0832	0
51	2	756.3549	341.8069	0
51	3	-62.54547	399.5344	2
51	4	-176.5029	405.8622	2
52	1	1279.01	446.0624	0
52	2	755.235	342.5727	0
52	3	-55.97906	399.4859	2
52	4	-168.6674	406.1462	2
53	1	1274.541	444.6287	0
53	2	754.1171	343.2993	0
53	3	-49.79468	399.1997	2
53	4	-162.5615	403.7268	2
54	1	1270.034	443.1106	0
54	2	752.717	343.9548	0
54	3	-44.0177	399.0844	2
54	4	-159.614	404.7952	2
55	1	1265.276	441.8613	0
55	2	751.7016	344.2664	0
55	3	-38.13184	399.1913	2
55	4	-154.9474	405.3452	2
56	1	1260.226	440.6958	0
56	2	750.9022	344.8243	0
56	3	-32.39716	399.1672	2
56	4	-148.3472	405.5428	2
57	1	1256.134	439.5198	0
57	2	750.1554	345.5122	0
57	3	-26.56573	399.1213	2
57	4	-140.3734	405.1002	2
58	1	1251.879	438.5784	0
58	2	749.6442	344.509	0
58	3	-20.59985	399.377	2
58	4	-131.3461	404.8802	2
59	1	1247.516	437.8001	0
59	2	749.3322	344.9597	0
59	3	-14.3255	399.0027	2
59	4	-125.7972	402.2525	2
60	1	1243.182	437.104	0
60	2	748.9639	345.6166	0
60	3	-7.736328	398.6337	2
60	4	-121.964	402.47	2
61	1	1238.781	436.4104	0
61	2	748.1685	346.4111	0
61	3	-1.746704	398.2417	2
61	4	-117.1819	402.611	2
62	1	1234.378	435.5756	0
62	2	747.1095	347.1792	0
62	3	4.223175	397.8884	2
62	4	-110.7234	402.7889	2
63	1	1230.26	434.6531	0
63	2	745.8376	347.8531	0
63	3	10.36386	397.7164	2
63	4	-103.125	402.8757	2
64	1	1226.231	433.511	0
64	2	744.261	348.4176	0
64	3	16.7244	397.8413	2
64	4	-94.74335	402.9788	2
65	1	1222.427	432.0804	0
65	2	743.8853	347.4222	0
65	3	22.85693	397.88	2
65	4	-89.54382	400.7339	2
66	1	1219.138	430.7402	0
66	2	742.9873	347.8282	0
66	3	28.75269	397.6426	2
66	4	-85.55609	401.6424	2
67	1	1215.71	429.7079	0
67	2	741.9276	348.3911	0
67	3	34.17477	397.5109	2
67	4	-81.01099	401.5051	2
68	1	1212.2	428.9814	0
68	2	740.7925	349.3479	0
68	3	39.70242	397.6776	2
68	4	-75.40747	401.5781	2
69	1	1208.646	428.4211	0
69	2	739.521	349.9932	0
69	3	45.16589	397.7741	2
69	4	-68.58667	402.0425	2
70	1	1205.127	427.8438	0
70	2	737.7947	350.8102	0
70	3	50.68448	397.693	2
70	4	-61.0968	402.1383	2
71	1	1201.682	427.0684	0
71	2	736.1716	351.5541	0
71	3	56.30627	398.0741	2
71	4	-55.0769	399.6437	2
72	1	1198.145	426.3511	0
72	2	736.7424	350.4501	0
72	3	62.23233	397.7838	2
72	4	-52.67975	400.9016	2
73	1	1194.751	425.7024	0
73	2	735.024	351.1733	0
73	3	68.36874	397.4725	2
73	4	-48.72278	401.8889	2
74	1	1191.171	424.6381	0
74	2	734.5767	351.6268	0
74	3	74.22321	397.0999	2
74	4	-42.60742	401.5408	2
75	1	1187.538	423.3621	0
75	2	734.1937	352.126	0
75	3	79.88162	396.7968	2
75	4	-35.3952	401.3191	2
76	1	1183.802	422.1907	0
76	2	733.1557	352.8193	0
76	3	85.71802	396.6146	2
76	4	-27.48444	401.2754	2
77	1	1179.576	421.2504	0
77	2	732.1749	353.583	0
77	3	91.80737	396.7503	2
77	4	-22.38684	398.9776	2
79	1	1172.551	419.3878	0
79	2	729.5813	355.5119	0
79	3	103.5098	396.684	2
79	4	-14.62836	399.5705	2
79	5	-669.406	427.2365	0
80	1	1169.009	418.7146	0
80	2	729.03	354.3575	0
80	3	108.7993	396.4851	2
80	4	-8.677063	399.8734	2
80	5	-663.3568	426.9255	0
81	1	1165.461	418.1533	0
81	2	728.5812	355.3338	0
81	3	114.1217	396.6595	2
81	4	-1.686646	400.0907	2
81	5	-654.9878	426.6816	0
82	1	1161.893	417.6272	0
82	2	727.7031	355.6385	0
82	3	119.4366	396.8409	2
82	4	5.851624	400.2218	2
82	5	-644.0883	426.2916	0
83	1	1158.205	417.0189	0
83	2	726.6358	356.0282	0
83	3	124.7352	396.7521	2
83	4	10.48932	398.0567	2
83	5	-631.3625	425.7072	0
84	1	1154.796	416.3177	0
84	2	725.5999	357.0047	0
84	3	130.1837	397.2047	2
84	4	14.07968	398.6805	2
84	5	-617.8466	424.9812	0
85	1	1151.458	415.4799	0
85	2	724.5242	357.9539	0
85	3	135.9016	397.0174	2
85	4	17.92871	398.6854	2
85	5	-610.0369	421.9265	0
86	1	1148.267	414.3817	0
86	2	723.3054	358.6609	0
86	3	141.7614	396.7084	2
86	4	23.25479	399.3002	2
86	5	-603.3688	422.4711	0
87	1	1145.438	413.1686	0
87	2	721.7704	359.7183	0
87	3	147.5782	396.338	2
87	4	29.51926	399.8008	2
87	5	-596.4465	421.8473	0
91	1	1134.094	410.572	0
91	2	720.7065	360.5782	0
91	3	170.3044	396.1037	2
91	4	48.36108	399.6183	2
91	5	-552.1433	419.9532	0
91	6	1324.459	512.1689	0
91	7	867.0811	329.4511	3
91	8	864.8217	321.417	3
92	1	1131.278	410.0088	0
92	2	720.2545	361.0688	0
92	3	176.0105	396.0125	2
92	4	54.25491	399.2288	2
92	5	-542.297	416.3828	0
92	6	1321.951	512.0616	0
92	7	868.2781	329.6501	3
92	8	864.4403	321.2959	3
93	1	1128.366	409.395	0
93	2	719.8715	361.9254	0
93	3	181.2709	395.7865	2
93	4	61.26309	399.1641	2
93	5	-538.412	417.8873	0
93	6	1317.947	513.0292	0
93	7	869.1693	329.9124	3
93	8	864.3328	321.142	3
94	1	1125.588	408.889	0
94	2	719.5326	362.8808	0
94	3	186.4655	395.9132	2
94	4	68.16263	399.236	2
94	5	-531.9413	417.7059	0
94	6	1314.228	512.7808	0
94	7	870.0814	330.2566	3
94	8	864.2142	321.1202	3
95	1	1122.738	408.1843	0
95	2	719.0579	363.9714	0
95	3	191.7082	396.1334	2
95	4	73.29562	397.1741	2
95	5	-522.1613	416.6025	0
95	6	1310.094	512.313	0
95	7	870.8602	330.5897	3
95	8	865.5652	321.277	3
96	1	1119.76	407.1581	0
96	2	718.4181	364.9747	0
96	3	196.839	396.083	2
96	4	76.30539	397.5406	2
96	5	-511.2087	415.7139	0
96	6	1305.935	511.7812	0
96	7	871.588	330.8243	3
96	8	865.7408	321.3167	3
97	1	1116.732	406.0857	0
97	2	717.5182	365.7989	0
97	3	202.2219	396.4511	2
97	4	80.53708	398.0856	2
97	5	-499.9611	414.9388	0
97	6	1301.51	511.2668	0
97	7	872.1588	330.9786	3
97	8	866.0067	321.381	3
98	1	1113.4	405.2329	0
98	2	716.7471	366.7457	0
98	3	207.7784	396.467	2
98	4	86.32568	398.4063	2
98	5	-487.5392	413.879	0
98	6	1296.915	511.036	0
98	7	872.689	331.0837	3
98	8	866.4841	321.7028	3
99	1	1109.94	404.4042	0
99	2	716.4639	367.8477	0
99	3	213.4865	396.1305	2
99	4	92.76205	398.6147	2
99	5	-479.1649	411.2697	0
99	6	1292.112	510.9346	0
99	7	873.1641	331.154	3
99	8	866.9504	321.9459	3
100	1	1107.167	403.6074	0
100	2	716.6508	368.7106	0
100	3	219.2548	395.7815	2
100	4	99.85492	398.7062	2
100	5	-474.0457	411.8135	0
100	6	1287.199	510.9957	0
100	7	873.5836	331.1938	3
100	8	867.5267	322.2631	3
101	1	1104.268	402.9957	0
101	2	717.412	369.6851	0
101	3	224.5285	395.5163	2
101	4	104.2397	396.6405	2
101	5	-466.9644	412.0854	0
101	6	1282.095	511.1514	0
101	7	873.955	331.2198	3
101	8	868.1422	322.5692	3
102	1	1101.285	402.5112	0
102	2	720.2808	368.5753	0
102	3	229.9516	395.2977	2
102	4	107.3735	396.9991	2
102	5	-458.2183	411.3928	0
102	6	1277.052	511.2085	0
102	7	874.2786	331.2561	3
102	8	868.7446	322.8594	3
103	1	1098.315	402.0865	0
103	2	720.2902	369.8714	0
103	3	235.5434	395.3635	2
103	4	111.1454	397.4783	2
103	5	-448.5801	410.4541	0
103	6	1271.935	511.0414	0
103	7	874.6061	331.3091	3
103	8	869.3887	323.0782	3
104	1	1095.293	401.6563	0
104	2	721.4902	370.6463	0
104	3	241.2682	395.5716	2
104	4	116.396	398.1943	2
104	5	-438.3514	409.945	0
104	6	1266.268	510.9539	0
104	7	874.9393	331.3991	3
104	8	869.9888	323.1296	3
105	1	1092.324	401.112	0
105	2	723.3232	371.0011	0
105	3	246.8702	395.5866	2
105	4	122.3323	398.4211	2
105	5	-427.0165	409.5667	0
105	6	1259.989	510.8871	0
105	7	875.2571	331.5346	3
105	8	870.4374	323.0434	3
106	1	1089.526	400.4833	0
106	2	726.1992	371.4229	0
106	3	252.1662	395.3851	2
106	4	129.2128	398.8381	2
106	5	-419.5513	406.3583	0
106	6	1254.198	510.5309	0
106	7	875.5952	331.6779	3
106	8	870.9114	323.0772	3
107	1	1086.805	399.6595	0
107	2	728.0582	371.9611	0
107	3	257.2537	395.4262	2
107	4	134.9223	396.3151	2
107	5	-415.4636	407.1428	0
107	6	1248.625	509.7987	0
107	7	875.939	331.8409	3
107	8	871.381	323.3874	3
108	1	1084.28	398.6069	0
108	2	729.5911	372.7881	0
108	3	262.411	395.6678	2
108	4	136.9971	397.9422	2
108	5	-409.9634	407.503	0
108	6	1243.159	508.976	0
108	7	876.2933	332.0252	3
108	8	871.8866	323.8283	3
109	1	1082.087	397.6392	0
109	2	730.9512	373.8072	0
109	3	267.4561	395.7338	2
109	4	140.9794	398.0535	2
109	5	-401.8296	407.4427	0
109	6	1238.492	508.6381	0
109	7	876.6603	332.2191	3
109	8	872.4078	324.2089	3
110	1	1079.787	396.961	0
110	2	731.991	375.0122	0
110	3	272.7077	395.9215	2
110	4	146.8113	397.8665	2
110	5	-392.2994	406.593	0
110	6	1235.096	508.9274	0
110	7	877.042	332.4045	3
110	8	872.9657	324.4798	3
111	1	1077.4	396.4952	0
111	2	732.5344	376.0831	0
111	3	278.1031	396.2263	2
111	4	153.0414	397.9246	2
111	5	-381.6402	405.6747	0
111	6	1230.102	508.3983	0
111	7	877.4412	332.5627	3
111	8	873.3732	324.8647	3
112	1	1074.98	396.1665	0
112	2	732.7396	376.8209	0
112	3	283.6878	395.9353	2
112	4	159.8877	397.9472	2
112	5	-370.3714	404.8973	0
112	6	1224.979	508.2172	0
112	7	877.8595	332.7468	3
112	8	873.8833	325.1086	3
113	1	1072.593	395.8004	0
113	2	732.657	377.3655	0
113	3	289.3112	395.6518	2
113	4	165.0043	396.1361	2
113	5	-363.6536	401.9482	0
113	6	1219.953	508.3786	0
113	7	878.2599	332.9565	3
113	8	874.6163	325.0911	3
114	1	1070.23	395.2749	0
114	2	732.6262	378.3233	0
114	3	294.5565	395.3677	2
114	4	167.8589	396.7067	2
114	5	-359.1465	401.89	0
114	6	1214.955	508.7295	0
114	7	878.5745	333.3094	3
114	8	875.4067	325.0435	3
115	1	1067.849	394.8189	0
115	2	733.6599	379.156	0
115	3	299.8512	395.1486	2
115	4	172.1134	397.3616	2
115	5	-353.4476	401.8986	0
115	6	1209.656	509.1292	0
115	7	879.0035	333.6144	3
115	8	876.4622	325.1035	3
116	1	1065.569	394.3919	0
116	2	735.0626	379.8702	0
116	3	305.2523	395.1147	2
116	4	177.5902	397.6013	2
116	5	-345.6313	401.762	0
116	6	1204.056	509.4494	0
116	7	879.6078	333.7825	3
116	8	877.7181	325.1818	3
117	1	1063.09	393.6008	0
117	2	736.5076	380.9288	0
117	3	310.8958	395.3277	2
117	4	183.8328	397.6799	2
117	5	-336.4418	401.4118	0
117	6	1198.252	509.4469	0
117	7	880.3772	333.8707	3
117	8	878.3711	325.2531	3
118	1	1060.567	392.6569	0
118	2	738.2354	381.6593	0
118	3	316.4222	395.4256	2
118	4	190.4717	397.8484	2
118	5	-326.9621	400.9752	0
118	6	1192.572	509.2037	0
118	7	881.6675	334.0228	3
118	8	879.0891	325.4412	3
119	1	1057.915	391.8227	0
119	2	740.2416	381.7909	0
119	3	321.8849	395.2364	2
119	4	194.9335	395.8289	2
119	5	-317.2628	400.4188	0
119	6	1186.602	508.4153	0
119	7	882.7656	334.1303	3
119	8	879.8577	325.7103	3
120	1	1054.794	391.1513	0
120	2	742.8017	381.9481	0
120	3	326.9113	395.1409	2
120	4	197.7852	396.2612	2
120	5	-311.8768	397.9548	0
120	6	1180.561	507.1282	0
120	7	883.568	334.3331	3
120	8	880.6228	326.0226	3
121	1	1052.335	390.4115	0
121	2	744.6243	382.1157	0
121	3	331.9733	395.39	2
121	4	201.5373	397.0068	2
121	5	-308.0215	398.0844	0
121	6	1175.013	506.0307	0
121	7	884.39	334.6205	3
121	8	881.3759	326.3675	3
122	1	1049.921	389.831	0
122	2	745.7766	382.548	0
122	3	337.0173	395.6043	2
122	4	206.6158	397.5583	2
122	5	-303.9517	398.3972	0
122	6	1169.439	505.6829	0
122	7	885.1683	334.9258	3
122	8	882.1674	326.7062	3
123	1	1047.408	389.3911	0
123	2	746.7342	383.0927	0
123	3	342.1552	395.5983	2
123	4	212.6277	397.7792	2
123	5	-298.0079	398.916	0
123	6	1163.824	505.6855	0
123	7	885.9058	335.2369	3
123	8	882.8669	326.9893	3
124	1	1044.896	389.0361	0
124	2	747.4399	383.6624	0
124	3	347.4883	396.0662	2
124	4	219.4931	398.2416	2
124	5	-291.4574	398.8969	0
124	6	1158.187	505.9464	0
124	7	886.6564	335.5189	3
124	8	883.5577	327.2075	3
125	1	1042.371	388.7091	0
125	2	747.8668	384.2226	0
125	3	352.9749	395.8329	2
125	4	224.8591	395.6262	2
125	5	-283.9955	399.0327	0
125	6	1152.751	506.0164	0
125	7	887.3087	335.7576	3
125	8	884.2243	327.3264	3
126	1	1039.762	388.3036	0
126	2	748.0347	384.7748	0
126	3	358.434	395.5404	2
126	4	227.2036	396.9422	2
126	5	-275.7597	398.8904	0
126	6	1147.161	505.8522	0
126	7	887.9524	335.9571	3
126	8	884.8149	327.3172	3
127	1	1037.382	387.8203	0
127	2	748.0121	385.2853	0
127	3	363.6954	395.1935	2
127	4	231.2443	397.0045	2
127	5	-269.2769	396.0198	0
127	6	1140.956	505.7718	0
127	7	888.5777	336.1092	3
127	8	885.2799	327.2661	3
128	1	1035.041	387.2082	0
128	2	747.7204	385.7366	0
128	3	368.8472	394.9726	2
128	4	236.7419	396.9215	2
128	5	-267.1231	396.9832	0
128	6	1134.551	505.5439	0
128	7	889.1616	336.1973	3
128	8	885.7965	327.3006	3
129	1	1032.83	386.3708	0
129	2	747.2462	386.1346	0
129	3	374.0867	394.8511	2
129	4	242.6672	397.1352	2
129	5	-262.7807	396.9092	0
129	6	1128.935	504.8019	0
129	7	889.7323	336.2911	3
129	8	886.2722	327.5393	3
130	1	1030.916	385.4665	0
130	2	746.6375	386.4778	0
130	3	379.5611	395.0284	2
130	4	249.4311	397.1492	2
130	5	-256.9681	396.6196	0
130	6	1123.374	503.8693	0
130	7	890.3018	336.3771	3
130	8	886.8027	327.837	3
131	1	1028.989	384.7095	0
131	2	745.8511	386.7452	0
131	3	385.0166	395.2158	2
131	4	254.4361	395.5255	2
131	5	-250.8631	396.6591	0
131	6	1118.581	503.4699	0
131	7	890.8732	336.6428	3
131	8	887.3399	328.2016	3
132	1	1027.043	384.2916	0
132	2	744.891	386.9106	0
132	3	390.4772	395.1181	2
132	4	257.2719	396.3347	2
132	5	-243.8919	396.6113	0
132	6	1115.018	503.7948	0
132	7	891.4882	336.9418	3
132	8	887.8864	328.5268	3
133	1	1025.013	383.9831	0
133	2	743.7966	386.9961	0
133	3	395.5715	394.891	2
133	4	261.4618	396.9687	2
133	5	-236.1388	396.6928	0
133	6	1109.907	503.1803	0
133	7	892.0967	337.2844	3
133	8	888.4507	328.7515	3
134	1	1022.967	383.7292	0
134	2	742.6898	387.0756	0
134	3	400.5631	395.0483	2
134	4	266.7798	397.032	2
134	5	-228.2282	396.817	0
134	6	1104.835	503.0597	0
134	7	892.7021	337.5806	3
134	8	889.0092	329.0425	3
135	1	1020.988	383.3293	0
135	2	741.547	387.2337	0
135	3	405.5816	395.3178	2
135	4	272.7771	397.0185	2
135	5	-223.7818	394.5714	0
135	6	1099.837	503.2983	0
135	7	893.3103	337.7934	3
135	8	889.4271	329.4036	3
136	1	1018.935	382.9194	0
136	2	740.359	387.549	0
136	3	410.5501	395.3155	2
136	4	279.1975	397.4144	2
136	5	-220.3085	395.3802	0
136	6	1094.831	503.6899	0
136	7	893.9149	338.0479	3
136	8	889.9792	329.6241	3
137	1	1017.025	382.6031	0
137	2	739.1415	387.9024	0
137	3	415.8208	395.7314	2
137	4	283.7457	395.3509	2
137	5	-217.0753	395.3479	0
137	6	1089.495	504.1091	0
137	7	894.426	338.3386	3
137	8	890.6683	329.6791	3
138	1	1015	382.066	0
138	2	737.9064	388.3242	0
138	3	421.1857	395.7586	2
138	4	286.4567	395.9937	2
138	5	-212.941	395.516	0
138	6	1083.887	504.3403	0
138	7	894.8983	338.6949	3
138	8	891.4067	329.6838	3
139	1	1012.875	381.279	0
139	2	736.6202	388.7766	0
139	3	426.6101	395.4281	2
139	4	290.0952	396.891	2
139	5	-207.7417	396.132	0
139	6	1078.287	504.2619	0
139	7	895.5916	338.8754	3
139	8	892.26	329.7429	3
140	1	1010.693	380.476	0
140	2	735.3467	389.1801	0
140	3	431.8106	395.0831	2
140	4	295.122	397.1696	2
140	5	-202.0751	396.5008	0
140	6	1072.664	503.8334	0
140	7	896.3992	338.9142	3
140	8	893.4741	329.8658	3
141	1	1008.176	379.8559	0
141	2	734.0631	389.4802	0
141	3	436.8391	394.8315	2
141	4	301.137	397.7537	2
141	5	-195.8737	396.675	0
141	6	1066.743	502.7712	0
141	7	897.2448	339.0034	3
141	8	894.4489	329.9477	3
142	1	1005.678	379.2278	0
142	2	732.6637	389.8442	0
142	3	441.9171	394.6479	2
142	4	308.0057	397.8401	2
142	5	-189.9797	394.3203	0
142	6	1061.288	501.5066	0
142	7	898.3005	339.1512	3
142	8	895.1743	330.0888	3
143	1	1003.667	378.6572	0
143	2	731.126	390.2429	0
143	3	447.1207	394.723	2
143	4	312.9584	395.3768	2
143	5	-188.8259	395.9671	0
143	6	1055.91	500.6947	0
143	7	899.2587	339.2814	3
143	8	895.9565	330.3161	3
144	1	1001.553	378.2374	0
144	2	729.4376	390.671	0
144	3	452.5296	394.9263	2
144	4	315.5935	396.3595	2
144	5	-186.0564	396.4592	0
144	6	1050.557	500.5683	0
144	7	899.9429	339.4301	3
144	8	896.7816	330.6126	3
145	1	999.3788	377.9202	0
145	2	727.9952	390.8972	0
145	3	457.8621	394.9245	2
145	4	319.7099	396.3201	2
145	5	-180.8718	396.0721	0
145	6	1045.219	500.7472	0
145	7	900.7342	339.6889	3
145	8	897.5951	330.9414	3
146	1	997.2111	377.6482	0
146	2	726.5154	391.0147	0
146	3	463.0797	394.6548	2
146	4	324.7067	396.5261	2
146	5	-174.4501	395.9483	0
146	6	1039.886	500.9849	0
146	7	901.6168	340.0302	3
146	8	898.3983	331.3011	3
147	1	994.9971	377.3627	0
147	2	725.0515	391.0932	0
147	3	467.986	394.6032	2
147	4	330.6257	396.7464	2
147	5	-168.66	396.0739	0
147	6	1034.722	500.8495	0
147	7	902.4611	340.3556	3
147	8	899.251	331.6479	3
148	1	992.8722	376.9834	0
148	2	723.7088	391.2452	0
148	3	472.9026	394.8288	2
148	4	337.3484	396.9102	2
148	5	-161.9934	396.0472	0
148	6	1029.057	500.7679	0
148	7	903.27	340.6902	3
148	8	900.0011	331.9437	3
149	1	990.8469	376.5226	0
149	2	722.786	391.5503	0
149	3	477.7558	394.9572	2
149	4	342.21	395.27	2
149	5	-157.2701	394.3835	0
149	6	1022.888	500.7073	0
149	7	904.0885	341.007	3
149	8	900.7501	332.1794	3
150	1	988.897	375.885	0
150	2	721.8954	391.8451	0
150	3	482.7898	395.0174	2
150	4	345.1281	396.2222	2
150	5	-154.328	395.1058	0
150	6	1017.35	500.2146	0
150	7	904.8321	341.2802	3
150	8	901.4801	332.3248	3
151	1	987.123	375.0662	0
151	2	720.5029	392.0373	0
151	3	488.0075	395.3691	2
151	4	349.1602	396.7762	2
151	5	-150.2996	395.8839	0
151	6	1011.872	499.3135	0
151	7	905.5477	341.5139	3
151	8	902.1422	332.3478	3
152	1	985.5598	374.3281	0
152	2	719.1381	392.3654	0
152	3	493.2639	395.0282	2
152	4	354.4673	396.6257	2
152	5	-145.5814	395.9897	0
152	6	1006.661	498.5524	0
152	7	906.3298	341.7916	3
152	8	902.6808	332.3153	3
153	1	983.9209	373.8653	0
153	2	717.8154	392.798	0
153	3	498.2545	394.6689	2
153	4	360.1924	396.7025	2
153	5	-140.3296	395.8641	0
153	6	1002.585	498.6259	0
153	7	907.1	341.9437	3
153	8	903.2525	332.3444	3
155	1	980.4475	373.3548	0
155	2	715.1309	393.8599	0
155	3	507.8128	394.0477	2
155	4	371.1891	395.1237	2
155	5	-128.6058	396.5281	0
155	6	993.2919	498.0948	0
155	7	908.3571	342.0264	3
155	8	904.3781	332.8878	3
155	9	-949.7028	488.6458	0
156	1	978.7286	373.1033	0
156	2	713.6673	394.4492	0
156	3	512.579	393.9721	2
156	4	373.8529	396.0408	2
156	5	-123.9831	394.278	0
156	6	988.4172	498.1827	0
156	7	908.9522	342.2636	3
156	8	904.9762	333.2725	3
156	9	-947.3168	488.4099	0
157	1	977.0082	372.7283	0
157	2	712.133	395.0023	0
157	3	517.5506	394.1453	2
157	4	377.3757	396.7661	2
157	5	-121.9556	395.2313	0
157	6	983.5749	498.5259	0
157	7	909.5848	342.5453	3
157	8	905.5873	333.6429	3
157	9	-944.0067	488.0847	0
158	1	975.3168	372.4269	0
158	2	710.48	395.4621	0
158	3	522.517	394.2778	2
158	4	382.5521	397.1944	2
158	5	-119.1948	396.0428	0
158	6	978.5427	498.9389	0
158	7	910.212	342.8744	3
158	8	906.2158	333.8963	3
158	9	-939.8854	487.6801	0
159	1	973.6866	372.1181	0
159	2	708.8259	395.8361	0
159	3	527.5027	394.0796	2
159	4	388.6195	397.5118	2
159	5	-114.7421	396.5472	0
159	6	973.2081	499.297	0
159	7	910.8537	343.2914	3
159	8	906.8663	334.1949	3
159	9	-936.0845	488.7556	0
160	1	971.868	371.494	0
160	2	707.0362	396.0416	0
160	3	532.1111	393.7167	2
160	4	395.47	397.4816	2
160	5	-109.4272	396.7796	0
160	6	967.7411	499.3331	0
160	7	911.537	343.6378	3
160	8	907.3883	334.5595	3
160	9	-931.0387	488.7102	0
161	1	970.0107	370.7588	0
161	2	705.0751	396.0362	0
161	3	536.5313	393.8059	2
161	4	400.017	395.1971	2
161	5	-103.1264	396.6344	0
161	6	962.405	499.1237	0
161	7	912.2797	343.9302	3
161	8	907.9126	334.889	3
161	9	-925.5463	488.5548	0
162	1	968.002	370.1364	0
162	2	703.2251	395.9795	0
162	3	540.8903	394.0897	2
162	4	402.8911	395.85	2
162	5	-95.7146	396.6818	0
162	6	956.8631	498.3813	0
162	7	912.9071	344.2656	3
162	8	908.6735	334.9937	3
162	9	-919.5525	488.0367	0
163	1	965.5652	369.6292	0
163	2	701.3699	396.1173	0
163	3	545.1115	394.1502	2
163	4	406.6718	395.8502	2
163	5	-91.70966	394.49	0
163	6	951.3183	497.128	0
163	7	913.5267	344.5656	3
163	8	909.473	335.0214	3
163	9	-913.119	487.3078	0
164	1	963.8132	369.0609	0
164	2	699.5093	396.5463	0
164	3	549.5901	394.4611	2
164	4	411.6981	396.1993	2
164	5	-88.75171	394.761	0
164	6	946.2637	496.0557	0
164	7	914.2993	344.706	3
164	8	910.3489	335.0719	3
164	9	-906.29	486.4058	0
165	1	962.0134	368.6448	0
165	2	697.6463	397.1002	0
165	3	554.0634	394.577	2
165	4	417.5629	396.4216	2
165	5	-85.19507	395.0521	0
165	6	941.2108	495.7305	0
165	7	915.0719	344.8005	3
165	8	911.5472	335.2036	3
165	9	-899.0492	485.455	0
166	1	960.1312	368.3452	0
166	2	695.746	397.7358	0
166	3	558.455	394.0599	2
166	4	424.3233	396.7308	2
166	5	-80.28088	395.4903	0
166	6	936.1007	495.7551	0
166	7	915.8788	344.9678	3
166	8	912.8442	335.3252	3
166	9	-890.9929	484.4043	0
167	1	958.2522	368.1113	0
167	2	693.8767	398.2249	0
167	3	561.9054	393.3813	2
167	4	428.9404	394.9871	2
167	5	-74.4624	395.8629	0
167	6	930.9767	496.0271	0
167	7	917.0644	345.1845	3
167	8	913.629	335.4454	3
167	9	-882.3018	483.1739	0
168	1	956.3661	367.8998	0
168	2	691.8812	398.6736	0
168	3	564.5172	392.8329	2
168	4	431.8621	396.0154	2
168	5	-68.2478	396.1646	0
168	6	926.0258	496.0903	0
168	7	918.3359	345.3361	3
168	8	914.4827	335.6721	3
168	9	-874.9359	482.22	0
169	1	954.4271	367.6127	0
169	2	689.6139	399.22	0
169	3	567.0546	392.9623	2
169	4	435.8925	396.3632	2
169	5	-61.62622	396.2916	0
169	6	920.8906	495.9517	0
169	7	919.1458	345.4968	3
169	8	915.3907	335.9774	3
169	9	-867.1375	481.421	0
170	1	952.6707	367.2588	0
170	2	687.231	399.7066	0
170	3	569.1572	393.3063	2
170	4	440.9443	396.1633	2
170	5	-57.75983	394.2263	0
170	6	915.3147	495.8976	0
170	7	919.9896	345.7379	3
170	8	916.3018	336.3295	3
170	9	-859.0475	480.7489	0
172	1	949.3328	366.1083	0
172	2	683.0466	399.8341	0
172	3	572.2363	394.11	2
172	4	452.9383	397.0508	2
172	5	-51.90552	394.9375	0
172	6	904.4204	494.9291	0
172	7	921.7122	346.3538	3
172	8	918.1328	337.133	3
172	9	-842.408	479.7102	0
172	10	912.9466	325.9247	0
173	1	947.9681	365.4026	0
173	2	681.2463	400.0056	0
173	3	573.3775	394.4944	2
173	4	457.5474	394.8455	2
173	5	-47.39868	395.659	0
173	6	899.2119	494.0411	0
173	7	922.6458	346.7897	3
173	8	919.0383	337.5047	3
173	9	-833.7413	479.2542	0
173	10	913.1691	325.969	0
174	1	946.5503	364.839	0
174	2	680.0897	400.429	0
174	3	574.3187	394.8569	2
174	4	460.1234	395.9172	2
174	5	-42.25433	396.1465	0
174	6	894.6001	493.7217	0
174	7	923.6666	347.2872	3
174	8	919.879	337.8152	3
174	9	-824.9489	478.6516	0
174	10	913.4592	326.0288	0
175	1	945.1116	364.5495	0
175	2	678.1809	400.5778	0
175	3	575.1078	395.1649	2
175	4	463.7169	396.6226	2
175	5	-36.46735	396.3694	0
175	6	890.6121	493.941	0
175	7	924.5985	347.6365	3
175	8	920.7225	338.024	3
175	9	-816.6719	477.9875	0
175	10	913.8092	326.1042	0
176	1	943.6149	364.3585	0
176	2	676.1952	400.935	0
176	3	575.4279	394.8756	2
176	4	468.9048	397.1329	2
176	5	-30.04272	396.8566	0
176	6	885.8319	493.3918	0
176	7	925.4713	347.9168	3
176	8	921.4901	338.0728	3
176	9	-808.4513	477.0764	0
176	10	914.2146	326.1948	0
177	1	942.1057	364.1958	0
177	2	674.2524	401.4812	0
177	3	575.9009	395.136	2
177	4	474.892	396.9882	2
177	5	-24.42688	394.1581	0
177	6	881.0632	493.3135	0
177	7	926.3176	348.1179	3
177	8	922.0981	338.0286	3
177	9	-800.5093	475.8424	0
177	10	914.8121	326.6706	0
179	1	939.1278	363.6118	0
179	2	670.1931	402.8184	0
179	3	576.5325	395.5838	2
179	4	485.6619	394.8222	2
179	5	-19.43109	395.5613	0
179	6	871.5503	493.956	0
179	7	927.8229	348.3301	3
179	8	923.3395	338.3852	3
179	9	-786.5809	473.499	0
179	10	915.9296	327.1097	0
179	11	1088.421	414.4654	0
180	1	937.7518	363.407	0
180	2	667.9412	403.4656	0
180	3	576.7116	395.7737	2
180	4	488.5267	395.1813	2
180	5	-13.92847	395.3365	0
180	6	866.5116	494.3628	0
180	7	928.5971	348.4927	3
180	8	924.0047	338.7922	3
180	9	-779.5017	473.0657	0
180	10	916.4744	327.3262	0
180	11	1087.738	414.4884	0
181	1	936.2317	362.9695	0
181	2	665.5661	403.943	0
181	3	576.8066	395.9456	2
181	4	492.0501	395.3221	2
181	5	-8.679871	395.5194	0
181	6	861.2347	494.5577	0
181	7	929.3639	348.904	3
181	8	924.6815	339.2795	3
181	9	-772.0739	472.7861	0
181	10	917.0542	327.5303	0
181	11	1086.749	414.5154	0
182	1	934.6385	362.3362	0
182	2	663.1802	404.2555	0
182	3	576.8199	396.0995	2
182	4	496.8698	395.6758	2
182	5	-2.568726	395.6227	0
182	6	856.0684	494.4735	0
182	7	930.1674	349.3525	3
182	8	925.3712	339.6655	3
182	9	-764.5297	472.6505	0
182	10	917.6566	327.7068	0
182	11	1085.496	414.5445	0
183	1	932.9796	361.7105	0
183	2	660.6033	404.2704	0
183	3	576.7515	396.2358	2
183	4	502.5128	395.9507	2
183	5	4.285797	395.8247	0
183	6	850.8383	494.0174	0
183	7	930.9714	349.7806	3
183	8	926.0989	340.0028	3
183	9	-757.2687	472.2706	0
183	10	918.256	327.8265	0
183	11	1083.792	415.2774	0
184	1	930.9758	361.2381	0
184	2	658.0021	404.0483	0
184	3	576.5923	396.3558	2
184	4	508.9763	396.2466	2
184	5	8.745056	394.0612	0
184	6	845.4141	492.9514	0
184	7	931.7778	350.0773	3
184	8	926.6963	340.4463	3
184	9	-749.7114	471.7766	0
184	10	918.83	327.8748	0
184	11	1082.005	415.4419	0
185	1	929.1058	360.7417	0
185	2	655.5433	403.9344	0
185	3	576.3259	396.4579	2
185	4	513.2874	394.4095	2
185	5	11.80902	395.0216	0
185	6	840.5491	491.7657	0
185	7	932.5923	350.4108	3
185	8	927.2695	340.8614	3
185	9	-742.2024	471.5859	0
185	10	919.3337	327.8827	0
185	11	1080.056	415.582	0
186	1	927.575	360.3173	0
186	2	653.1146	404.2421	0
186	3	575.8977	396.5401	2
186	4	516.1155	395.3607	2
186	5	15.56531	395.6296	0
186	6	835.6825	491.0834	0
186	7	933.2891	350.7906	3
186	8	928.1724	340.9637	3
186	9	-734.6382	471.1785	0
186	10	919.844	327.9052	0
186	11	1077.908	415.6624	0
187	1	925.9606	360.0173	0
187	2	650.6697	404.7148	0
187	3	575.2648	396.5853	2
187	4	519.9506	395.503	2
187	5	20.15152	395.3063	0
187	6	830.837	490.9987	0
187	7	933.9783	351.2292	3
187	8	929.1518	340.9728	3
187	9	-726.8398	469.974	0
187	10	920.3663	328.0478	0
187	11	1075.546	415.6213	0
188	1	924.303	359.7991	0
188	2	648.2041	405.3104	0
188	3	574.516	396.5669	2
188	4	524.5146	395.3197	2
188	5	25.04449	395.3241	0
188	6	826.0001	491.212	0
188	7	934.9507	351.4485	3
188	8	930.3218	341.0594	3
188	9	-718.9384	468.5619	0
188	10	920.8922	328.2982	0
188	11	1072.982	415.4327	0
189	1	922.6526	359.6143	0
189	2	645.7888	405.7715	0
189	3	573.8601	396.4913	2
189	4	529.7053	395.8161	2
189	5	30.77017	395.8783	0
189	6	821.1849	491.4349	0
189	7	936.0914	351.5791	3
189	8	932.0134	341.2287	3
189	9	-710.7117	467.2394	0
189	10	921.4525	328.5995	0
189	11	1070.459	415.1908	0
190	1	920.9718	359.418	0
190	2	643.2848	406.1113	0
190	3	573.3672	396.3945	2
190	4	535.4695	396.2641	2
190	5	37.0184	396.24	0
190	6	816.4564	491.2985	0
190	7	937.5272	351.735	3
190	8	933.0714	341.3333	3
190	9	-701.7338	465.7698	0
190	10	922.0256	328.9593	0
190	11	1067.878	414.9858	0
191	1	919.3511	359.1474	0
191	2	640.5457	406.5432	0
191	3	575.8705	396.169	2
191	4	541.7501	396.2591	2
191	5	41.98264	393.8915	0
191	6	811.3048	491.2371	0
191	7	939.078	351.9174	3
191	8	934.0464	341.5731	3
191	9	-694.6157	464.7422	0
191	10	922.6056	329.2982	0
191	11	1065.242	415.0147	0
192	1	917.8062	358.8198	0
192	2	637.6631	406.9555	0
192	3	577.1118	396.65	2
192	4	546.3125	394.118	2
192	5	43.90225	395.0345	0
192	6	805.8574	491.1873	0
192	7	940.0449	352.093	3
192	8	935.0972	341.9246	3
192	9	-687.1157	463.9985	0
192	10	923.2087	329.533	0
192	11	1062.516	415.1447	0
193	1	916.2937	358.3774	0
193	2	635.0873	407.0086	0
193	3	579.0325	397.6728	2
193	4	548.6867	395.383	2
193	5	46.75568	396.1945	0
193	6	800.8184	490.6693	0
193	7	941.0555	352.3639	3
193	8	936.166	342.3429	3
193	9	-679.3695	463.4491	0
193	10	923.8425	329.8127	0
193	11	1059.757	415.3972	0
194	1	914.8678	357.7913	0
194	2	632.4713	406.9115	0
194	3	581.5177	399.179	2
194	4	551.8684	396.2054	2
194	5	51.46674	396.2484	0
194	6	795.7192	489.7922	0
194	7	942.2017	352.7624	3
194	8	937.2244	342.8002	3
194	9	-671.6444	463.0322	0
194	10	924.3597	330.1528	0
194	11	1056.937	415.6781	0
195	1	913.6194	357.2247	0
195	2	630.0196	406.9182	0
195	3	584.6514	400.2687	2
195	4	556.0891	395.9142	2
195	5	57.1564	395.9487	0
195	6	790.8307	489.12	0
195	7	943.4294	353.2421	3
195	8	938.3212	343.264	3
195	9	-663.7281	462.6869	0
195	10	924.811	330.5155	0
195	11	1054.153	415.8184	0
196	1	912.2844	356.7679	0
196	2	628.0836	407.2193	0
196	3	587.5389	401.721	2
196	4	560.3009	395.4477	2
196	5	63.83142	395.8864	0
196	6	786.6329	489.2415	0
196	7	944.5991	353.6803	3
196	8	939.3555	343.657	3
196	9	-655.5848	462.168	0
196	10	925.5306	330.6397	0
196	11	1051.21	415.9335	0
197	1	910.9337	356.5278	0
197	2	625.9916	407.3981	0
197	3	590.8148	402.4859	2
197	4	563.849	395.07	2
197	5	70.14288	395.9287	0
197	6	782.2302	488.9478	0
197	7	945.7897	354.0876	3
197	8	940.354	343.9709	3
197	9	-648.0481	461.5757	0
197	10	926.2916	330.6635	0
197	11	1047.989	416.1099	0
198	1	909.5111	356.3506	0
198	2	623.6093	407.5623	0
198	3	594.2086	403.0269	2
198	4	567.4293	395.2102	2
198	5	74.69904	393.953	0
198	6	777.5777	488.6897	0
198	7	946.8726	354.4346	3
198	8	941.3492	344.1719	3
198	9	-640.6239	460.7032	0
198	10	927.1176	330.6721	0
198	11	1044.59	416.2546	0
199	1	908.0511	356.2239	0
199	2	621.2838	407.9073	0
199	3	597.923	403.3617	2
199	4	570.9467	395.6815	2
199	5	77.41733	394.2773	0
199	6	772.9556	488.8124	0
199	7	948.0553	354.8433	3
199	8	942.278	344.2217	3
199	9	-633.491	459.4811	0
199	10	928.1649	330.7594	0
199	11	1041.605	416.0948	0
200	1	906.6033	356.0331	0
200	2	618.9686	408.3849	0
200	3	600.5878	403.9103	2
200	4	574.4258	396.411	2
200	5	80.96503	394.8487	0
200	6	768.356	489.1593	0
200	7	949.1851	355.0516	3
200	8	943.0526	344.202	3
200	9	-627.4297	458.2937	0
200	10	929.6123	330.888	0
200	11	1038.577	415.778	0
201	1	905.1167	355.7746	0
201	2	616.6801	408.9242	0
201	3	603.3365	404.7258	2
201	4	577.8237	397.1011	2
201	5	85.98416	395.2502	0
201	6	763.5839	489.5641	0
201	7	950.2473	355.1636	3
201	8	943.8839	344.2703	3
201	9	-621.1256	457.4198	0
201	10	930.5077	330.957	0
201	11	1035.765	415.5718	0
202	1	903.6255	355.5712	0
202	2	614.3568	409.5293	0
202	3	605.9025	405.7249	2
202	4	580.9312	397.5335	2
202	5	91.53024	395.4939	0
202	6	758.5334	489.8935	0
202	7	951.265	355.297	3
202	8	944.6693	344.5925	3
202	9	-614.6986	457.0923	0
202	10	931.3365	331.1288	0
202	11	1033.679	415.699	0
203	1	902.1628	355.3887	0
203	2	611.9874	410.1507	0
203	3	608.3829	406.6746	2
203	4	583.7735	397.5152	2
203	5	97.61493	395.5242	0
203	6	753.4824	489.9097	0
203	7	952.3015	355.4541	3
203	8	945.5411	344.9962	3
203	9	-608.1057	456.9663	0
203	10	932.2301	331.3901	0
203	11	1031.238	415.6465	0
204	1	900.5515	354.9693	0
204	2	609.5508	410.7153	0
204	3	610.4625	407.1675	2
204	4	586.0868	397.5361	2
204	5	103.8274	395.6133	0
204	6	748.5136	489.6786	0
204	7	953.2833	355.7994	3
204	8	946.4316	345.4891	3
204	9	-601.4906	456.861	0
204	10	933.1689	331.7261	0
204	11	1028.4	415.6285	0
205	1	898.8864	354.4313	0
205	2	607.0336	411.2036	0
205	3	612.4391	407.4541	2
205	4	588.3821	398.2045	2
205	5	107.9214	393.6372	0
205	6	743.3921	488.9106	0
205	7	954.3112	356.1913	3
205	8	947.343	345.937	3
205	9	-595.1125	456.4336	0
205	10	934.0983	332.0977	0
205	11	1025.62	415.8143	0
206	1	897.1384	353.9305	0
206	2	604.11	411.3203	0
206	3	614.3685	407.6673	2
206	4	590.7134	399.0616	2
206	5	110.4554	394.0637	0
206	6	738.4309	487.7032	0
206	7	955.3978	356.7381	3
206	8	948.2902	346.2648	3
206	9	-588.3129	456.112	0
206	10	935.0159	332.5033	0
206	11	1022.862	416.1403	0
207	1	895.0905	353.5618	0
207	2	601.0945	411.0402	0
207	3	616.2604	407.2708	2
207	4	593.0103	399.7372	2
207	5	113.5267	394.813	0
207	6	733.8267	486.7279	0
207	7	956.5026	357.1588	3
207	8	949.2474	346.686	3
207	9	-581.6543	456.0861	0
207	10	936.0014	332.8815	0
207	11	1020.006	416.5199	0
208	1	893.2767	353.1354	0
208	2	598.0651	411.2701	0
208	3	618.3582	407.0368	2
208	4	595.4213	400.269	2
208	5	117.9268	395.4305	0
208	6	729.276	486.4905	0
208	7	957.6182	357.4907	3
208	8	950.0403	347.2061	3
208	9	-574.8705	455.3044	0
208	10	936.8376	333.1989	0
208	11	1016.982	416.8963	0
209	1	891.6053	352.7947	0
209	2	594.997	412.0685	0
209	3	620.891	406.8289	2
209	4	597.803	400.97	2
209	5	123.104	395.6969	0
209	6	724.6508	486.5621	0
209	7	958.7148	357.8896	3
209	8	951.0809	347.4937	3
209	9	-567.9493	454.0747	0
209	10	937.6886	333.4445	0
209	11	1013.814	417.1184	0
210	1	889.8508	352.5742	0
210	2	591.9263	412.9069	0
210	3	623.8021	406.9651	2
210	4	600.2745	401.4773	2
210	5	128.978	396.1991	0
210	6	720.0117	486.8388	0
210	7	959.6725	358.496	3
210	8	952.2721	347.5951	3
210	9	-560.9584	452.8204	0
210	10	938.5165	333.5785	0
210	11	1010.7	417.2033	0
211	1	888.071	352.4334	0
211	2	588.6464	413.4455	0
211	3	627.6304	407.6539	2
211	4	602.9103	401.5834	2
211	5	135.6731	396.1329	0
211	6	715.5155	486.8616	0
211	7	960.9304	358.763	3
211	8	953.5557	347.656	3
211	9	-553.4926	451.5785	0
211	10	939.2684	333.5695	0
211	11	1007.468	417.0327	0
212	1	886.2698	352.3241	0
212	2	584.7772	414.1283	0
212	3	632.0581	407.9484	2
212	4	605.6179	401.5894	2
212	5	140.4579	393.7015	0
212	6	710.781	486.7581	0
212	7	962.2369	358.9135	3
212	8	955.1281	347.8153	3
212	9	-546.5699	450.4046	0
212	10	939.8702	333.5115	0
212	11	1004.092	416.5493	0
213	1	884.4047	352.1458	0
213	2	581.3026	414.0279	0
213	3	637.5024	408.3784	2
213	4	608.358	401.6219	2
213	5	142.8038	394.4877	0
213	6	705.7906	486.7311	0
213	7	963.6424	359.1312	3
213	8	957.1101	348.0057	3
213	9	-540.1392	449.6325	0
213	10	940.5353	333.5425	0
213	11	1001.021	416.0851	0
214	1	882.7034	351.8799	0
214	2	577.9305	413.7997	0
214	3	643.1022	408.5352	2
214	4	611.2054	401.5804	2
214	5	146.5632	394.3551	0
214	6	700.7936	486.4731	0
214	7	965.3536	359.3463	3
214	8	958.2981	348.1582	3
214	9	-533.4994	449.0833	0
214	10	941.1398	333.821	0
214	11	997.9327	416	0
215	1	881.0461	351.4463	0
215	2	575.4758	414.2267	0
215	3	648.2698	408.248	2
215	4	613.8224	401.598	2
215	5	151.0717	394.5762	0
215	6	695.903	485.7313	0
215	7	967.1183	359.5647	3
215	8	959.5804	348.476	3
215	9	-526.7819	448.6929	0
215	10	941.8198	334.1715	0
215	11	994.8181	416.1717	0
216	1	879.5482	350.7884	0
216	2	572.2162	414.2398	0
216	3	652.3633	407.7166	2
216	4	616.4745	401.757	2
216	5	156.4479	394.8244	0
216	6	691.0176	484.8975	0
216	7	968.5022	359.8549	3
216	8	960.9396	348.9158	3
216	9	-519.9708	448.3987	0
216	10	942.5081	334.6083	0
216	11	991.7036	416.5145	0
217	1	878.2731	350.1834	0
217	2	568.993	414.8334	0
217	3	655.6221	407.0264	2
217	4	619.171	401.9966	2
217	5	162.571	395.0788	0
217	6	686.5364	484.6758	0
217	7	969.887	360.22	3
217	8	962.2924	349.4244	3
217	9	-512.8579	448.0439	0
217	10	943.2061	335.0138	0
217	11	988.6338	416.7983	0
218	1	876.9574	349.8882	0
218	2	565.7026	415.6929	0
218	3	658.2711	406.6989	2
218	4	621.8879	402.294	2
218	5	169.301	395.4083	0
218	6	682.2512	484.7709	0
218	7	971.2813	360.6596	3
218	8	963.6367	349.9904	3
218	9	-506.0693	447.5956	0
218	10	943.9337	335.2836	0
218	11	985.5444	416.8856	0
219	1	875.5783	349.7432	0
219	2	562.0052	416.5353	0
219	3	660.6311	406.552	2
219	4	624.6627	402.6309	2
219	5	173.3943	393.4252	0
219	6	677.7748	484.3032	0
219	7	972.6271	361.125	3
219	8	965.0615	350.5213	3
219	9	-495.9665	446.9412	0
219	10	944.6897	335.6235	0
219	11	982.1467	417.0631	0
220	1	874.2046	349.6682	0
220	2	558.2252	416.9336	0
220	3	662.5761	406.3751	2
220	4	627.3495	402.8814	2
220	5	176.436	394.4021	0
220	6	673.2809	484.2699	0
220	7	974.1002	361.737	3
220	8	966.2977	350.9598	3
220	9	-484.1755	445.3203	0
220	10	945.2816	336.0436	0
220	11	978.5107	417.2429	0
221	1	872.8927	349.4459	0
221	2	554.3395	416.7354	0
221	3	664.2123	406.1602	2
221	4	630.6262	402.7912	2
221	5	180.031	394.5335	0
221	6	668.7639	484.5404	0
221	7	975.7235	362.3522	3
221	8	967.551	351.2745	3
221	9	-471.5521	444.3126	0
221	10	945.9309	336.3811	0
221	11	975.3538	417.0568	0
222	1	871.5643	349.2462	0
222	2	550.637	415.9807	0
222	3	665.8742	405.8584	2
222	4	634.3537	402.077	2
222	5	184.1603	394.401	0
222	6	664.2209	484.9227	0
222	7	977.1279	362.7525	3
222	8	968.7172	351.3883	3
222	9	-457.3161	443.6229	0
222	10	946.8365	336.4716	0
222	11	972.1809	416.6895	0
223	1	870.3748	349.0949	0
223	2	547.2053	415.728	0
223	3	668.511	405.7208	2
223	4	638.1723	401.1492	2
223	5	189.1501	394.9918	0
223	6	659.4507	485.314	0
223	7	978.4829	363.0339	3
223	8	969.6655	351.3555	3
223	9	-448.2877	439.3152	0
223	10	947.7941	336.4774	0
223	11	969.3075	416.494	0
224	1	869.0096	348.6346	0
224	2	543.8267	416.0931	0
224	3	672.2466	406.181	2
224	4	642.5425	400.8086	2
224	5	194.7965	395.5227	0
224	6	654.503	485.471	0
224	7	979.7318	363.1828	3
224	8	970.5961	351.4168	3
224	9	-442.7054	440.216	0
224	10	948.857	336.5206	0
224	11	967.167	416.6618	0
225	1	867.6183	348.0495	0
225	2	540.4844	416.6756	0
225	3	675.8096	406.6685	2
225	4	647.1583	400.5034	2
225	5	200.9487	395.5881	0
225	6	649.7153	485.3767	0
225	7	980.7978	363.2789	3
225	8	971.4576	351.8077	3
225	9	-435.4641	440.5496	0
225	10	950.3243	336.6595	0
225	11	964.4121	416.5286	0
226	1	866.0886	347.5758	0
226	2	537.2498	416.9393	0
226	3	679.12	406.9207	2
226	4	652.1207	399.7739	2
226	5	206.015	393.3749	0
226	6	644.85	484.8905	0
226	7	981.8831	363.4558	3
226	8	972.3886	352.3154	3
226	9	-424.5505	440.1885	0
226	10	951.797	336.7715	0
226	11	961.486	416.5683	0
227	1	864.2201	347.194	0
227	2	533.7363	417.2197	0
227	3	681.6627	407.0237	2
227	4	657.6982	399.3837	2
227	5	207.9732	394.839	0
227	6	639.8973	483.825	0
227	7	983.0272	363.9121	3
227	8	973.3217	352.9105	3
227	9	-412.0084	438.8168	0
227	10	952.7358	336.9066	0
227	11	958.6107	416.8182	0
228	1	863.0076	346.7768	0
228	2	530.0653	417.5326	0
228	3	683.9323	407.5013	2
228	4	662.9562	398.8078	2
228	5	211.0257	395.7037	0
228	6	635.5392	482.719	0
228	7	984.3042	364.5041	3
228	8	974.2593	353.3786	3
228	9	-398.1328	437.1741	0
228	10	953.761	337.166	0
228	11	955.7584	417.1835	0
229	1	861.7107	346.5085	0
229	2	526.5811	417.3434	0
229	3	686.0564	408.0395	2
229	4	667.7573	398.1638	2
229	5	215.8922	395.2549	0
229	6	631.1442	482.1631	0
229	7	985.5589	365.082	3
229	8	975.2408	353.8035	3
229	9	-383.6443	435.7629	0
229	10	954.854	337.5211	0
229	11	952.7512	417.5896	0
230	1	860.3586	346.3378	0
230	2	523.0461	416.9344	0
230	3	688.0096	408.5703	2
230	4	672.0903	397.7544	2
230	5	221.5846	395.082	0
230	6	626.7443	482.1151	0
230	7	986.7913	365.5187	3
230	8	976.062	354.349	3
230	9	-375.6718	431.5911	0
230	10	955.9471	337.9294	0
230	11	949.5869	417.9308	0
231	1	859.0251	346.2132	0
231	2	519.7609	416.8329	0
231	3	689.8974	409.0557	2
231	4	676.9429	397.7598	2
231	5	227.39	395.1062	0
231	6	622.3502	482.3548	0
231	7	988.0453	365.9474	3
231	8	976.8672	354.8525	3
231	9	-369.7947	431.3243	0
231	10	957.0321	338.3788	0
231	11	946.3562	418.094	0
232	1	857.6862	346.0903	0
232	2	516.7032	417.0453	0
232	3	691.7314	409.3134	2
232	4	681.7395	398.0356	2
232	5	233.7145	395.1	0
232	6	617.9921	482.5575	0
232	7	989.1704	366.4452	3
232	8	978.0366	355.0119	3
232	9	-362.5151	431.1118	0
232	10	958.1627	338.832	0
232	11	943.1523	418.0866	0
233	1	856.4042	345.8879	0
233	2	513.5098	416.8946	0
233	3	693.5261	409.4465	2
233	4	686.4758	398.6021	2
233	5	238.3308	393.3912	0
233	6	613.6453	482.4258	0
233	7	990.2609	366.927	3
233	8	979.2906	355.0713	3
233	9	-352.4905	430.687	0
233	10	959.2034	339.2175	0
233	11	939.7802	417.7499	0
234	1	855.2167	345.6162	0
234	2	510.3146	417.0714	0
234	3	695.4014	409.6517	2
234	4	691.1275	399.2486	2
234	5	240.8656	393.9363	0
234	6	608.9811	482.3827	0
234	7	991.5751	367.1815	3
234	8	980.7585	355.2193	3
234	9	-340.6031	429.9366	0
234	10	960.1957	339.5266	0
234	11	936.519	417.2142	0
236	1	853.1288	344.6392	0
236	2	503.8765	417.9324	0
236	3	699.3436	410.2222	2
236	4	699.3285	399.5356	2
236	5	249.1856	394.937	0
236	6	599.5344	481.7905	0
236	7	994.314	367.5737	3
236	8	984.1199	355.6233	3
236	9	-314.5764	427.6564	0
236	10	962.0886	339.7554	0
236	11	930.2875	416.9568	0
236	12	-464.184	398.733	0
237	1	852.2921	344.1341	0
237	2	500.4687	418.4077	0
237	3	701.3315	410.4381	2
237	4	702.5693	399.3876	2
237	5	254.5798	394.9329	0
237	6	594.7667	480.9415	0
237	7	995.9581	367.8518	3
237	8	985.3307	355.946	3
237	9	-307.9385	423.9885	0
237	10	962.8276	339.697	0
237	11	927.1667	417.2256	0
237	12	-463.5265	398.7414	0
238	1	851.4095	343.8566	0
238	2	496.9767	418.6985	0
238	3	703.0726	410.2613	2
238	4	705.5319	399.8365	2
238	5	260.2517	394.8954	0
238	6	590.1343	480.361	0
238	7	997.9897	368.1844	3
238	8	986.6252	356.4019	3
238	9	-302.1582	423.8064	0
238	10	963.583	339.711	0
238	11	924.032	417.5787	0
238	12	-462.6489	398.7557	0
239	1	850.4679	343.6961	0
239	2	493.5751	418.8126	0
239	3	704.7153	410.0178	2
239	4	708.4755	400.4015	2
239	5	266.3351	395.2761	0
239	6	585.7625	480.5154	0
239	7	999.4312	368.4658	3
239	8	987.9338	356.9406	3
239	9	-295.7366	423.7897	0
239	10	964.278	340.0028	0
239	11	920.979	417.723	0
239	12	-461.5793	398.7772	0
