2	1	9.177737	0.05315495	16.17925	9.148066	1.833665	16.13597	0
3	1	9.156334	0.05315495	16.18193	9.126678	1.833675	16.14108	0
3	2	-11.64182	0.05315495	14.44795	-11.6167	1.916244	14.48106	0
4	1	9.126318	0.05315495	16.18569	9.09641	1.833676	16.14506	0
4	2	-11.61296	0.05315495	14.45702	-11.58789	1.916182	14.49215	0
4	3	2.05571	0.05315495	-26.55958	2.01751	1.806908	-26.52596	0
5	1	9.088839	0.05315495	16.19038	9.058773	1.833664	16.14989	0
5	2	-11.57693	0.05315495	14.46835	-11.552	1.916156	14.50468	0
5	3	2.060769	0.05315495	-26.52215	2.022322	1.806905	-26.48829	0
6	1	9.04489	0.05315495	16.19588	9.001387	1.828878	16.1694	0
6	2	-11.53468	0.05315495	14.48163	-11.50715	1.905757	14.52562	0
6	3	2.066701	0.05315495	-26.47825	2.051126	1.786153	-26.44348	0
7	1	8.995336	0.05315495	16.20208	8.951021	1.827149	16.17813	0
7	2	-11.48703	0.05315495	14.49661	-11.45992	1.903239	14.54237	0
7	3	2.07339	0.05315495	-26.42876	2.06111	1.782738	-26.39401	0
8	1	8.940922	0.05315495	16.20889	8.896066	1.825356	16.18744	0
8	2	-11.43472	0.05315495	14.51306	-11.40828	1.90052	14.5607	0
8	3	2.080734	0.05315495	-26.37442	2.071569	1.779405	-26.33948	0
9	1	8.882298	0.05315495	16.21622	8.836883	1.823692	16.19691	0
9	2	-11.37836	0.05315495	14.53078	-11.35248	1.897888	14.58008	0
9	3	2.088647	0.05315495	-26.31587	2.082376	1.77629	-26.28066	0
10	1	8.820024	0.05315495	16.22402	8.774175	1.822009	16.20666	0
10	2	-11.31849	0.05315495	14.5496	-11.29309	1.895255	14.60049	0
10	3	2.097052	0.05315495	-26.25367	2.09369	1.773307	-26.21823	0
11	1	8.754586	0.05315495	16.2322	8.708522	1.820178	16.21669	0
11	2	-11.25558	0.05315495	14.56938	-11.2306	1.892567	14.62186	0
11	3	2.105885	0.05315495	-26.18832	2.105704	1.770362	-26.15275	0
12	1	8.686408	0.05315495	16.24074	8.640465	1.818071	16.22701	0
12	2	-11.19003	0.05315495	14.58998	-11.16541	1.889812	14.64405	0
12	3	2.115087	0.05315495	-26.12023	2.118389	1.767391	-26.08466	0
13	1	8.615854	0.05315495	16.24957	8.570317	1.815668	16.23754	0
13	2	-11.1222	0.05315495	14.61131	-11.09786	1.886964	14.66697	0
13	3	2.12461	0.05315495	-26.04977	2.131701	1.764321	-26.0142	0
14	1	8.543242	0.05315495	16.25865	8.498283	1.812995	16.24824	0
14	2	-11.05239	0.05315495	14.63325	-11.02825	1.883961	14.69036	0
14	3	2.134411	0.05315495	-25.97725	2.145566	1.761087	-25.94158	0
15	1	8.468844	0.05315495	16.26796	8.424564	1.810084	16.25915	0
15	2	-10.98086	0.05315495	14.65574	-10.95678	1.880862	14.71422	0
15	3	2.144452	0.05315495	-25.90294	2.160208	1.757582	-25.86694	0
16	1	8.3929	0.05315495	16.27747	8.349186	1.807029	16.27023	0
16	2	-10.90785	0.05315495	14.67869	-10.88356	1.877803	14.73864	0
16	3	2.154703	0.05315495	-25.8271	2.175836	1.753986	-25.79062	0
17	1	8.315617	0.05315495	16.28714	8.272341	1.803887	16.28154	0
17	2	-10.83354	0.05315495	14.70205	-10.80867	1.874945	14.76387	0
17	3	2.165134	0.05315495	-25.74991	2.191496	1.750919	-25.71292	0
18	1	8.237171	0.05315495	16.29696	8.194499	1.800833	16.29291	0
18	2	-10.75813	0.05315495	14.72576	-10.73234	1.87246	14.7899	0
18	3	2.175722	0.05315495	-25.67157	2.20576	1.749211	-25.63419	0
19	1	8.157719	0.05315495	16.3069	8.116166	1.79784	16.30425	0
19	2	-10.68174	0.05315495	14.74977	-10.65485	1.870174	14.81626	0
19	3	2.186446	0.05315495	-25.59222	2.218398	1.748847	-25.55465	0
20	1	8.077394	0.05315495	16.31695	8.037146	1.795157	16.31558	0
20	2	-10.60452	0.05315495	14.77405	-10.57657	1.868027	14.84208	0
20	3	2.197288	0.05315495	-25.512	2.230186	1.749376	-25.47424	0
21	1	7.996313	0.05315495	16.3271	7.957397	1.792876	16.32701	0
21	2	-10.52656	0.05315495	14.79856	-10.49743	1.866096	14.86706	0
21	3	2.208231	0.05315495	-25.43102	2.242258	1.750438	-25.39279	0
22	1	7.914577	0.05315495	16.33733	7.876945	1.791196	16.33852	0
22	2	-10.44798	0.05315495	14.82326	-10.41768	1.864455	14.8917	0
22	3	2.219263	0.05315495	-25.34939	2.254688	1.752075	-25.31032	0
23	1	7.832272	0.05315495	16.34763	7.796139	1.790416	16.35001	0
23	2	-10.36885	0.05315495	14.84813	-10.33767	1.863054	14.91672	0
23	3	2.230372	0.05315495	-25.26719	2.26709	1.75433	-25.22702	0
24	1	7.749475	0.05315495	16.35799	7.714722	1.78987	16.36161	0
24	2	-10.28925	0.05315495	14.87316	-10.25751	1.861893	14.94215	0
24	3	2.241548	0.05315495	-25.1845	2.279365	1.757017	-25.14313	0
25	1	7.666253	0.05315495	16.3684	7.632179	1.788728	16.3735	0
25	2	-10.20924	0.05315495	14.89831	-10.17694	1.861083	14.96773	0
25	3	2.25278	0.05315495	-25.10138	2.291431	1.760035	-25.05877	0
26	1	7.58266	0.05315495	16.37886	7.548473	1.787207	16.38548	0
26	2	-10.12887	0.05315495	14.92358	-10.09574	1.860784	14.99337	0
26	3	2.264063	0.05315495	-25.01789	2.303223	1.763243	-24.974	0
27	1	7.498746	0.05315495	16.38936	7.464102	1.785532	16.39778	0
27	2	-10.0482	0.05315495	14.94894	-10.01407	1.86094	15.01902	0
27	3	2.275389	0.05315495	-24.93409	2.314505	1.766446	-24.88898	0
28	1	7.414556	0.05315495	16.3999	7.379592	1.78368	16.41083	0
28	2	-9.967256	0.05315495	14.97439	-9.93198	1.861578	15.04453	0
28	3	2.286753	0.05315495	-24.85001	2.325678	1.769285	-24.80377	0
29	1	7.330124	0.05315495	16.41046	7.295101	1.781479	16.42479	0
29	2	-9.886083	0.05315495	14.9999	-9.84926	1.862947	15.06975	0
29	3	2.298149	0.05315495	-24.76568	2.336102	1.771856	-24.71849	0
30	1	7.245484	0.05315495	16.42105	7.210359	1.778945	16.43931	0
30	2	-9.804708	0.05315495	15.02549	-9.76595	1.865089	15.0947	0
30	3	2.309573	0.05315495	-24.68115	2.344496	1.77406	-24.63338	0
31	1	7.160663	0.05315495	16.43167	7.125105	1.775931	16.45444	0
31	2	-9.723161	0.05315495	15.05112	-9.682198	1.867954	15.11933	0
31	3	2.321021	0.05315495	-24.59644	2.350644	1.77564	-24.54856	0
32	1	7.075686	0.05315495	16.4423	7.039376	1.772588	16.47074	0
32	2	-9.641462	0.05315495	15.07681	-9.598167	1.871377	15.14353	0
32	3	2.332491	0.05315495	-24.51157	2.354878	1.776798	-24.46369	0
33	1	6.990572	0.05315495	16.45295	6.953441	1.769914	16.48681	0
33	2	-9.559633	0.05315495	15.10253	-9.51341	1.875547	15.16724	0
33	3	2.343979	0.05315495	-24.42656	2.357151	1.778103	-24.3783	0
34	1	6.905341	0.05315495	16.46362	6.867465	1.769287	16.50122	0
34	2	-9.477692	0.05315495	15.12829	-9.428277	1.882048	15.18934	0
34	3	2.355483	0.05315495	-24.34144	2.353614	1.780128	-24.29222	0
35	1	6.820008	0.05315495	16.4743	6.781826	1.77055	16.51228	0
35	2	-9.395652	0.05315495	15.15408	-9.346192	1.886408	15.21171	0
35	3	2.367001	0.05315495	-24.25622	2.353883	1.781322	-24.20623	0
36	1	6.734587	0.05315495	16.48499	6.695864	1.772367	16.52332	0
36	2	-9.313527	0.05315495	15.1799	-9.265184	1.89023	15.23372	0
36	3	2.37853	0.05315495	-24.17091	2.364564	1.784049	-24.12172	0
37	1	6.649089	0.05315495	16.49568	6.609354	1.774759	16.53496	0
37	2	-9.231328	0.05315495	15.20574	-9.183859	1.894027	15.25605	0
37	3	2.39007	0.05315495	-24.08552	2.376276	1.786422	-24.03747	0
38	1	6.563524	0.05315495	16.50639	6.52249	1.77777	16.54655	0
38	2	-9.149065	0.05315495	15.2316	-9.101576	1.897679	15.27932	0
38	3	2.401619	0.05315495	-24.00006	2.387718	1.788117	-23.95296	0
39	1	6.477902	0.05315495	16.51711	6.435496	1.78117	16.55796	0
39	2	-9.066748	0.05315495	15.25748	-9.019055	1.900538	15.30299	0
39	3	2.413176	0.05315495	-23.91455	2.398879	1.789203	-23.8681	0
40	1	6.392231	0.05315495	16.52783	6.34842	1.784829	16.56914	0
40	2	-8.984382	0.05315495	15.28337	-8.936949	1.902106	15.3264	0
40	3	2.424739	0.05315495	-23.82899	2.409739	1.789766	-23.78303	0
41	1	6.306516	0.05315495	16.53856	6.261305	1.788581	16.57999	0
41	2	-8.901975	0.05315495	15.30928	-8.855569	1.901884	15.3493	0
41	3	2.436308	0.05315495	-23.74338	2.420284	1.789904	-23.69783	0
42	1	6.220763	0.05315495	16.54929	6.174263	1.79215	16.5903	0
42	2	-8.819531	0.05315495	15.3352	-8.774363	1.9005	15.37219	0
42	3	2.447883	0.05315495	-23.65774	2.430552	1.789639	-23.61259	0
43	1	6.134978	0.05315495	16.56002	6.087262	1.795398	16.60048	0
43	2	-8.737057	0.05315495	15.36113	-8.692721	1.898972	15.39544	0
43	3	2.459461	0.05315495	-23.57207	2.440491	1.788967	-23.52739	0
44	1	6.049165	0.05315495	16.57076	6.000562	1.798079	16.60959	0
44	2	-8.654555	0.05315495	15.38706	-8.610549	1.897613	15.41941	0
44	3	2.471044	0.05315495	-23.48636	2.450215	1.787971	-23.44223	0
45	1	5.963328	0.05315495	16.5815	5.914285	1.800382	16.61624	0
45	2	-8.57203	0.05315495	15.41301	-8.528315	1.895934	15.44357	0
45	3	2.482629	0.05315495	-23.40064	2.459705	1.786587	-23.3566	0
46	1	5.877469	0.05315495	16.59225	5.828469	1.801942	16.62067	0
46	2	-8.489485	0.05315495	15.43896	-8.446378	1.893618	15.4676	0
46	3	2.494218	0.05315495	-23.31489	2.469007	1.784872	-23.27071	0
47	1	5.791592	0.05315495	16.60299	5.742599	1.80321	16.62308	0
47	2	-8.406921	0.05315495	15.46491	-8.364664	1.890746	15.49165	0
47	3	2.505809	0.05315495	-23.22912	2.478221	1.782925	-23.18514	0
48	1	5.705699	0.05315495	16.61374	5.656281	1.804718	16.62358	0
48	2	-8.324343	0.05315495	15.49087	-8.282928	1.887486	15.51579	0
48	3	2.517402	0.05315495	-23.14334	2.487363	1.780855	-23.09986	0
49	1	5.619793	0.05315495	16.62449	5.569758	1.80624	16.62305	0
49	2	-8.241752	0.05315495	15.51684	-8.200882	1.884036	15.54005	0
49	3	2.528997	0.05315495	-23.05754	2.496525	1.778596	-23.0145	0
50	1	5.533875	0.05315495	16.63524	5.483189	1.807507	16.62239	0
50	2	-8.159149	0.05315495	15.5428	-8.118487	1.880631	15.56439	0
50	3	2.540594	0.05315495	-22.97173	2.505885	1.776184	-22.92883	0
51	1	5.447946	0.05315495	16.64599	5.398013	1.810291	16.63142	0
51	2	-8.076536	0.05315495	15.56878	-8.036393	1.877324	15.58867	0
51	3	2.552192	0.05315495	-22.88591	2.515464	1.773683	-22.84289	0
52	1	5.362008	0.05315495	16.65675	5.313264	1.812788	16.64232	0
52	2	-7.993915	0.05315495	15.59475	-7.954849	1.874309	15.61289	0
52	3	2.563797	0.05315495	-22.80009	2.525226	1.771086	-22.75675	0
53	1	5.276062	0.05315495	16.6675	5.228316	1.814569	16.65292	0
53	2	-7.911286	0.05315495	15.62073	-7.873267	1.871808	15.63707	0
53	3	2.57542	0.05315495	-22.71427	2.535214	1.768321	-22.67046	0
54	1	5.19011	0.05315495	16.67826	5.143048	1.815715	16.66322	0
54	2	-7.82865	0.05315495	15.6467	-7.791558	1.86998	15.66125	0
54	3	2.587068	0.05315495	-22.62847	2.545486	1.76544	-22.58399	0
55	1	5.104152	0.05315495	16.68902	5.057612	1.816307	16.67321	0
55	2	-7.746009	0.05315495	15.67268	-7.709981	1.869234	15.68548	0
55	3	2.598756	0.05315495	-22.54269	2.555853	1.762746	-22.49708	0
56	1	5.018188	0.05315495	16.69977	4.97208	1.816463	16.68287	0
56	2	-7.663363	0.05315495	15.69867	-7.628362	1.868977	15.70971	0
56	3	2.610496	0.05315495	-22.45695	2.565912	1.760468	-22.40944	0
57	1	4.932221	0.05315495	16.71053	4.886536	1.816202	16.69223	0
57	2	-7.580713	0.05315495	15.72465	-7.545912	1.868067	15.73403	0
57	3	2.622303	0.05315495	-22.37124	2.57595	1.758575	-22.32147	0
58	1	4.84625	0.05315495	16.72129	4.801062	1.815543	16.70131	0
58	2	-7.49806	0.05315495	15.75063	-7.462534	1.866624	15.75869	0
58	3	2.634195	0.05315495	-22.28559	2.586771	1.756857	-22.23389	0
59	1	4.760275	0.05315495	16.73205	4.715668	1.81451	16.71008	0
59	2	-7.415403	0.05315495	15.77662	-7.378655	1.865003	15.78327	0
59	3	2.64619	0.05315495	-22.20001	2.598968	1.755373	-22.14692	0
60	1	4.674297	0.05315495	16.74281	4.629801	1.8131	16.71865	0
60	2	-7.332743	0.05315495	15.8026	-7.294545	1.863119	15.80697	0
60	3	2.658305	0.05315495	-22.1145	2.611879	1.754194	-22.06031	0
61	1	4.588317	0.05315495	16.75357	4.54371	1.811361	16.72702	0
61	2	-7.250081	0.05315495	15.82859	-7.210317	1.860874	15.82971	0
61	3	2.670558	0.05315495	-22.02907	2.624536	1.753263	-21.97401	0
62	1	4.502336	0.05315495	16.76433	4.45796	1.809363	16.73528	0
62	2	-7.167417	0.05315495	15.85458	-7.12574	1.858186	15.85187	0
62	3	2.682964	0.05315495	-21.94373	2.636997	1.752567	-21.88796	0
63	1	4.416352	0.05315495	16.77509	4.372499	1.80727	16.74351	0
63	2	-7.084751	0.05315495	15.88057	-7.040568	1.855018	15.87365	0
63	3	2.695541	0.05315495	-21.85848	2.649645	1.752247	-21.80198	0
64	1	4.330366	0.05315495	16.78585	4.286982	1.804983	16.75176	0
64	2	-7.002084	0.05315495	15.90655	-6.954589	1.851554	15.89444	0
64	3	2.708308	0.05315495	-21.77332	2.662673	1.752431	-21.71585	0
65	1	4.244379	0.05315495	16.79661	4.201138	1.802491	16.76017	0
65	2	-6.919415	0.05315495	15.93254	-6.868835	1.849041	15.91579	0
65	3	2.72128	0.05315495	-21.68827	2.676065	1.753023	-21.62976	0
66	1	4.158391	0.05315495	16.80737	4.115044	1.799979	16.76885	0
66	2	-6.836745	0.05315495	15.95853	-6.784513	1.84866	15.93951	0
66	3	2.734472	0.05315495	-21.60331	2.69001	1.754105	-21.54369	0
67	1	4.072402	0.05315495	16.81813	4.028741	1.797338	16.77769	0
67	2	-6.754075	0.05315495	15.98452	-6.701315	1.849846	15.96511	0
67	3	2.747898	0.05315495	-21.51846	2.704709	1.755897	-21.45752	0
68	1	3.986412	0.05315495	16.82889	3.942292	1.794518	16.78674	0
68	2	-6.671403	0.05315495	16.01051	-6.618121	1.851827	15.99115	0
68	3	2.76157	0.05315495	-21.4337	2.720096	1.758393	-21.37127	0
69	1	3.900421	0.05315495	16.83965	3.855638	1.791595	16.79604	0
69	2	-6.58873	0.05315495	16.0365	-6.534168	1.854307	16.01672	0
69	3	2.775495	0.05315495	-21.34904	2.736158	1.761459	-21.28515	0
70	1	3.81443	0.05315495	16.85041	3.768487	1.78881	16.80536	0
70	2	-6.506057	0.05315495	16.06249	-6.449894	1.857505	16.04245	0
70	3	2.789689	0.05315495	-21.26448	2.75308	1.765099	-21.19909	0
71	1	3.728437	0.05315495	16.86118	3.680605	1.786511	16.81434	0
71	2	-6.423384	0.05315495	16.08848	-6.365608	1.861071	16.06836	0
71	3	2.804163	0.05315495	-21.18	2.770847	1.76927	-21.11303	0
72	1	3.642445	0.05315495	16.87194	3.592352	1.784566	16.82323	0
72	2	-6.34071	0.05315495	16.11447	-6.281395	1.864952	16.09452	0
72	3	2.818917	0.05315495	-21.0956	2.788948	1.773648	-21.02791	0
73	1	3.556452	0.05315495	16.8827	3.504468	1.782783	16.83286	0
73	2	-6.258035	0.05315495	16.14046	-6.197307	1.868939	16.12096	0
73	3	2.833951	0.05315495	-21.01128	2.80701	1.777728	-20.94473	0
74	1	3.470458	0.05315495	16.89346	3.417104	1.78124	16.84378	0
74	2	-6.17536	0.05315495	16.16645	-6.113548	1.872797	16.1479	0
74	3	2.849275	0.05315495	-20.92702	2.825283	1.781436	-20.86298	0
75	1	3.384465	0.05315495	16.90422	3.331018	1.781134	16.85459	0
75	2	-6.092685	0.05315495	16.19245	-6.030797	1.873079	16.17396	0
75	3	2.864888	0.05315495	-20.84282	2.841319	1.78171	-20.77891	0
76	1	3.29847	0.05315495	16.91498	3.243826	1.779734	16.86617	0
76	2	-6.010009	0.05315495	16.21844	-5.9471	1.877007	16.2012	0
76	3	2.880792	0.05315495	-20.75867	2.860324	1.785863	-20.69724	0
77	1	3.212476	0.05315495	16.92574	3.157056	1.778793	16.87707	0
77	2	-5.927333	0.05315495	16.24443	-5.864406	1.879885	16.22935	0
77	3	2.896986	0.05315495	-20.67455	2.87881	1.789185	-20.61411	0
78	1	3.126482	0.05315495	16.9365	3.070231	1.778007	16.88775	0
78	2	-5.844657	0.05315495	16.27042	-5.783999	1.882752	16.26125	0
78	3	2.913456	0.05315495	-20.59046	2.897878	1.792251	-20.5311	0
79	1	3.040487	0.05315495	16.94727	2.982543	1.778262	16.89876	0
79	2	-5.761981	0.05315495	16.29641	-5.707911	1.885449	16.3017	0
79	3	2.930178	0.05315495	-20.50638	2.918456	1.79254	-20.45069	0
80	1	2.954492	0.05315495	16.95803	2.893996	1.781037	16.91117	0
80	2	-5.679305	0.05315495	16.3224	-5.634869	1.889001	16.3521	0
80	3	2.947168	0.05315495	-20.42231	2.9396	1.789495	-20.37086	0
80	4	-16.80466	0.05315495	21.45787	-16.78496	1.456275	21.42497	0
81	1	2.868497	0.05315495	16.96879	2.804656	1.787436	16.926	0
81	2	-5.596628	0.05315495	16.34839	-5.556378	1.894691	16.38355	0
81	3	2.964438	0.05315495	-20.33823	2.960051	1.785772	-20.28931	0
81	4	-16.82996	0.05315495	21.39256	-16.85859	1.425116	21.36552	0
82	1	2.782502	0.05315495	16.97955	2.715188	1.796764	16.94349	0
82	2	-5.513952	0.05315495	16.37439	-5.475734	1.89821	16.40916	0
82	3	2.981907	0.05315495	-20.25413	2.980189	1.779632	-20.20859	0
82	4	-16.86539	0.05315495	21.30096	-16.91176	1.418376	21.27399	0
82	5	2.011384	0.05315495	-25.25487	1.983623	1.515469	-25.22558	0
83	1	2.696507	0.05315495	16.99031	2.632935	1.808002	16.96259	0
83	2	-5.431275	0.05315495	16.40038	-5.395401	1.898785	16.43713	0
83	3	2.999588	0.05315495	-20.17	3.001154	1.771138	-20.12732	0
83	4	-16.90954	0.05315495	21.18655	-16.94822	1.418907	21.14149	0
83	5	2.014374	0.05315495	-25.23351	1.985593	1.515478	-25.20446	0
84	1	2.610511	0.05315495	17.00107	2.549447	1.812713	16.97677	0
84	2	-5.348598	0.05315495	16.42637	-5.314179	1.897973	16.46475	0
84	3	3.017487	0.05315495	-20.08583	3.02041	1.767457	-20.04511	0
84	4	-16.96119	0.05315495	21.05235	-16.99044	1.412154	20.99147	0
84	5	2.018566	0.05315495	-25.20355	1.989325	1.515486	-25.17463	0
84	6	9.814986	0.05315495	16.09202	9.780573	1.885616	16.0518	0
85	1	2.524516	0.05315495	17.01183	2.46541	1.818891	16.99227	0
85	2	-5.265921	0.05315495	16.45236	-5.234121	1.895006	16.49482	0
85	3	3.035605	0.05315495	-20.00161	3.040857	1.762843	-19.9645	0
85	4	-17.02004	0.05315495	20.90156	-17.04078	1.40742	20.82882	0
85	5	2.023801	0.05315495	-25.16614	1.993745	1.515502	-25.13748	0
85	6	9.793584	0.05315495	16.0947	9.758913	1.885609	16.0542	0
86	1	2.43852	0.05315495	17.02259	2.381733	1.819325	17.00578	0
86	2	-5.183244	0.05315495	16.47835	-5.152692	1.892624	16.52359	0
86	3	3.053863	0.05315495	-19.91733	3.060334	1.762062	-19.88232	0
86	4	-17.08504	0.05315495	20.73637	-17.11182	1.40184	20.65774	0
86	5	2.029939	0.05315495	-25.12228	1.994875	1.497618	-25.0855	0
86	6	9.763569	0.05315495	16.09847	9.728749	1.885605	16.05781	0
87	1	2.352525	0.05315495	17.03336	2.29864	1.817761	17.01932	0
87	2	-5.100567	0.05315495	16.50434	-5.071887	1.889933	16.55226	0
87	3	3.072262	0.05315495	-19.83298	3.080111	1.761539	-19.7998	0
87	4	-17.15527	0.05315495	20.55865	-17.18654	1.396825	20.47448	0
87	5	2.03686	0.05315495	-25.07282	2.000747	1.494393	-25.03472	0
87	6	9.72609	0.05315495	16.10317	9.69112	1.885603	16.06235	0
88	1	2.266529	0.05315495	17.04412	2.21462	1.816109	17.0324	0
88	2	-5.01789	0.05315495	16.53033	-4.991047	1.887133	16.58077	0
88	3	3.0908	0.05315495	-19.74856	3.100375	1.760019	-19.71584	0
88	4	-17.22993	0.05315495	20.37003	-17.22565	1.456085	20.3427	0
88	5	2.044461	0.05315495	-25.01851	2.007744	1.491393	-24.97923	0
88	6	9.682143	0.05315495	16.10868	9.645858	1.864042	16.09196	0
89	1	2.180533	0.05315495	17.05488	2.129849	1.814454	17.04506	0
89	2	-4.935214	0.05315495	16.55633	-4.909711	1.884068	16.60925	0
89	3	3.109463	0.05315495	-19.66405	3.121043	1.758193	-19.63101	0
89	4	-17.25424	0.05315495	20.30853	-17.24874	1.447166	20.27158	0
89	5	2.052649	0.05315495	-24.96	2.015676	1.488625	-24.91963	0
89	6	9.63259	0.05315495	16.1149	9.596478	1.860674	16.10157	0
90	1	2.094538	0.05315495	17.06564	2.045253	1.812097	17.05763	0
90	2	-4.852536	0.05315495	16.58232	-4.827928	1.880777	16.63766	0
90	3	3.128181	0.05315495	-19.57945	3.142903	1.755964	-19.54628	0
90	4	-17.28897	0.05315495	20.22058	-17.28175	1.439606	20.18202	0
90	5	2.061347	0.05315495	-24.89784	2.024222	1.486086	-24.85647	0
90	6	9.578178	0.05315495	16.12172	9.54203	1.857315	16.11162	0
91	1	2.008542	0.05315495	17.0764	1.961253	1.808535	17.07024	0
91	2	-4.769859	0.05315495	16.60831	-4.745788	1.87698	16.66613	0
91	3	3.146943	0.05315495	-19.49476	3.166458	1.752947	-19.46196	0
91	4	-17.33265	0.05315495	20.10968	-17.32962	1.429913	20.06133	0
91	5	2.070487	0.05315495	-24.83253	2.03304	1.483764	-24.79024	0
91	6	9.519556	0.05315495	16.12907	9.483109	1.853997	16.12208	0
92	1	1.922546	0.05315495	17.08716	1.877154	1.804384	17.08271	0
92	2	-4.687181	0.05315495	16.6343	-4.663167	1.872961	16.69427	0
92	3	3.165734	0.05315495	-19.40998	3.190991	1.749195	-19.37729	0
92	4	-17.38405	0.05315495	19.97888	-17.38578	1.421961	19.91959	0
92	5	2.080009	0.05315495	-24.76449	2.042245	1.48176	-24.72136	0
92	6	9.457284	0.05315495	16.13688	9.420437	1.850708	16.1331	0
93	1	1.83655	0.05315495	17.09792	1.792356	1.800342	17.09513	0
93	2	-4.604504	0.05315495	16.66029	-4.579829	1.86946	16.72257	0
93	3	3.184532	0.05315495	-19.32508	3.216875	1.745069	-19.29211	0
93	4	-17.44281	0.05315495	19.8314	-17.44827	1.416313	19.76281	0
93	5	2.089863	0.05315495	-24.69407	2.051898	1.480175	-24.65004	0
93	6	9.39185	0.05315495	16.14509	9.354766	1.84744	16.14493	0
94	1	1.750555	0.05315495	17.10868	1.707677	1.796166	17.10766	0
94	2	-4.521827	0.05315495	16.68628	-4.495619	1.866495	16.75208	0
94	3	3.203277	0.05315495	-19.24009	3.242112	1.742227	-19.20667	0
94	4	-17.50787	0.05315495	19.66942	-17.5162	1.411919	19.59195	0
94	5	2.100005	0.05315495	-24.6216	2.062016	1.479074	-24.57648	0
94	6	9.323673	0.05315495	16.15364	9.28654	1.843939	16.1578	0
95	1	1.664559	0.05315495	17.11945	1.623585	1.792779	17.11978	0
95	2	-4.439149	0.05315495	16.71227	-4.41137	1.864256	16.78084	0
95	3	3.221946	0.05315495	-19.155	3.262842	1.742487	-19.12124	0
95	4	-17.57828	0.05315495	19.49486	-17.58938	1.407297	19.40914	0
95	5	2.110396	0.05315495	-24.54734	2.072572	1.478375	-24.5012	0
95	6	9.253121	0.05315495	16.16249	9.215901	1.840371	16.17118	0
96	1	1.578563	0.05315495	17.13021	1.539445	1.790128	17.1319	0
96	2	-4.356472	0.05315495	16.73827	-4.327181	1.862311	16.8077	0
96	3	3.240489	0.05315495	-19.06982	3.281555	1.744282	-19.03561	0
96	4	-17.65324	0.05315495	19.30933	-17.63484	1.456334	19.2756	0
96	5	2.121004	0.05315495	-24.47154	2.083651	1.478212	-24.42429	0
96	6	9.180511	0.05315495	16.1716	9.142982	1.836539	16.18519	0
97	1	1.492567	0.05315495	17.14097	1.455241	1.788365	17.14409	0
97	2	-4.273795	0.05315495	16.76426	-4.242938	1.860746	16.83347	0
97	3	3.258886	0.05315495	-18.98456	3.300841	1.746863	-18.94938	0
97	4	-17.67788	0.05315495	19.24826	-17.65485	1.431644	19.20592	0
97	5	2.131798	0.05315495	-24.39441	2.09536	1.478812	-24.34585	0
97	6	9.106117	0.05315495	16.18093	9.067983	1.83229	16.20066	0
98	1	1.406571	0.05315495	17.15173	1.371426	1.787909	17.15629	0
98	2	-4.191117	0.05315495	16.79025	-4.159188	1.859441	16.85968	0
98	3	3.277107	0.05315495	-18.8992	3.320258	1.750744	-18.86239	0
98	4	-17.71301	0.05315495	19.16104	-17.68643	1.414338	19.11377	0
98	5	2.142755	0.05315495	-24.31611	2.107764	1.48038	-24.26602	0
98	6	9.030176	0.05315495	16.19045	8.991284	1.828344	16.21687	0
99	1	1.320575	0.05315495	17.16249	1.286711	1.787088	17.16866	0
99	2	-4.10844	0.05315495	16.81624	-4.075826	1.858674	16.88612	0
99	3	3.295116	0.05315495	-18.81377	3.339097	1.755031	-18.77522	0
99	4	-17.71121	0.05315495	19.05916	-17.66549	1.407409	19.02213	0
99	5	2.153852	0.05315495	-24.23681	2.120679	1.482495	-24.18531	0
99	6	8.952895	0.05315495	16.20015	8.913507	1.826427	16.23088	0
100	1	1.23458	0.05315495	17.17325	1.200631	1.785497	17.18112	0
100	2	-4.025763	0.05315495	16.84223	-3.992193	1.858638	16.91249	0
100	3	3.312884	0.05315495	-18.72827	3.357288	1.759434	-18.68797	0
100	4	-17.67737	0.05315495	18.9446	-17.62381	1.405551	18.90817	0
100	5	2.165071	0.05315495	-24.15664	2.134284	1.485229	-24.10356	0
100	6	8.874453	0.05315495	16.20999	8.83486	1.826248	16.24263	0
101	1	1.148584	0.05315495	17.18401	1.114065	1.783718	17.19394	0
101	2	-3.943085	0.05315495	16.86822	-3.90836	1.859215	16.93872	0
101	3	3.330382	0.05315495	-18.64272	3.374568	1.763721	-18.60071	0
101	4	-17.61575	0.05315495	18.81907	-17.5543	1.403243	18.77875	0
101	5	2.176395	0.05315495	-24.07572	2.148297	1.488424	-24.02137	0
101	6	8.795003	0.05315495	16.21995	8.755088	1.827046	16.25372	0
102	1	1.062588	0.05315495	17.19477	1.027767	1.781557	17.20796	0
102	2	-3.860408	0.05315495	16.89421	-3.82421	1.860524	16.96461	0
102	3	3.347589	0.05315495	-18.55711	3.391121	1.767642	-18.51347	0
102	4	-17.53005	0.05315495	18.68404	-17.46014	1.400296	18.63817	0
102	5	2.187812	0.05315495	-23.99414	2.162294	1.49171	-23.93987	0
102	6	8.714681	0.05315495	16.23003	8.673961	1.828499	16.26549	0
103	1	0.9765918	0.05315495	17.20554	0.9416862	1.778744	17.22328	0
103	2	-3.77773	0.05315495	16.92021	-3.73935	1.863041	16.98993	0
103	3	3.364489	0.05315495	-18.47145	3.406187	1.771147	-18.42635	0
103	4	-17.42348	0.05315495	18.54078	-17.3452	1.396717	18.48857	0
103	5	2.199307	0.05315495	-23.91199	2.176497	1.494972	-23.85963	0
103	6	8.633602	0.05315495	16.2402	8.591582	1.830996	16.27737	0
104	1	0.8905959	0.05315495	17.2163	0.8553485	1.775836	17.23852	0
104	2	-3.695053	0.05315495	16.9462	-3.654417	1.866071	17.01495	0
104	3	3.381072	0.05315495	-18.38576	3.418365	1.773597	-18.33975	0
104	4	-17.29834	0.05315495	18.3912	-17.21236	1.39268	18.33338	0
104	5	2.210871	0.05315495	-23.82936	2.190283	1.497608	-23.77883	0
104	6	8.551868	0.05315495	16.25045	8.508591	1.833605	16.28899	0
105	1	0.8046	0.05315495	17.22706	0.7681314	1.770748	17.2581	0
105	2	-3.612376	0.05315495	16.97219	-3.567912	1.871884	17.03849	0
105	3	3.397331	0.05315495	-18.30003	3.423543	1.775909	-18.25328	0
105	4	-17.15713	0.05315495	18.23613	-17.11708	1.456569	18.24694	0
105	5	2.222495	0.05315495	-23.74629	2.204692	1.501631	-23.69709	0
105	6	8.469567	0.05315495	16.26077	8.424301	1.838442	16.30055	0
106	1	0.7186041	0.05315495	17.23782	0.6811362	1.768402	17.2747	0
106	2	-3.529698	0.05315495	16.99818	-3.481506	1.877794	17.06152	0
106	3	3.413263	0.05315495	-18.21428	3.426768	1.777784	-18.16627	0
106	4	-17.10494	0.05315495	18.1893	-17.04819	1.428717	18.19096	0
106	5	2.234171	0.05315495	-23.66286	2.218354	1.503918	-23.61438	0
106	6	8.386774	0.05315495	16.27115	8.339885	1.842533	16.31137	0
107	1	0.6326082	0.05315495	17.24858	0.5947055	1.768889	17.28706	0
107	2	-3.447021	0.05315495	17.02417	-3.397114	1.88297	17.08436	0
107	3	3.428868	0.05315495	-18.12849	3.429941	1.779486	-18.07909	0
107	4	-17.02699	0.05315495	18.12323	-16.96341	1.416398	18.11737	0
107	5	2.245891	0.05315495	-23.57911	2.231907	1.504529	-23.53196	0
107	6	8.303554	0.05315495	16.28159	8.255354	1.845831	16.3217	0
108	1	0.5466123	0.05315495	17.25934	0.5083044	1.770689	17.29791	0
108	2	-3.364344	0.05315495	17.05016	-3.315071	1.887676	17.10628	0
108	3	3.44415	0.05315495	-18.04269	3.432534	1.780887	-17.99191	0
108	4	-16.92673	0.05315495	18.04045	-16.8544	1.416624	18.01871	0
108	5	2.25765	0.05315495	-23.49508	2.245561	1.503739	-23.44986	0
108	6	8.219964	0.05315495	16.29208	8.170618	1.848734	16.3316	0
109	1	0.4606781	0.05315495	17.27011	0.4214968	1.773136	17.30936	0
109	2	-3.281791	0.05315495	17.07615	-3.233922	1.892025	17.12802	0
109	3	3.459112	0.05315495	-17.95686	3.44704	1.784183	-17.90723	0
109	4	-16.80716	0.05315495	17.94318	-16.72965	1.412422	17.9102	0
109	5	2.269443	0.05315495	-23.41081	2.259152	1.50239	-23.36739	0
109	6	8.136054	0.05315495	16.3026	8.085952	1.851275	16.33944	0
110	1	0.3749225	0.05315495	17.28088	0.3344163	1.776416	17.32092	0
110	2	-3.199471	0.05315495	17.10212	-3.15206	1.896335	17.15077	0
110	3	3.473763	0.05315495	-17.87102	3.461595	1.786705	-17.82272	0
110	4	-16.67088	0.05315495	17.83329	-16.58815	1.405665	17.79108	0
110	5	2.281265	0.05315495	-23.32634	2.272503	1.501203	-23.28404	0
110	6	8.051867	0.05315495	16.31316	8.001626	1.853114	16.34448	0
111	1	0.2894464	0.05315495	17.29167	0.2474382	1.780348	17.33232	0
111	2	-3.117478	0.05315495	17.12807	-3.069997	1.899975	17.17427	0
111	3	3.48811	0.05315495	-17.78516	3.475514	1.78841	-17.73786	0
111	4	-16.51969	0.05315495	17.71327	-16.43105	1.397485	17.66385	0
111	5	2.293112	0.05315495	-23.24168	2.285683	1.499851	-23.20023	0
111	6	7.967438	0.05315495	16.32375	7.91728	1.854422	16.34696	0
112	1	0.2043368	0.05315495	17.30247	0.1606985	1.784982	17.34341	0
112	2	-3.035892	0.05315495	17.154	-2.988768	1.902296	17.19744	0
112	3	3.502164	0.05315495	-17.69929	3.488705	1.789415	-17.65272	0
112	4	-16.35561	0.05315495	17.58444	-16.31897	1.456536	17.59958	0
112	5	2.304981	0.05315495	-23.15687	2.298935	1.497804	-23.11658	0
112	6	7.882801	0.05315495	16.33437	7.832249	1.85604	16.34594	0
113	1	0.1196688	0.05315495	17.3133	0.07449111	1.789591	17.35406	0
113	2	-2.954782	0.05315495	17.17991	-2.909007	1.902231	17.22005	0
113	3	3.515936	0.05315495	-17.61341	3.501189	1.789724	-17.56738	0
113	4	-16.29988	0.05315495	17.54171	-16.2561	1.448856	17.53485	0
113	5	2.316873	0.05315495	-23.07192	2.31209	1.495178	-23.03306	0
113	6	7.797983	0.05315495	16.34501	7.746706	1.857735	16.34356	0
114	1	0.03550643	0.05315495	17.32414	-0.01097853	1.793745	17.36412	0
114	2	-2.874207	0.05315495	17.20579	-2.82994	1.900863	17.24282	0
114	3	3.529438	0.05315495	-17.52752	3.513068	1.789474	-17.48197	0
114	4	-16.2186	0.05315495	17.47978	-16.17612	1.438857	17.46401	0
114	5	2.328794	0.05315495	-22.98687	2.325151	1.492299	-22.94932	0
114	6	7.713008	0.05315495	16.35567	7.660975	1.85908	16.34132	0
115	1	-0.0480953	0.05315495	17.33501	-0.09575439	1.797528	17.37391	0
115	2	-2.794218	0.05315495	17.23165	-2.750921	1.899459	17.26609	0
115	3	3.542684	0.05315495	-17.44161	3.5242	1.788652	-17.39667	0
115	4	-16.11518	0.05315495	17.40117	-16.06227	1.424999	17.37443	0
115	5	2.340752	0.05315495	-22.90174	2.338361	1.489102	-22.86519	0
115	6	7.627898	0.05315495	16.36634	7.576996	1.862536	16.35146	0
116	1	-0.1310897	0.05315495	17.3459	-0.179465	1.800763	17.38172	0
116	2	-2.714858	0.05315495	17.25748	-2.672084	1.898064	17.29	0
116	3	3.555686	0.05315495	-17.35571	3.53465	1.787275	-17.31132	0
116	4	-15.99262	0.05315495	17.30807	-15.93044	1.411619	17.27259	0
116	5	2.352762	0.05315495	-22.81656	2.351688	1.485927	-22.7809	0
116	6	7.54267	0.05315495	16.37703	7.493145	1.865199	16.36219	0
117	1	-0.2134371	0.05315495	17.3568	-0.2618206	1.803361	17.38564	0
117	2	-2.636162	0.05315495	17.28328	-2.594151	1.89583	17.31376	0
117	3	3.568462	0.05315495	-17.26979	3.544243	1.785077	-17.2253	0
117	4	-15.8535	0.05315495	17.20236	-15.7839	1.399169	17.15986	0
117	5	2.364836	0.05315495	-22.73135	2.365025	1.482627	-22.69739	0
117	6	7.45734	0.05315495	16.38773	7.408874	1.867048	16.37241	0
118	1	-0.2951041	0.05315495	17.36772	-0.3432867	1.805077	17.38765	0
118	2	-2.55816	0.05315495	17.30906	-2.517241	1.893101	17.33768	0
118	3	3.581024	0.05315495	-17.18387	3.553716	1.782663	-17.13962	0
118	4	-15.6996	0.05315495	17.08655	-15.62314	1.390089	17.03807	0
118	5	2.376992	0.05315495	-22.64614	2.378331	1.480253	-22.61382	0
118	6	7.371922	0.05315495	16.39845	7.324109	1.867808	16.38217	0
119	1	-0.376063	0.05315495	17.37865	-0.424495	1.806823	17.38866	0
119	2	-2.480879	0.05315495	17.33483	-2.440989	1.890314	17.36193	0
119	3	3.593391	0.05315495	-17.09794	3.563196	1.7803	-17.0543	0
119	4	-15.53295	0.05315495	16.96191	-15.49561	1.456673	16.9757	0
119	5	2.389249	0.05315495	-22.56095	2.391664	1.478836	-22.53	0
119	6	7.286427	0.05315495	16.40917	7.239089	1.867907	16.39159	0
120	1	-0.4562907	0.05315495	17.38958	-0.5052702	1.808706	17.38777	0
120	2	-2.404339	0.05315495	17.36057	-2.365248	1.887075	17.38621	0
120	3	3.60558	0.05315495	-17.01201	3.572307	1.777398	-16.96885	0
120	4	-15.47658	0.05315495	16.92028	-15.44614	1.431878	16.90941	0
120	5	2.401621	0.05315495	-22.47579	2.405122	1.478428	-22.44657	0
120	6	7.200865	0.05315495	16.4199	7.154076	1.867405	16.40045	0
121	1	-0.5357682	0.05315495	17.40051	-0.5852749	1.810161	17.38808	0
121	2	-2.328556	0.05315495	17.38631	-2.289852	1.884288	17.4108	0
121	3	3.617615	0.05315495	-16.92607	3.581862	1.77461	-16.88295	0
121	4	-15.39452	0.05315495	16.85986	-15.37025	1.414348	16.83969	0
121	5	2.41413	0.05315495	-22.3907	2.41875	1.478013	-22.36263	0
121	6	7.115246	0.05315495	16.43064	7.069087	1.866425	16.40909	0
122	1	-0.6144805	0.05315495	17.41143	-0.6638756	1.810537	17.39822	0
122	2	-2.253543	0.05315495	17.41205	-2.215133	1.884427	17.43677	0
122	3	3.629514	0.05315495	-16.84013	3.593519	1.774392	-16.79705	0
122	4	-15.2902	0.05315495	16.78311	-15.2516	1.408787	16.7543	0
122	5	2.426797	0.05315495	-22.30567	2.431554	1.477968	-22.27766	0
122	6	7.029578	0.05315495	16.44139	6.983475	1.866312	16.41965	0
123	1	-0.6924157	0.05315495	17.42232	-0.7404435	1.814553	17.40867	0
123	2	-2.179312	0.05315495	17.4378	-2.141966	1.88057	17.46066	0
123	3	3.641297	0.05315495	-16.75419	3.602122	1.769979	-16.71061	0
123	4	-15.16663	0.05315495	16.69217	-15.12012	1.404746	16.65466	0
123	5	2.439643	0.05315495	-22.22074	2.446407	1.47615	-22.19267	0
123	6	6.943866	0.05315495	16.45214	6.898042	1.863906	16.42662	0
124	1	-0.769565	0.05315495	17.43316	-0.8163879	1.816994	17.41942	0
124	2	-2.105868	0.05315495	17.46357	-2.069846	1.878039	17.48493	0
124	3	3.652978	0.05315495	-16.66824	3.611637	1.765896	-16.62391	0
124	4	-15.02597	0.05315495	16.58976	-14.97033	1.400923	16.54309	0
124	5	2.452689	0.05315495	-22.13591	2.461948	1.474279	-22.10739	0
124	6	6.858116	0.05315495	16.46289	6.812342	1.861151	16.43382	0
125	1	-0.8459224	0.05315495	17.44395	-0.8920728	1.818403	17.42978	0
125	2	-2.033217	0.05315495	17.48938	-1.99826	1.876634	17.50961	0
125	3	3.664571	0.05315495	-16.5823	3.62151	1.762512	-16.53666	0
125	4	-14.87055	0.05315495	16.47736	-14.80737	1.395566	16.42099	0
125	5	2.465955	0.05315495	-22.0512	2.478533	1.472273	-22.02269	0
125	6	6.772334	0.05315495	16.47365	6.727182	1.858509	16.44138	0
126	1	-0.9214845	0.05315495	17.45464	-0.9671769	1.819239	17.43975	0
126	2	-1.961362	0.05315495	17.51527	-1.927431	1.876158	17.53452	0
126	3	3.676088	0.05315495	-16.49635	3.630877	1.75985	-16.44842	0
126	4	-14.70237	0.05315495	16.35622	-14.66172	1.456506	16.37112	0
126	5	2.479462	0.05315495	-21.96662	2.495926	1.469904	-21.93811	0
126	6	6.686524	0.05315495	16.48442	6.64192	1.855709	16.44911	0
127	1	-0.9962512	0.05315495	17.46521	-1.041591	1.819683	17.44925	0
127	2	-1.890722	0.05315495	17.54128	-1.858074	1.87668	17.55984	0
127	3	3.687537	0.05315495	-16.41039	3.640245	1.75758	-16.35982	0
127	4	-14.6455	0.05315495	16.31555	-14.62318	1.42235	16.29647	0
127	5	2.49323	0.05315495	-21.88216	2.51461	1.466883	-21.85329	0
127	6	6.600689	0.05315495	16.49518	6.55618	1.852566	16.45701	0
128	1	-1.068943	0.05315495	17.47549	-1.113863	1.820143	17.45829	0
128	2	-1.823018	0.05315495	17.56763	-1.791707	1.878034	17.58679	0
128	3	3.698929	0.05315495	-16.32444	3.651105	1.755665	-16.27211	0
128	4	-14.56281	0.05315495	16.2565	-14.55277	1.398029	16.21631	0
128	5	2.507276	0.05315495	-21.79784	2.534012	1.464144	-21.76847	0
128	6	6.514834	0.05315495	16.50595	6.470089	1.849514	16.46541	0
129	1	-1.138024	0.05315495	17.48517	-1.182294	1.820755	17.46656	0
129	2	-1.759618	0.05315495	17.59466	-1.729539	1.879615	17.61566	0
129	3	3.710271	0.05315495	-16.23849	3.663155	1.754139	-16.18487	0
129	4	-14.45775	0.05315495	16.18147	-14.43499	1.394751	16.12704	0
129	5	2.521615	0.05315495	-21.71366	2.552097	1.462955	-21.68389	0
129	6	6.42896	0.05315495	16.51672	6.383726	1.846235	16.47401	0
130	1	-1.202329	0.05315495	17.49374	-1.245715	1.82149	17.47334	0
130	2	-1.701512	0.05315495	17.62294	-1.672998	1.88151	17.64688	0
130	3	3.721569	0.05315495	-16.15253	3.674856	1.752887	-16.0979	0
130	4	-14.33293	0.05315495	16.09345	-14.29666	1.393345	16.03152	0
130	5	2.536267	0.05315495	-21.62962	2.56785	1.463756	-21.59968	0
130	6	6.34307	0.05315495	16.52749	6.297064	1.842506	16.48287	0
131	1	-1.261125	0.05315495	17.50041	-1.303302	1.822278	17.47757	0
131	2	-1.651616	0.05315495	17.65407	-1.626816	1.884386	17.68307	0
131	3	3.732829	0.05315495	-16.06657	3.685993	1.751983	-16.01112	0
131	4	-14.19102	0.05315495	15.99411	-14.14226	1.391512	15.9249	0
131	5	2.551248	0.05315495	-21.54572	2.583139	1.465762	-21.51543	0
131	6	6.257166	0.05315495	16.53827	6.209496	1.838758	16.49164	0
132	1	-1.309959	0.05315495	17.50227	-1.349233	1.824208	17.47548	0
132	2	-1.613649	0.05315495	17.69169	-1.597359	1.887097	17.72713	0
132	3	3.744056	0.05315495	-15.98062	3.697231	1.751844	-15.92423	0
132	4	-14.03434	0.05315495	15.88489	-13.97422	1.388821	15.80915	0
132	5	2.566565	0.05315495	-21.46196	2.599447	1.468165	-21.43089	0
132	6	6.171251	0.05315495	16.54904	6.120986	1.836062	16.50007	0
133	1	-1.347634	0.05315495	17.49526	-1.375315	1.832931	17.46518	0
133	2	-1.586529	0.05315495	17.74011	-1.578196	1.884926	17.77785	0
133	3	3.755255	0.05315495	-15.89466	3.708642	1.752325	-15.83721	0
133	4	-13.86491	0.05315495	15.76705	-13.83114	1.456275	15.77521	0
133	5	2.582232	0.05315495	-21.37832	2.616042	1.471014	-21.34627	0
133	6	6.085325	0.05315495	16.55982	6.032559	1.833919	16.509	0
134	1	-1.377702	0.05315495	17.47622	-1.392046	1.832912	17.43735	0
134	2	-1.564692	0.05315495	17.80149	-1.554593	1.876903	17.83818	0
134	3	3.766428	0.05315495	-15.8087	3.720423	1.753479	-15.75005	0
134	4	-13.8076	0.05315495	15.72729	-13.78725	1.428864	15.69195	0
134	5	2.598261	0.05315495	-21.29482	2.632832	1.474281	-21.2617	0
134	6	5.999391	0.05315495	16.5706	5.944821	1.831936	16.51947	0
135	1	-1.406371	0.05315495	17.44577	-1.410236	1.832896	17.40402	0
135	2	-1.541499	0.05315495	17.87327	-1.52218	1.866983	17.90815	0
135	3	3.77758	0.05315495	-15.72274	3.732864	1.75562	-15.6626	0
135	4	-13.72435	0.05315495	15.66955	-13.70895	1.417647	15.61674	0
135	5	2.614658	0.05315495	-21.21142	2.64978	1.477742	-21.17721	0
135	6	5.913448	0.05315495	16.58138	5.857545	1.830386	16.53107	0
136	1	-1.438892	0.05315495	17.40889	-1.440221	1.822211	17.359	0
136	2	-1.51259	0.05315495	17.94907	-1.482114	1.858963	17.98087	0
136	3	3.788714	0.05315495	-15.63678	3.745977	1.758898	-15.57485	0
136	4	-13.61826	0.05315495	15.59708	-13.58504	1.414982	15.53889	0
136	5	2.631428	0.05315495	-21.12814	2.666622	1.481291	-21.09281	0
136	6	5.827499	0.05315495	16.59216	5.770565	1.829141	16.54219	0
137	1	-1.477412	0.05315495	17.37022	-1.480653	1.819822	17.31915	0
137	2	-1.476891	0.05315495	18.02571	-1.435286	1.852401	18.05299	0
137	3	3.799831	0.05315495	-15.55082	3.759578	1.762756	-15.48728	0
137	4	-13.4924	0.05315495	15.51179	-13.44291	1.408121	15.45363	0
137	5	2.648575	0.05315495	-21.04495	2.683599	1.484282	-21.00867	0
137	6	5.741544	0.05315495	16.60294	5.683852	1.828333	16.5529	0
138	1	-1.522254	0.05315495	17.33143	-1.528043	1.817348	17.27943	0
138	2	-1.434402	0.05315495	18.10148	-1.384176	1.848398	18.1235	0
138	3	3.810934	0.05315495	-15.46486	3.773977	1.767376	-15.39943	0
138	4	-13.34945	0.05315495	15.41533	-13.28469	1.399534	15.36035	0
138	5	2.666099	0.05315495	-20.96185	2.700248	1.486778	-20.9248	0
138	6	5.655584	0.05315495	16.61372	5.596994	1.828119	16.5637	0
139	1	-1.573157	0.05315495	17.2942	-1.581948	1.814911	17.2415	0
139	2	-1.385637	0.05315495	18.17471	-1.331462	1.848	18.192	0
139	3	3.822025	0.05315495	-15.37889	3.788561	1.772283	-15.3123	0
139	4	-13.19173	0.05315495	15.30914	-13.11363	1.390687	15.25785	0
139	5	2.683988	0.05315495	-20.87882	2.715218	1.488804	-20.84123	0
139	6	5.56962	0.05315495	16.6245	5.509945	1.828517	16.57471	0
140	1	-1.629455	0.05315495	17.26008	-1.641628	1.812489	17.20684	0
140	2	-1.331442	0.05315495	18.24396	-1.275783	1.850218	18.25745	0
140	3	3.833105	0.05315495	-15.29293	3.803031	1.777158	-15.22741	0
140	4	-13.02126	0.05315495	15.19442	-13.00048	1.456341	15.19296	0
140	5	2.70225	0.05315495	-20.79585	2.728204	1.490226	-20.75793	0
140	6	5.483652	0.05315495	16.63529	5.422759	1.829549	16.58606	0
141	1	-1.690322	0.05315495	17.23004	-1.706221	1.810242	17.17657	0
141	2	-1.272561	0.05315495	18.3089	-1.214926	1.853131	18.3188	0
141	3	3.844175	0.05315495	-15.20697	3.817248	1.781267	-15.14419	0
141	4	-12.96318	0.05315495	15.15644	-12.9255	1.442859	15.15058	0
141	5	2.720878	0.05315495	-20.71292	2.740047	1.491285	-20.67446	0
141	6	5.397681	0.05315495	16.64607	5.335417	1.831366	16.59797	0
142	1	-1.755269	0.05315495	17.20372	-1.774418	1.807641	17.14989	0
142	2	-1.209498	0.05315495	18.36991	-1.149514	1.856744	18.37654	0
142	3	3.855238	0.05315495	-15.12101	3.831314	1.785422	-15.06061	0
142	4	-12.87877	0.05315495	15.10164	-12.83818	1.436908	15.09518	0
142	5	2.739859	0.05315495	-20.63002	2.750206	1.492611	-20.59035	0
142	6	5.311707	0.05315495	16.65685	5.247724	1.834256	16.61055	0
143	1	-1.823836	0.05315495	17.18079	-1.845895	1.804801	17.12658	0
143	2	-1.142723	0.05315495	18.42731	-1.080557	1.860684	18.43095	0
143	3	3.866294	0.05315495	-15.03504	3.844779	1.789178	-14.97568	0
143	4	-12.77155	0.05315495	15.03222	-12.72055	1.426966	15.01387	0
143	5	2.7592	0.05315495	-20.54714	2.760116	1.493872	-20.50596	0
143	6	5.225729	0.05315495	16.66764	5.160065	1.837869	16.62366	0
144	1	-1.895604	0.05315495	17.16097	-1.920292	1.80152	17.10632	0
144	2	-1.072667	0.05315495	18.48141	-1.008504	1.865211	18.48249	0
144	3	3.877343	0.05315495	-14.94908	3.858132	1.79198	-14.89067	0
144	4	-12.6446	0.05315495	14.95007	-12.58441	1.41723	14.92177	0
144	5	2.778877	0.05315495	-20.46425	2.771146	1.495232	-20.42172	0
144	6	5.13975	0.05315495	16.67842	5.072158	1.842532	16.63773	0
145	1	-1.970182	0.05315495	17.144	-1.997401	1.798225	17.08905	0
145	2	-0.9997289	0.05315495	18.53245	-0.9341857	1.869328	18.53145	0
145	3	3.888387	0.05315495	-14.86312	3.871393	1.792786	-14.80643	0
145	4	-12.50059	0.05315495	14.85684	-12.43233	1.408761	14.82047	0
145	5	2.798839	0.05315495	-20.38135	2.79147	1.497666	-20.33973	0
145	6	5.05377	0.05315495	16.68921	4.984539	1.847403	16.65209	0
146	1	-2.047214	0.05315495	17.12967	-2.077041	1.794845	17.07425	0
146	2	-0.9242727	0.05315495	18.58068	-0.857799	1.873261	18.57819	0
146	3	3.899427	0.05315495	-14.77715	3.884764	1.791849	-14.72292	0
146	4	-12.34184	0.05315495	14.75393	-12.26636	1.40265	14.71143	0
146	5	2.8191	0.05315495	-20.29842	2.811831	1.49951	-20.25773	0
146	6	4.967787	0.05315495	16.69999	4.898489	1.85235	16.66636	0
147	1	-2.126372	0.05315495	17.11778	-2.159146	1.791697	17.06141	0
147	2	-0.8466325	0.05315495	18.62631	-0.7798729	1.876661	18.62303	0
147	3	3.910463	0.05315495	-14.69119	3.897973	1.790275	-14.63915	0
147	4	-12.17002	0.05315495	14.64346	-12.13826	1.455959	14.64534	0
147	5	2.839669	0.05315495	-20.21544	2.832268	1.500746	-20.17539	0
147	6	4.881804	0.05315495	16.71077	4.814789	1.856844	16.68052	0
148	1	-2.207356	0.05315495	17.10814	-2.243443	1.788854	17.05038	0
148	2	-0.7671131	0.05315495	18.66953	-0.7023764	1.879574	18.66802	0
148	3	3.921495	0.05315495	-14.60522	3.910843	1.788881	-14.55456	0
148	4	-12.11153	0.05315495	14.60647	-12.07177	1.443898	14.60993	0
148	5	2.860546	0.05315495	-20.13239	2.852747	1.501452	-20.09275	0
148	6	4.795818	0.05315495	16.72156	4.731709	1.860991	16.69457	0
149	1	-2.289895	0.05315495	17.1006	-2.329392	1.786068	17.04174	0
149	2	-0.6859924	0.05315495	18.71051	-0.6262329	1.881636	18.71449	0
149	3	3.932524	0.05315495	-14.51926	3.923575	1.787111	-14.46972	0
149	4	-12.02667	0.05315495	14.55301	-11.98496	1.432157	14.55988	0
149	5	2.881628	0.05315495	-20.04927	2.873018	1.50173	-20.00993	0
149	6	4.709832	0.05315495	16.73234	4.647444	1.865464	16.70837	0
150	1	-2.373738	0.05315495	17.09501	-2.416156	1.78358	17.03652	0
150	2	-0.6035234	0.05315495	18.74941	-0.5498922	1.883303	18.76208	0
150	3	3.943551	0.05315495	-14.4333	3.936148	1.784741	-14.38515	0
150	4	-11.91898	0.05315495	14.48524	-11.8657	1.423854	14.48217	0
150	5	2.902922	0.05315495	-19.96607	2.893243	1.501573	-19.92692	0
150	6	4.623845	0.05315495	16.74313	4.562307	1.868855	16.72153	0
151	1	-2.45866	0.05315495	17.09122	-2.503667	1.781534	17.034	0
151	2	-0.5199358	0.05315495	18.78638	-0.4725483	1.885247	18.81018	0
151	3	3.954576	0.05315495	-14.34733	3.94855	1.781853	-14.30077	0
151	4	-11.79154	0.05315495	14.405	-11.72751	1.417508	14.39318	0
151	5	2.924423	0.05315495	-19.88277	2.913452	1.501048	-19.84381	0
151	6	4.537858	0.05315495	16.75391	4.477584	1.870702	16.7346	0
152	1	-2.544456	0.05315495	17.08913	-2.591645	1.779822	17.03294	0
152	2	-0.4354378	0.05315495	18.82156	-0.3941447	1.887023	18.85774	0
152	3	3.965598	0.05315495	-14.26137	3.960873	1.778573	-14.21632	0
152	4	-11.64702	0.05315495	14.3139	-11.5731	1.412108	14.2946	0
152	5	2.946123	0.05315495	-19.79935	2.93356	1.500176	-19.76066	0
152	6	4.451869	0.05315495	16.7647	4.393877	1.870571	16.74784	0
153	1	-2.630939	0.05315495	17.0886	-2.679924	1.778471	17.03306	0
153	2	-0.3502179	0.05315495	18.85507	-0.3110265	1.89016	18.89438	0
153	3	3.976619	0.05315495	-14.1754	3.973186	1.77523	-14.13146	0
153	4	-11.48742	0.05315495	14.21422	-11.40439	1.406731	14.18894	0
153	5	2.967927	0.05315495	-19.71581	2.953614	1.498998	-19.67703	0
153	6	4.36588	0.05315495	16.77548	4.310366	1.869161	16.76098	0
154	1	-2.717942	0.05315495	17.08954	-2.76872	1.777608	17.03464	0
154	2	-0.2644464	0.05315495	18.88702	-0.2258915	1.893566	18.92456	0
154	3	3.987638	0.05315495	-14.08944	3.985656	1.771708	-14.04642	0
154	4	-11.31479	0.05315495	14.10703	-11.2783	1.456341	14.11993	0
154	5	2.989828	0.05315495	-19.63214	2.973503	1.497418	-19.59298	0
154	6	4.279891	0.05315495	16.78627	4.226319	1.867573	16.774	0
155	1	-2.805314	0.05315495	17.09186	-2.858077	1.777481	17.03777	0
155	2	-0.1782769	0.05315495	18.91753	-0.1403298	1.895784	18.95398	0
155	3	3.998656	0.05315495	-14.00348	3.997949	1.768412	-13.96188	0
155	4	-11.256	0.05315495	14.07088	-11.20944	1.429506	14.08695	0
155	5	3.011813	0.05315495	-19.54834	2.993349	1.49561	-19.50908	0
155	6	4.193901	0.05315495	16.79706	4.14152	1.866065	16.7866	0
156	1	-2.892917	0.05315495	17.09544	-2.947757	1.778071	17.04243	0
156	2	-0.09184779	0.05315495	18.94669	-0.05450619	1.897091	18.98277	0
156	3	4.009672	0.05315495	-13.91751	4.010245	1.765328	-13.87782	0
156	4	-11.17082	0.05315495	14.01863	-11.1179	1.409843	14.0378	0
156	5	3.033864	0.05315495	-19.46438	3.012971	1.493513	-19.42532	0
156	6	4.10791	0.05315495	16.80784	4.056791	1.863955	16.79915	0
157	1	-2.98063	0.05315495	17.10023	-3.037648	1.779576	17.04886	0
157	2	-0.005283363	0.05315495	18.97459	0.03141283	1.897537	19.01095	0
157	3	4.020688	0.05315495	-13.83155	4.022547	1.763089	-13.79359	0
157	4	-11.0628	0.05315495	13.95235	-10.99671	1.407062	13.95894	0
157	5	3.055895	0.05315495	-19.38029	3.032707	1.49129	-19.3413	0
157	6	4.021919	0.05315495	16.81863	3.972462	1.861098	16.81159	0
158	1	-3.068341	0.05315495	17.10612	-3.127599	1.78188	17.05686	0
158	2	0.08130474	0.05315495	19.00133	0.1173182	1.897375	19.03833	0
158	3	4.031703	0.05315495	-13.74558	4.034693	1.761977	-13.70914	0
158	4	-10.93501	0.05315495	13.87388	-10.8585	1.403975	13.86851	0
158	5	3.07789	0.05315495	-19.29604	3.052852	1.489158	-19.25687	0
158	6	3.935928	0.05315495	16.82941	3.888042	1.858049	16.82373	0
159	1	-3.155954	0.05315495	17.11305	-3.217704	1.785515	17.0667	0
159	2	0.1678165	0.05315495	19.02697	0.2026916	1.89655	19.06521	0
159	3	4.042717	0.05315495	-13.65962	4.046946	1.761669	-13.62508	0
159	4	-10.78983	0.05315495	13.78568	-10.70388	1.39983	13.77156	0
159	5	3.099825	0.05315495	-19.21164	3.072885	1.486605	-19.17207	0
159	6	3.849937	0.05315495	16.8402	3.80363	1.854195	16.83605	0
160	1	-3.24338	0.05315495	17.12096	-3.308635	1.792548	17.0801	0
160	2	0.2541625	0.05315495	19.05161	0.2872523	1.894147	19.09291	0
160	3	4.05373	0.05315495	-13.57365	4.060269	1.760069	-13.54026	0
160	4	-10.62961	0.05315495	13.68897	-10.5343	1.395101	13.66703	0
160	5	3.12163	0.05315495	-19.1271	3.092298	1.482513	-19.08664	0
160	6	3.763946	0.05315495	16.85099	3.719233	1.848417	16.84927	0
161	1	-3.330539	0.05315495	17.12977	-3.397613	1.798078	17.09349	0
161	2	0.3403069	0.05315495	19.07532	0.3726768	1.891959	19.11912	0
161	3	4.064744	0.05315495	-13.48769	4.073024	1.758407	-13.45385	0
161	4	-10.45641	0.05315495	13.5848	-10.42104	1.456613	13.6068	0
161	5	3.143282	0.05315495	-19.04242	3.112652	1.47966	-19.00108	0
161	6	3.677954	0.05315495	16.86177	3.634932	1.84481	16.86149	0
162	1	-3.417464	0.05315495	17.13937	-3.48388	1.802975	17.10713	0
162	2	0.4262782	0.05315495	19.09823	0.4574612	1.889621	19.14431	0
162	3	4.075756	0.05315495	-13.40173	4.086455	1.756581	-13.36742	0
162	4	-10.39738	0.05315495	13.54945	-10.34338	1.425253	13.56543	0
162	5	3.164754	0.05315495	-18.9576	3.132794	1.477262	-18.91479	0
162	6	3.591995	0.05315495	16.87254	3.550817	1.841925	16.87352	0
162	7	8.393933	0.05315495	-17.54186	8.34266	1.765354	-17.54455	0
163	1	-3.504186	0.05315495	17.14967	-3.565444	1.811919	17.12472	0
163	2	0.5120219	0.05315495	19.12049	0.5403473	1.883902	19.1716	0
163	3	4.086768	0.05315495	-13.31576	4.105691	1.75142	-13.28122	0
163	4	-10.31166	0.05315495	13.49925	-10.24937	1.413579	13.50818	0
163	5	3.18599	0.05315495	-18.87265	3.151284	1.473473	-18.82552	0
163	6	3.506143	0.05315495	16.88322	3.46863	1.838663	16.88688	0
163	7	8.381959	0.05315495	-17.52392	8.330655	1.765394	-17.52715	0
164	1	-3.590729	0.05315495	17.16056	-3.650944	1.816452	17.13902	0
164	2	0.5974929	0.05315495	19.14223	0.6251343	1.880379	19.19598	0
164	3	4.09778	0.05315495	-13.2298	4.12314	1.747337	-13.19452	0
164	4	-10.20284	0.05315495	13.43614	-10.12922	1.415563	13.42966	0
164	5	3.206962	0.05315495	-18.78757	3.17247	1.471711	-18.73906	0
164	6	3.420458	0.05315495	16.89377	3.38501	1.838406	16.89885	0
164	7	8.365167	0.05315495	-17.49876	8.313857	1.765413	-17.50225	0
165	1	-3.677119	0.05315495	17.17199	-3.736125	1.819044	17.15344	0
165	2	0.6826578	0.05315495	19.1636	0.7100661	1.876891	19.2197	0
165	3	4.108791	0.05315495	-13.14383	4.141299	1.74361	-13.10752	0
165	4	-10.07403	0.05315495	13.36176	-9.993559	1.413709	13.34382	0
165	5	3.227626	0.05315495	-18.70239	3.193746	1.470455	-18.65305	0
165	6	3.334985	0.05315495	16.90415	3.300125	1.837163	16.91087	0
165	7	8.344199	0.05315495	-17.46734	8.292895	1.76543	-17.47103	0
166	1	-3.763373	0.05315495	17.18387	-3.819374	1.818767	17.16886	0
166	2	0.7674942	0.05315495	19.1847	0.7950603	1.872668	19.24309	0
166	3	4.119802	0.05315495	-13.05787	4.156798	1.742521	-13.02072	0
166	4	-9.927949	0.05315495	13.27759	-9.842732	1.408785	13.25072	0
166	5	3.247955	0.05315495	-18.61711	3.213951	1.469446	-18.56707	0
166	6	3.249756	0.05315495	16.9143	3.214254	1.835242	16.92309	0
166	7	8.319613	0.05315495	-17.4305	8.256203	1.742502	-17.4258	0
166	8	8.875956	0.05315495	17.8253	8.90826	1.667232	17.79585	2
167	1	-3.849511	0.05315495	17.19616	-3.900941	1.81512	17.18649	0
167	2	0.8519902	0.05315495	19.20563	0.8822671	1.86613	19.26986	0
167	3	4.130814	0.05315495	-12.9719	4.169005	1.746916	-12.93344	0
167	4	-9.766947	0.05315495	13.185	-9.679629	1.399217	13.15047	0
167	5	3.267916	0.05315495	-18.53175	3.234077	1.46953	-18.47998	0
167	6	3.164791	0.05315495	16.92419	3.128608	1.830221	16.94076	0
167	7	8.291889	0.05315495	-17.38896	8.226814	1.739889	-17.38227	0
167	8	8.871436	0.05315495	17.76332	8.854676	1.63677	17.72473	2
167	9	8.882837	0.05315495	17.91969	8.886981	1.816522	17.95878	2
168	1	-3.935547	0.05315495	17.2088	-3.984256	1.810691	17.20266	0
168	2	0.9361437	0.05315495	19.22649	0.9696528	1.862293	19.29399	0
168	3	4.141824	0.05315495	-12.88594	4.181828	1.753896	-12.84459	0
168	4	-9.592789	0.05315495	13.08619	-9.55856	1.456525	13.10606	0
168	5	3.287485	0.05315495	-18.44631	3.255179	1.472218	-18.39261	0
168	6	3.080099	0.05315495	16.93377	3.042565	1.82374	16.96081	0
168	7	8.261448	0.05315495	-17.34335	8.195286	1.738644	-17.33395	0
168	8	8.864559	0.05315495	17.66901	8.824971	1.625821	17.62407	2
168	9	8.886897	0.05315495	17.97538	8.89611	1.814363	18.01492	2
169	1	-4.021494	0.05315495	17.22174	-4.066621	1.803226	17.2189	0
169	2	1.019962	0.05315495	19.24734	1.05596	1.859757	19.31464	0
169	3	4.152835	0.05315495	-12.79998	4.193443	1.762873	-12.75528	0
169	4	-9.533098	0.05315495	13.05357	-9.494262	1.445862	13.05123	0
169	5	3.306646	0.05315495	-18.3608	3.278297	1.478531	-18.30462	0
169	6	2.995679	0.05315495	16.94302	2.956135	1.819962	16.97986	0
169	7	8.228651	0.05315495	-17.2942	8.162131	1.739207	-17.28123	0
169	8	8.856573	0.05315495	17.55949	8.825794	1.62852	17.50569	2
169	9	8.89038	0.05315495	18.02315	8.894267	1.822165	18.06256	2
169	10	-19.73601	0.05315495	23.51719	-19.70232	1.662068	23.50673	0
170	1	-4.107365	0.05315495	17.23495	-4.149536	1.79467	17.23572	0
170	2	1.103461	0.05315495	19.26827	1.141177	1.859213	19.33636	0
170	3	4.163845	0.05315495	-12.71401	4.20223	1.771269	-12.66633	0
170	4	-9.446823	0.05315495	13.00702	-9.412191	1.429433	12.99468	0
170	5	3.325387	0.05315495	-18.27524	3.303934	1.488455	-18.21742	0
170	6	2.911517	0.05315495	16.9519	2.870564	1.824418	16.98951	0
170	7	8.193812	0.05315495	-17.242	8.128146	1.742212	-17.22384	0
170	8	8.848516	0.05315495	17.449	8.857212	1.633197	17.39468	2
170	9	8.892414	0.05315495	18.05106	8.857204	1.851348	18.0837	2
170	10	-19.71754	0.05315495	23.48424	-19.68618	1.661995	23.47304	0
171	1	-4.193168	0.05315495	17.24839	-4.232316	1.790145	17.25129	0
171	2	1.186667	0.05315495	19.28934	1.226107	1.860754	19.35754	0
171	3	4.174855	0.05315495	-12.62805	4.205011	1.774978	-12.57982	0
171	4	-9.337538	0.05315495	12.94852	-9.293263	1.41448	12.92834	0
171	5	3.343703	0.05315495	-18.18963	3.326137	1.494484	-18.1357	0
171	6	2.827594	0.05315495	16.96038	2.784345	1.829641	16.99904	0
171	7	8.157204	0.05315495	-17.18715	8.093013	1.744668	-17.16553	0
171	8	8.841169	0.05315495	17.34824	8.857119	1.644068	17.30309	2
171	9	8.893164	0.05315495	18.06135	8.859358	1.851354	18.09373	2
171	10	-19.69589	0.05315495	23.4456	-19.68176	1.648625	23.41017	0
172	1	-4.278913	0.05315495	17.26203	-4.315355	1.788009	17.26693	0
172	2	1.269611	0.05315495	19.31059	1.311568	1.864101	19.37792	0
172	3	4.185865	0.05315495	-12.54208	4.202174	1.777197	-12.49376	0
172	4	-9.208348	0.05315495	12.87981	-9.156138	1.404835	12.85308	0
172	5	3.361591	0.05315495	-18.10398	3.34711	1.499715	-18.05273	0
172	6	2.743878	0.05315495	16.96845	2.698212	1.835533	17.00766	0
172	7	8.119061	0.05315495	-17.13	8.057959	1.747171	-17.1067	0
172	8	8.834497	0.05315495	17.25675	8.850499	1.649786	17.21441	2
172	9	8.892787	0.05315495	18.0562	8.925175	1.851354	18.02407	2
172	10	-19.67148	0.05315495	23.40203	-19.65854	1.647533	23.36454	0
173	1	-4.364606	0.05315495	17.27586	-4.398602	1.787513	17.28256	0
173	2	1.352336	0.05315495	19.33208	1.397296	1.86892	19.39772	0
173	3	4.196876	0.05315495	-12.45612	4.196378	1.779582	-12.40688	0
173	4	-9.061955	0.05315495	12.80248	-9.003016	1.40167	12.76959	0
173	5	3.379053	0.05315495	-18.01829	3.366891	1.503152	-17.96839	0
173	6	2.660332	0.05315495	16.97609	2.61242	1.841269	17.01513	0
173	7	8.079591	0.05315495	-17.07085	8.022011	1.749665	-17.04655	0
173	8	8.82845	0.05315495	17.17382	8.845197	1.652865	17.1329	2
173	9	8.891409	0.05315495	18.03731	8.922417	1.851345	18.00544	2
173	10	-19.64468	0.05315495	23.35419	-19.63132	1.646498	23.31623	0
174	1	-4.450256	0.05315495	17.28983	-4.483836	1.785579	17.29885	0
174	2	1.434889	0.05315495	19.35383	1.483491	1.875077	19.41665	0
174	3	4.207885	0.05315495	-12.37016	4.193306	1.78212	-12.32034	0
174	4	-8.900443	0.05315495	12.71888	-8.833847	1.399197	12.67937	0
174	5	3.396094	0.05315495	-17.93257	3.38634	1.503487	-17.88542	0
174	6	2.57691	0.05315495	16.98327	2.527013	1.846451	17.0213	0
174	7	8.038968	0.05315495	-17.00998	7.984016	1.752502	-16.98418	0
174	8	8.822965	0.05315495	17.0986	8.841248	1.654713	17.05884	2
174	9	8.889108	0.05315495	18.00576	8.918678	1.851324	17.97418	2
174	10	-19.6158	0.05315495	23.30265	-19.60005	1.64566	23.26577	0
175	1	-4.535867	0.05315495	17.30395	-4.570022	1.783349	17.31566	0
175	2	1.517323	0.05315495	19.37587	1.56892	1.881552	19.43521	0
175	3	4.218895	0.05315495	-12.28419	4.204735	1.785945	-12.236	0
175	4	-8.725883	0.05315495	12.63015	-8.652653	1.394295	12.58269	0
175	5	3.41272	0.05315495	-17.84682	3.405068	1.501838	-17.80251	0
175	6	2.493562	0.05315495	16.99002	2.442272	1.850313	17.02602	0
175	7	7.997347	0.05315495	-16.94762	7.944331	1.754586	-16.92027	0
175	8	8.817971	0.05315495	17.03013	8.837696	1.655892	16.99139	2
175	9	8.885971	0.05315495	17.96276	8.880523	1.832372	17.9219	2
175	10	-19.58512	0.05315495	23.2479	-19.56516	1.645194	23.21311	0
176	1	-4.621444	0.05315495	17.31818	-4.655638	1.780183	17.33493	0
176	2	1.599698	0.05315495	19.39822	1.650784	1.888149	19.45249	0
176	3	4.229905	0.05315495	-12.19823	4.215525	1.78854	-12.15148	0
176	4	-8.540078	0.05315495	12.53732	-8.502197	1.45649	12.55854	0
176	5	3.428943	0.05315495	-17.76105	3.423205	1.500097	-17.71855	0
176	6	2.410231	0.05315495	16.99632	2.358634	1.853516	17.02555	0
176	7	7.954861	0.05315495	-16.88396	7.904723	1.755477	-16.85551	0
176	8	8.813396	0.05315495	16.9674	8.834799	1.656564	16.92959	2
176	9	8.882091	0.05315495	17.90955	8.868161	1.828898	17.86616	2
176	10	-19.55289	0.05315495	23.19036	-19.5263	1.64515	23.1592	0
177	1	-4.706992	0.05315495	17.33251	-4.741233	1.776143	17.35567	0
177	2	1.682075	0.05315495	19.42088	1.731167	1.893866	19.46983	0
177	3	4.240914	0.05315495	-12.11226	4.225596	1.78966	-12.06637	0
177	4	-8.479541	0.05315495	12.50982	-8.453567	1.42336	12.49572	0
177	5	3.444774	0.05315495	-17.67525	3.440586	1.49778	-17.63428	0
177	6	2.326861	0.05315495	17.00219	2.27585	1.855419	17.02041	0
177	7	7.911624	0.05315495	-16.81917	7.865227	1.754169	-16.79035	0
177	8	8.809166	0.05315495	16.90939	8.832133	1.656858	16.87206	2
177	9	8.877402	0.05315495	17.84526	8.855124	1.825404	17.7989	2
177	10	-19.51931	0.05315495	23.13042	-19.48491	1.645168	23.10366	0
178	1	-4.792515	0.05315495	17.34693	-4.82749	1.771314	17.37833	0
178	2	1.764517	0.05315495	19.44383	1.8134	1.898997	19.48924	0
178	3	4.251924	0.05315495	-12.0263	4.234996	1.789748	-11.98103	0
178	4	-8.392402	0.05315495	12.47151	-8.373999	1.400102	12.43387	0
178	5	3.460224	0.05315495	-17.58943	3.457398	1.494463	-17.55041	0
178	6	2.243391	0.05315495	17.00765	2.192585	1.857447	17.01151	0
178	7	7.867738	0.05315495	-16.75341	7.824704	1.752184	-16.72418	0
178	8	8.805204	0.05315495	16.85507	8.829607	1.656886	16.81788	2
178	9	8.872182	0.05315495	17.77369	8.846302	1.824076	17.72526	2
178	10	-19.48455	0.05315495	23.06839	-19.4492	1.646646	23.04226	0
179	1	-4.878016	0.05315495	17.36143	-4.913771	1.76843	17.39956	0
179	2	1.847086	0.05315495	19.46707	1.895837	1.901951	19.50958	0
179	3	4.262934	0.05315495	-11.94033	4.243988	1.789058	-11.89568	0
179	4	-8.28224	0.05315495	12.424	-8.253915	1.395118	12.37556	0
179	5	3.475309	0.05315495	-17.5036	3.473626	1.490895	-17.46622	0
179	6	2.159765	0.05315495	17.01274	2.109056	1.859207	17.00196	0
179	7	7.823289	0.05315495	-16.68681	7.782558	1.750466	-16.65688	0
179	8	8.801441	0.05315495	16.80347	8.827083	1.656758	16.76646	2
179	9	8.86652	0.05315495	17.69606	8.841497	1.823104	17.64646	2
179	10	-19.44878	0.05315495	23.00455	-19.41359	1.647895	22.97869	0
180	1	-4.963497	0.05315495	17.37601	-4.999707	1.769098	17.41623	0
180	2	1.929842	0.05315495	19.49056	1.977149	1.901932	19.52908	0
180	3	4.273943	0.05315495	-11.85437	4.252276	1.78759	-11.81045	0
180	4	-8.152164	0.05315495	12.36873	-8.109834	1.395911	12.3166	0
180	5	3.490043	0.05315495	-17.41775	3.489716	1.487023	-17.38152	0
180	6	2.07593	0.05315495	17.01751	2.025993	1.862058	16.99917	0
180	7	7.778352	0.05315495	-16.61948	7.73984	1.748216	-16.58894	0
180	8	8.797812	0.05315495	16.7537	8.824749	1.656399	16.71698	2
180	9	8.860503	0.05315495	17.61356	8.84194	1.822384	17.56365	2
180	10	-19.41213	0.05315495	22.93914	-19.37687	1.648823	22.91369	0
181	1	-5.048961	0.05315495	17.39064	-5.085903	1.771952	17.43127	0
181	2	2.012839	0.05315495	19.51426	2.058314	1.899597	19.54841	0
181	3	4.284953	0.05315495	-11.76841	4.259914	1.7852	-11.72442	0
181	4	-8.004879	0.05315495	12.30698	-7.94903	1.3966	12.25045	0
181	5	3.504442	0.05315495	-17.33189	3.505444	1.483089	-17.29736	0
181	6	1.991839	0.05315495	17.02198	1.943576	1.865504	17.00374	0
181	7	7.732991	0.05315495	-16.55151	7.697208	1.744761	-16.52084	0
181	8	8.794256	0.05315495	16.70496	8.822617	1.655797	16.6686	2
181	9	8.854211	0.05315495	17.52728	8.849785	1.822808	17.47695	2
181	10	-19.37472	0.05315495	22.87237	-19.33908	1.649293	22.84749	0
182	1	-5.134411	0.05315495	17.40532	-5.173349	1.776923	17.44757	0
182	2	2.096122	0.05315495	19.53812	2.140863	1.896963	19.56861	0
182	3	4.295963	0.05315495	-11.68244	4.266653	1.781705	-11.63894	0
182	4	-7.842734	0.05315495	12.2399	-7.774126	1.396615	12.18039	0
182	5	3.518522	0.05315495	-17.24602	3.520976	1.479526	-17.21395	0
182	6	1.907454	0.05315495	17.02624	1.860544	1.86771	17.00732	0
182	7	7.687264	0.05315495	-16.483	7.65451	1.739812	-16.45244	0
182	8	8.790725	0.05315495	16.65654	8.82076	1.654833	16.62055	2
182	9	8.847717	0.05315495	17.43824	8.865106	1.82419	17.38729	2
182	10	-19.33665	0.05315495	22.80442	-19.30007	1.649225	22.78052	0
183	1	-5.219848	0.05315495	17.42005	-5.261046	1.782834	17.46343	0
183	2	2.179729	0.05315495	19.56208	2.223603	1.893257	19.58939	0
183	3	4.306973	0.05315495	-11.59648	4.273632	1.777985	-11.55373	0
183	4	-7.667546	0.05315495	12.16948	-7.588157	1.393133	12.11072	0
183	5	3.5323	0.05315495	-17.16013	3.536134	1.478018	-17.13029	0
183	6	1.822743	0.05315495	17.03033	1.776711	1.86834	17.00992	0
183	7	7.64122	0.05315495	-16.414	7.610917	1.734798	-16.38293	0
183	8	8.787172	0.05315495	16.60784	8.818755	1.653705	16.57201	2
183	9	8.841088	0.05315495	17.34734	8.858523	1.82882	17.29824	2
183	10	-19.29801	0.05315495	22.73545	-19.26013	1.648491	22.71288	0
184	1	-5.305274	0.05315495	17.43482	-5.348614	1.788677	17.47854	0
184	2	2.263687	0.05315495	19.58608	2.306217	1.888358	19.61037	0
184	3	4.317982	0.05315495	-11.51051	4.281364	1.77419	-11.46779	0
184	4	-7.481119	0.05315495	12.09651	-7.456672	1.456026	12.10248	0
184	5	3.545793	0.05315495	-17.07424	3.550955	1.477563	-17.04625	0
184	6	1.73769	0.05315495	17.03433	1.69243	1.867931	17.01183	0
184	7	7.5949	0.05315495	-16.3446	7.567045	1.730302	-16.31346	0
184	8	8.783563	0.05315495	16.55834	8.816556	1.652435	16.5225	2
184	9	8.834382	0.05315495	17.25537	8.852046	1.831384	17.20791	2
184	10	-19.25887	0.05315495	22.6656	-19.2195	1.647215	22.64475	0
185	1	-5.39069	0.05315495	17.44962	-5.435782	1.793483	17.49278	0
185	2	2.348011	0.05315495	19.61006	2.389722	1.883411	19.63181	0
185	3	4.328991	0.05315495	-11.42455	4.289849	1.770661	-11.38142	0
185	4	-7.41969	0.05315495	12.07442	-7.388012	1.439355	12.05365	0
185	5	3.55902	0.05315495	-16.98835	3.565693	1.476127	-16.96054	0
185	6	1.652286	0.05315495	17.03831	1.607901	1.866799	17.01344	0
185	7	7.548341	0.05315495	-16.27484	7.522851	1.726865	-16.24421	0
185	8	8.779865	0.05315495	16.50765	8.814123	1.651049	16.47169	2
185	9	8.827648	0.05315495	17.16305	8.846328	1.832293	17.11659	2
185	10	-19.2193	0.05315495	22.59497	-19.17814	1.645552	22.57552	0
186	1	-5.476098	0.05315495	17.46445	-5.522686	1.797572	17.50606	0
186	2	2.432703	0.05315495	19.63394	2.474075	1.878294	19.65312	0
186	3	4.340001	0.05315495	-11.33858	4.298701	1.766729	-11.29476	0
186	4	-7.331948	0.05315495	12.04382	-7.295458	1.430951	12.02489	0
186	5	3.571998	0.05315495	-16.90244	3.580649	1.474337	-16.8741	0
186	6	1.566535	0.05315495	17.04232	1.522816	1.86492	17.01452	0
186	7	7.501575	0.05315495	-16.20476	7.478502	1.724303	-16.17459	0
186	8	8.776057	0.05315495	16.45545	8.811622	1.649382	16.41928	2
186	9	8.82093	0.05315495	17.07093	8.841458	1.832237	17.02541	2
186	10	-19.17936	0.05315495	22.52369	-19.13603	1.643406	22.50565	0
187	1	-5.561498	0.05315495	17.47931	-5.608917	1.800707	17.51518	0
187	2	2.517758	0.05315495	19.65766	2.557805	1.873581	19.67413	0
187	3	4.35101	0.05315495	-11.25262	4.307848	1.762894	-11.20747	0
187	4	-7.221435	0.05315495	12.006	-7.170302	1.42441	12.00058	0
187	5	3.584739	0.05315495	-16.81653	3.596728	1.472128	-16.78802	0
187	6	1.48045	0.05315495	17.04645	1.436819	1.862387	17.01537	0
187	7	7.454656	0.05315495	-16.13442	7.43411	1.723298	-16.10496	0
187	8	8.772122	0.05315495	16.4015	8.808907	1.647443	16.36506	2
187	9	8.814263	0.05315495	16.97952	8.837288	1.831291	16.93508	2
187	10	-19.1391	0.05315495	22.45182	-19.0938	1.640993	22.43572	0
188	1	-5.646892	0.05315495	17.4942	-5.694774	1.80291	17.51829	0
188	2	2.603157	0.05315495	19.68116	2.641458	1.869429	19.6944	0
188	3	4.362019	0.05315495	-11.16666	4.316037	1.75937	-11.11841	0
188	4	-7.091022	0.05315495	11.96307	-7.030446	1.420071	11.95464	0
188	5	3.59722	0.05315495	-16.73063	3.614375	1.468829	-16.70198	0
188	6	1.394055	0.05315495	17.05075	1.351291	1.85895	17.01571	0
188	7	7.40765	0.05315495	-16.06383	7.38984	1.722364	-16.03468	0
188	8	8.768049	0.05315495	16.34566	8.806179	1.645078	16.30876	2
188	9	8.807675	0.05315495	16.88918	8.834359	1.829242	16.84548	2
188	10	-19.11246	0.05315495	22.35163	-19.06708	1.627914	22.32578	0
189	1	-5.732281	0.05315495	17.5091	-5.781473	1.805078	17.51844	0
189	2	2.688874	0.05315495	19.70438	2.725574	1.867728	19.71467	0
189	3	4.373028	0.05315495	-11.08069	4.325054	1.756788	-11.02955	0
189	4	-6.943412	0.05315495	11.91593	-6.875242	1.414168	11.90226	0
189	5	3.609425	0.05315495	-16.64473	3.632723	1.465031	-16.61533	0
189	6	1.307381	0.05315495	17.05527	1.265481	1.855437	17.01667	0
189	7	7.360611	0.05315495	-15.99302	7.344381	1.720382	-15.96255	0
189	8	8.763832	0.05315495	16.28784	8.803247	1.642767	16.25023	2
189	9	8.801187	0.05315495	16.80021	8.83152	1.826818	16.75676	2
189	10	-19.0976	0.05315495	22.22688	-19.05562	1.620037	22.17966	0
