5	1	1275.975	535.8748	0
5	2	834.3867	39.79919	0
5	3	-479.0843	341.6795	2
5	4	-497.6648	350.7368	2
6	1	1274.647	533.9236	0
6	2	832.334	39.34479	0
6	3	-473.0403	342.8342	2
6	4	-494.6335	349.9508	2
7	1	1272.975	531.7271	0
7	2	829.7954	38.87537	0
7	3	-466.2324	340.8599	2
7	4	-491.4219	349.1598	2
8	1	1271.069	529.3578	0
8	2	826.5932	38.41406	0
8	3	-458.5458	337.8887	2
8	4	-487.9584	348.4371	2
9	1	1268.752	526.9557	0
9	2	823.0987	37.71814	0
9	3	-450.6121	335.1332	2
9	4	-484.2097	347.8623	2
10	1	1265.967	524.4572	0
10	2	820.0865	37.77319	0
10	3	-442.3264	332.5086	2
10	4	-480.3801	347.125	2
11	1	1263.499	521.765	0
11	2	816.937	38.33997	0
11	3	-433.6514	329.6798	2
11	4	-476.5184	346.0599	2
12	1	1261.044	518.9796	0
12	2	813.6637	39.08289	0
12	3	-424.1902	326.9503	2
12	4	-472.3609	344.7401	2
13	1	1258.367	516.1742	0
13	2	810.3621	39.86884	0
13	3	-414.8962	324.3262	2
13	4	-467.8328	342.9694	2
14	1	1255.486	513.3593	0
14	2	807.038	40.71112	0
14	3	-406.1498	321.6459	2
14	4	-463.1871	340.812	2
15	1	1252.507	510.5578	0
15	2	803.7896	42.10327	0
15	3	-398.0582	319.254	2
15	4	-458.1755	339.3498	2
16	1	1249.432	507.6899	0
16	2	802.946	41.54016	0
16	3	-389.7121	317.0499	2
16	4	-452.485	337.8848	2
17	1	1246.262	504.7162	0
17	2	801.4851	42.40942	0
17	3	-381.579	314.8123	2
17	4	-446.3359	336.4601	2
18	1	1243.111	501.5945	0
18	2	799.8677	43.70612	0
18	3	-373.5417	312.4457	2
18	4	-439.9466	334.9112	2
19	1	1240.202	498.4748	0
19	2	798.0973	45.00671	0
19	3	-364.773	310.5077	2
19	4	-434.0079	333.2658	2
20	1	1237.404	495.2386	0
20	2	795.7438	46.61859	0
20	3	-356.4659	307.8157	2
20	4	-428.5679	331.4073	2
21	1	1234.911	491.7897	0
21	2	793.771	48.14514	0
21	3	-348.2388	304.8865	2
21	4	-423.6048	329.8129	2
22	1	1232.821	488.353	0
22	2	792.0424	50.11438	0
22	3	-340.4965	302.1039	2
22	4	-417.7941	328.6115	2
23	1	1230.738	485.1198	0
23	2	791.8514	49.72101	0
23	3	-332.8615	299.4044	2
23	4	-411.687	327.4705	2
24	1	1228.313	482.1441	0
24	2	791.0438	50.81018	0
24	3	-324.9865	296.7443	2
24	4	-405.9103	326.0968	2
25	1	1225.629	479.208	0
25	2	790.1021	51.85669	0
25	3	-316.4801	294.3546	2
25	4	-399.4447	325.0323	2
26	1	1222.799	476.3598	0
26	2	788.7047	53.5014	0
26	3	-308.2237	292.0812	2
26	4	-393.3456	323.3558	2
27	1	1220.072	473.5189	0
27	2	787.0734	55.33813	0
27	3	-300.4686	290.1044	2
27	4	-387.492	321.1508	2
28	1	1217.473	470.5491	0
28	2	785.1349	57.36121	0
28	3	-293.3281	288.5962	2
28	4	-381.4573	318.4835	2
29	1	1214.801	467.4997	0
29	2	782.9828	59.37024	0
29	3	-285.9935	287.3936	2
29	4	-375.8901	316.5959	2
30	1	1212.228	464.4057	0
30	2	782.4144	58.9491	0
30	3	-278.9227	286.2643	2
30	4	-369.8964	314.7911	2
31	1	1209.696	461.1526	0
31	2	781.2676	60.27795	0
31	3	-271.9097	285.1692	2
31	4	-363.6009	313.0683	2
32	1	1207.24	457.7383	0
32	2	779.9154	61.01349	0
32	3	-264.431	284.5609	2
32	4	-356.8603	311.3926	2
33	1	1204.545	454.4827	0
33	2	778.16	62.64612	0
33	3	-257.2083	283.2811	2
33	4	-350.4874	309.7663	2
34	1	1201.073	451.5605	0
34	2	776.3055	64.57977	0
34	3	-249.8127	281.7406	2
34	4	-344.5253	307.9377	2
35	1	1198.356	448.5572	0
35	2	774.3344	66.27332	0
35	3	-243.0076	280.4713	2
35	4	-339.2886	306.2795	2
36	1	1195.717	445.6237	0
36	2	771.7458	68.41913	0
36	3	-236.2791	279.2549	2
36	4	-333.5614	305.0328	2
37	1	1192.814	442.8197	0
37	2	772.3253	68.44415	0
37	3	-229.2412	278.1329	2
37	4	-327.5612	303.9191	2
38	1	1189.805	440.1138	0
38	2	770.0347	69.70404	0
38	3	-221.7298	277.3716	2
38	4	-321.9473	302.6859	2
39	1	1186.756	437.3801	0
39	2	768.4815	70.67322	0
39	3	-214.5387	276.7027	2
39	4	-315.8049	301.6766	2
40	1	1183.639	434.4984	0
40	2	768.0267	72.33105	0
40	3	-207.8637	276.0553	2
40	4	-309.8107	300.4332	2
41	1	1180.869	431.5833	0
41	2	766.6462	74.01379	0
41	3	-201.5476	275.5945	2
41	4	-304.1887	298.5565	2
42	1	1178.259	428.6152	0
42	2	764.9611	75.9256	0
42	3	-195.0442	275.267	2
42	4	-298.4631	296.325	2
43	1	1175.986	425.4244	0
43	2	763.2253	78.06567	0
43	3	-188.8467	274.8923	2
43	4	-293.1783	294.6253	2
44	1	1174.162	422.2137	0
44	2	762.401	78.31274	0
44	3	-182.5397	274.6171	2
44	4	-287.6533	293.1944	2
45	1	1172.344	419.2521	0
45	2	761.7013	79.94739	0
45	3	-175.9081	274.6264	2
45	4	-281.8813	291.8742	2
46	1	1170.184	416.6171	0
46	2	760.5259	81.69513	0
46	3	-169.4007	273.9366	2
46	4	-273.6563	290.2228	2
47	1	1167.784	414.0563	0
47	2	758.8747	83.00183	0
47	3	-162.5793	272.8022	2
47	4	-264.7025	288.6779	2
48	1	1165.278	411.5778	0
48	2	756.913	84.33569	0
48	3	-156.4825	272.0252	2
48	4	-260.8697	285.8801	2
49	1	1162.947	409.0659	0
49	2	754.8549	86.34631	0
49	3	-150.326	271.201	2
49	4	-255.835	285.886	2
50	1	1160.6	406.4127	0
50	2	752.7086	88.66565	0
50	3	-143.8554	270.4879	2
50	4	-251.1376	285.3307	2
51	1	1158.319	403.7601	0
51	2	752.5103	88.60925	0
51	3	-137.0156	270.1128	2
51	4	-244.6014	284.9516	2
52	1	1156.095	401.0002	0
52	2	750.8702	89.89429	0
52	3	-130.4934	269.7793	2
52	4	-236.8058	284.4751	2
53	1	1153.912	398.0165	0
53	2	749.1751	91.34308	0
53	3	-124.4666	269.4455	2
53	4	-232.6337	281.6227	2
54	1	1151.713	394.9833	0
54	2	747.0453	93.08105	0
54	3	-118.7385	269.2763	2
54	4	-228.9452	282.6115	2
55	1	1149.024	392.257	0
55	2	745.3545	94.71997	0
55	3	-112.7742	269.2288	2
55	4	-223.9763	282.8925	2
56	1	1145.942	389.6578	0
56	2	743.7979	96.83228	0
56	3	-107.0309	269.1252	2
56	4	-217.3693	282.7178	2
57	1	1143.804	387.0062	0
57	2	742.2435	99.18628	0
57	3	-101.1927	269.0706	2
57	4	-209.8981	281.6783	2
58	1	1141.372	384.5046	0
58	2	741.5195	99.13544	0
58	3	-95.03632	269.3195	2
58	4	-201.2804	280.4796	2
59	1	1138.734	382.1093	0
59	2	740.8349	100.2999	0
59	3	-88.95813	268.8189	2
59	4	-197.6414	277.6675	2
60	1	1136.067	379.7692	0
60	2	739.984	101.8606	0
60	3	-82.60303	267.888	2
60	4	-193.7458	277.4791	2
61	1	1133.36	377.3645	0
61	2	738.5043	103.8799	0
61	3	-76.81964	267.2505	2
61	4	-188.956	277.2194	2
62	1	1130.742	374.8154	0
62	2	736.6529	106.0922	0
62	3	-71.02332	266.6776	2
62	4	-182.4954	276.8423	2
63	1	1128.394	372.269	0
63	2	734.5447	108.3025	0
63	3	-64.95563	266.1791	2
63	4	-174.9659	276.3162	2
64	1	1126.242	369.5574	0
64	2	732.0866	110.4659	0
64	3	-58.49188	265.9873	2
64	4	-166.6327	275.8365	2
65	1	1124.461	366.6234	0
65	2	731.5314	110.3901	0
65	3	-52.29028	265.85	2
65	4	-162.9363	273.591	2
66	1	1123.005	363.9444	0
66	2	730.1877	111.4941	0
66	3	-46.45679	265.6534	2
66	4	-158.4238	274.0121	2
67	1	1121.245	361.4649	0
67	2	728.606	112.8276	0
67	3	-41.03894	265.5848	2
67	4	-153.9767	273.8242	2
68	1	1119.234	359.1981	0
68	2	726.7466	114.9315	0
68	3	-35.36243	265.6917	2
68	4	-148.3486	273.7344	2
69	1	1117.08	357.0532	0
69	2	724.7459	116.856	0
69	3	-29.7854	265.7647	2
69	4	-141.287	273.7824	2
70	1	1114.946	354.9144	0
70	2	722.1284	119.1549	0
70	3	-24.23895	265.7433	2
70	4	-133.7825	273.5239	2
71	1	1112.969	352.6514	0
71	2	719.5823	121.5862	0
71	3	-18.34088	266.2441	2
71	4	-129.3752	270.7177	2
72	1	1110.922	350.3256	0
72	2	719.9879	121.8646	0
72	3	-12.49475	265.9354	2
72	4	-126.1558	272.1228	2
73	1	1109.001	347.9989	0
73	2	717.7296	123.0639	0
73	3	-6.464966	265.2741	2
73	4	-121.5573	273.2123	2
74	1	1107.048	345.4557	0
74	2	716.8234	124.4916	0
74	3	-0.739563	264.6168	2
74	4	-115.6755	272.6416	2
75	1	1105.151	342.7353	0
75	2	715.873	126.3112	0
75	3	4.839966	264.1935	2
75	4	-108.6384	271.9718	2
76	1	1103.048	340.1476	0
76	2	714.1122	128.408	0
76	3	10.65701	263.7595	2
76	4	-100.811	271.2637	2
77	1	1100.241	337.8611	0
77	2	712.3372	130.7963	0
77	3	16.88916	263.6201	2
77	4	-97.05872	269.0435	2
79	1	1096.053	333.2341	0
79	2	707.8429	136.4941	0
79	3	28.73941	263.4731	2
79	4	-88.97693	268.9702	2
79	5	-681.4397	346.1212	0
80	1	1093.786	331.1016	0
80	2	707.0502	136.4683	0
80	3	34.02762	263.4079	2
80	4	-82.84973	268.9142	2
80	5	-676.6129	344.9693	0
81	1	1091.437	329.0652	0
81	2	706.0957	138.3207	0
81	3	39.51816	263.5789	2
81	4	-75.72278	268.7952	2
81	5	-669.7358	343.4848	0
82	1	1089.064	327.0137	0
82	2	704.7496	139.5551	0
82	3	45.00391	263.7678	2
82	4	-68.08258	268.6741	2
82	5	-660.8245	341.5066	0
83	1	1086.642	324.8312	0
83	2	703.1187	141.0552	0
83	3	50.35443	263.7903	2
83	4	-64.62097	266.6587	2
83	5	-650.5057	339.1184	0
84	1	1084.522	322.6079	0
84	2	701.34	143.4216	0
84	3	56.10294	264.4395	2
84	4	-60.66125	267.1149	2
84	5	-639.5676	336.5867	0
85	1	1082.52	320.3019	0
85	2	699.4713	145.9299	0
85	3	61.83362	264.2843	2
85	4	-56.7619	267.2325	2
85	5	-635.9482	333.1073	0
86	1	1080.804	317.7673	0
86	2	697.4307	148.3658	0
86	3	67.6532	263.7999	2
86	4	-51.05841	267.7082	2
86	5	-629.61	332.4742	0
87	1	1079.459	315.2235	0
87	2	694.9277	151.3206	0
87	3	73.40329	263.0289	2
87	4	-44.48065	268.0178	2
87	5	-624.1415	331.1367	0
91	1	1072.642	307.0936	0
91	2	691.8704	157.6642	0
91	3	96.45227	262.1232	2
91	4	-25.55005	267.9513	2
91	5	-587.0273	323.4243	0
91	6	1075.263	572.4792	0
91	7	908.085	24.50995	3
91	8	909.8302	11.50769	3
92	1	1070.873	305.1664	0
92	2	690.8937	159.398	0
92	3	102.2362	262.0594	2
92	4	-19.8139	267.3953	2
92	5	-582.0925	318.6471	0
92	6	1073.346	572.2433	0
92	7	909.1644	25.52917	3
92	8	909.5349	11.03442	3
93	1	1069.063	303.128	0
93	2	689.8442	161.7922	0
93	3	107.5154	262.0349	2
93	4	-12.81683	266.6336	2
93	5	-576.9221	319.788	0
93	6	1069.796	572.4022	0
93	7	909.8521	26.59583	3
93	8	909.528	10.68408	3
94	1	1067.359	301.1223	0
94	2	688.764	164.4939	0
94	3	112.8664	262.2339	2
94	4	-5.807922	266.6183	2
94	5	-571.2667	318.8983	0
94	6	1067.035	571.9452	0
94	7	910.5647	27.6767	3
94	8	909.42	10.58087	3
95	1	1065.662	298.9756	0
95	2	687.4373	167.5673	0
95	3	118.3014	262.4756	2
95	4	-1.647095	264.6253	2
95	5	-563.739	316.3538	0
95	6	1064.076	571.2986	0
95	7	911.1208	28.73413	3
95	8	910.8303	11.2901	3
96	1	1063.977	296.5865	0
96	2	685.9141	170.6432	0
96	3	123.5186	262.5527	2
96	4	1.570068	264.7241	2
96	5	-554.9713	313.6626	0
96	6	1061.147	570.5819	0
96	7	911.6696	29.63245	3
96	8	910.9797	11.4707	3
97	1	1062.245	294.1707	0
97	2	684.1066	173.6255	0
97	3	129.1487	263.112	2
97	4	6.109985	264.9499	2
97	5	-545.6621	311.3287	0
97	6	1057.979	569.8801	0
97	7	912.09	30.35358	3
97	8	911.1973	11.76654	3
98	1	1060.016	292.0422	0
98	2	682.4388	176.6884	0
98	3	134.8242	263.2213	2
98	4	12.12308	265.0784	2
98	5	-535.5763	308.4706	0
98	6	1054.587	569.2512	0
98	7	912.5032	30.95898	3
98	8	911.5228	12.5025	3
99	1	1057.61	289.9717	0
99	2	681.2529	180.0233	0
99	3	140.5301	262.8463	2
99	4	18.74356	265.2005	2
99	5	-530.5746	304.9965	0
99	6	1050.966	568.6812	0
99	7	912.8782	31.4845	3
99	8	911.8477	13.18774	3
100	1	1055.912	287.8931	0
100	2	680.6043	183.1863	0
100	3	146.3069	261.9722	2
100	4	25.97806	265.2936	2
100	5	-525.4869	304.4894	0
100	6	1047.19	568.1782	0
100	7	913.21	31.94189	3
100	8	912.2394	14.06036	3
101	1	1053.982	285.9653	0
101	2	680.5137	186.6382	0
101	3	151.6049	261.729	2
101	4	29.4574	263.371	2
101	5	-518.8567	303.5236	0
101	6	1043.228	567.6986	0
101	7	913.4987	32.3562	3
101	8	912.6604	14.97699	3
102	1	1051.895	284.1399	0
102	2	683.2761	187.3851	0
102	3	157.0794	261.3754	2
102	4	32.81287	263.7859	2
102	5	-511.5627	301.6754	0
102	6	1039.338	567.1999	0
102	7	913.7402	32.74463	3
102	8	913.0585	15.90405	3
103	1	1049.788	282.3571	0
103	2	682.8289	189.4536	0
103	3	162.8283	261.2533	2
103	4	36.87	264.3158	2
103	5	-503.6306	299.5779	0
103	6	1035.468	566.6039	0
103	7	913.9823	33.14594	3
103	8	913.5214	16.78217	3
104	1	1047.651	280.516	0
104	2	683.6569	191.379	0
104	3	168.7599	261.3482	2
104	4	42.52545	264.906	2
104	5	-494.7491	297.6756	0
104	6	1031.191	565.91	0
104	7	914.2156	33.59277	3
104	8	913.9858	17.48511	3
105	1	1045.634	278.5528	0
105	2	685.1575	193.1678	0
105	3	174.498	261.3904	2
105	4	48.65421	265.1324	2
105	5	-484.7318	295.6303	0
105	6	1026.571	564.9443	0
105	7	914.4125	34.09058	3
105	8	914.3395	17.96881	3
106	1	1043.803	276.5642	0
106	2	687.8058	194.9577	0
106	3	179.847	261.4346	2
106	4	55.82761	265.6306	2
106	5	-480.9316	291.6101	0
106	6	1022.287	564.1206	0
106	7	914.6268	34.60797	3
106	8	914.6719	18.60596	3
107	1	1042.15	274.3955	0
107	2	689.2271	197.1335	0
107	3	185.0635	261.6367	2
107	4	60.4993	262.6973	2
107	5	-476.3572	291.8776	0
107	6	1018.207	563.3062	0
107	7	914.8369	35.15552	3
107	8	914.8762	19.6012	3
108	1	1040.812	272.0239	0
108	2	690.1935	199.7261	0
108	3	190.4173	261.944	2
108	4	63.34042	264.8346	2
108	5	-470.9083	291.4822	0
108	6	1014.184	562.5463	0
108	7	915.0462	35.74023	3
108	8	915.0627	20.77435	3
109	1	1039.693	269.8706	0
109	2	690.894	202.6246	0
109	3	195.5975	262.1512	2
109	4	67.44016	265.122	2
109	5	-463.4016	290.3612	0
109	6	1010.395	562.4042	0
109	7	915.261	36.34961	3
109	8	915.2977	21.86108	3
110	1	1038.319	267.9513	0
110	2	691.1447	205.8976	0
110	3	201.0211	262.5603	2
110	4	73.27408	264.4661	2
110	5	-455.3707	288.171	0
110	6	1006.976	563.2918	0
110	7	915.494	36.95667	3
110	8	915.6168	22.82806	3
111	1	1036.749	266.2034	0
111	2	690.8642	209.0709	0
111	3	206.6235	263.0893	2
111	4	79.62811	264.2834	2
111	5	-446.3649	285.6146	0
111	6	1003.16	562.78	0
111	7	915.7548	37.54169	3
111	8	915.6887	23.96667	3
112	1	1035.069	264.5763	0
112	2	690.2582	211.9633	0
112	3	212.2523	262.9028	2
112	4	86.5994	264.1933	2
112	5	-436.6835	282.8986	0
112	6	999.1168	562.4115	0
112	7	916.0164	38.18561	3
112	8	915.9476	24.92737	3
113	1	1033.425	262.9376	0
113	2	689.4307	214.491	0
113	3	217.956	262.2223	2
113	4	91.06522	262.4377	2
113	5	-433.0649	279.2888	0
113	6	994.9727	562.2922	0
113	7	916.2375	38.87927	3
113	8	916.5941	25.55811	3
114	1	1031.88	261.1617	0
114	2	688.613	217.3383	0
114	3	223.2556	261.9211	2
114	4	94.20337	262.7131	2
114	5	-428.9318	278.4305	0
114	6	990.7751	562.2762	0
114	7	916.262	39.82208	3
114	8	917.3269	26.14362	3
115	1	1030.315	259.3696	0
115	2	689.0356	219.8407	0
115	3	228.6307	261.6407	2
115	4	98.79974	263.0918	2
115	5	-423.6279	277.4071	0
115	6	986.3625	562.1982	0
115	7	916.42	40.76971	3
115	8	918.3525	26.83136	3
116	1	1028.857	257.5672	0
116	2	689.8899	222.1731	0
116	3	234.1751	261.4384	2
116	4	104.4749	263.3317	2
116	5	-416.4417	275.9709	0
116	6	981.7372	562.0698	0
116	7	916.8221	41.61621	3
116	8	919.6188	27.53564	3
117	1	1027.324	255.51	0
117	2	690.6921	224.9326	0
117	3	240.0334	261.4999	2
117	4	110.8662	263.4781	2
117	5	-408.1241	274.1632	0
117	6	977.1662	561.6047	0
117	7	917.4364	42.41956	3
117	8	920.1586	28.19666	3
118	1	1025.82	253.3022	0
118	2	691.861	227.3409	0
118	3	245.733	261.572	2
118	4	117.6957	263.7762	2
118	5	-399.511	272.4727	0
118	6	972.759	561.0636	0
118	7	918.6501	43.31671	3
118	8	920.7226	29.01428	3
119	1	1024.088	251.2432	0
119	2	693.4553	229.0962	0
119	3	251.2792	261.5864	2
119	4	121.4784	261.8581	2
119	5	-390.7133	270.8294	0
119	6	968.3694	560.1393	0
119	7	919.6514	44.15027	3
119	8	921.3102	29.93903	3
120	1	1021.721	249.4211	0
120	2	695.7527	230.5114	0
120	3	256.4005	261.7113	2
120	4	124.5525	262.464	2
120	5	-387.6812	267.9786	0
120	6	964.1768	558.8185	0
120	7	920.2688	45.05591	3
120	8	921.8748	30.91394	3
121	1	1020.098	247.5159	0
121	2	697.2606	231.9201	0
121	3	261.6511	262.0505	2
121	4	128.6592	263.2267	2
121	5	-383.8049	267.8354	0
121	6	960.2941	557.6312	0
121	7	920.8812	46.04382	3
121	8	922.402	31.94751	3
122	1	1018.448	245.7328	0
122	2	698.0062	233.5628	0
122	3	266.8717	262.371	2
122	4	134.0423	263.7293	2
122	5	-379.5504	267.8797	0
122	6	956.1428	556.7713	0
122	7	921.4426	47.02643	3
122	8	922.9653	33.00378	3
123	1	1016.62	244.0768	0
123	2	698.5468	235.2328	0
123	3	272.1301	262.5541	2
123	4	140.2521	264.0204	2
123	5	-373.3395	267.81	0
123	6	951.8053	556.1292	0
123	7	921.9536	48.00879	3
123	8	923.4413	33.98425	3
124	1	1014.74	242.5065	0
124	2	698.8343	236.8586	0
124	3	277.6859	263.2833	2
124	4	147.4151	264.5587	2
124	5	-366.9739	267.2786	0
124	6	947.3622	555.6075	0
124	7	922.491	48.95886	3
124	8	923.9397	34.87079	3
125	1	1012.846	240.9241	0
125	2	698.8409	238.4266	0
125	3	283.2604	263.1409	2
125	4	151.9873	261.5359	2
125	5	-359.5536	266.9219	0
125	6	943.1171	555.0493	0
125	7	922.9373	49.83063	3
125	8	924.4472	35.64349	3
126	1	1010.922	239.2186	0
126	2	698.5875	239.942	0
126	3	288.8262	262.652	2
126	4	154.8268	263.4162	2
126	5	-351.6213	266.1929	0
126	6	938.8191	554.3751	0
126	7	923.3971	50.63623	3
126	8	924.915	36.26263	3
127	1	1009.258	237.4727	0
127	2	698.1461	241.3968	0
127	3	294.1911	262.0345	2
127	4	158.9746	263.459	2
127	5	-347.805	262.5715	0
127	6	934.1288	553.467	0
127	7	923.8551	51.38287	3
127	8	925.2751	36.76147	3
128	1	1007.687	235.6195	0
128	2	697.4543	242.7226	0
128	3	299.4467	261.8076	2
128	4	164.5739	262.9198	2
128	5	-344.7484	263.823	0
128	6	929.3582	552.4073	0
128	7	924.2902	52.052	3
128	8	925.6566	37.37598	3
129	1	1006.367	233.5375	0
129	2	696.6017	243.9304	0
129	3	304.8307	261.5381	2
129	4	170.699	263.1312	2
129	5	-340.5787	263.3232	0
129	6	925.1202	551.6064	0
129	7	924.6865	52.77521	3
129	8	925.9034	38.22876	3
130	1	1005.352	231.4777	0
130	2	695.6293	245.052	0
130	3	310.5186	261.5392	2
130	4	177.6197	263.0299	2
130	5	-335.1581	262.4437	0
130	6	920.9321	550.7999	0
130	7	925.0818	53.49524	3
130	8	926.1837	39.1712	3
131	1	1004.231	229.583	0
131	2	694.4944	246.0692	0
131	3	316.1736	261.6859	2
131	4	182.2175	261.5334	2
131	5	-329.1082	262.0932	0
131	6	916.9907	550.6625	0
131	7	925.3917	54.45245	3
131	8	926.4397	40.20105	3
132	1	1002.916	228.0151	0
132	2	693.2085	246.9513	0
132	3	321.7655	261.7004	2
132	4	185.3881	262.0127	2
132	5	-322.2883	261.5381	0
132	6	913.4088	551.6928	0
132	7	925.7475	55.43011	3
132	8	926.7271	41.17407	3
133	1	1001.46	226.5385	0
133	2	691.8169	247.6959	0
133	3	326.9426	261.7283	2
133	4	189.8802	262.461	2
133	5	-314.578	261.0818	0
133	6	909.4918	551.0428	0
133	7	926.0822	56.44366	3
133	8	927.079	42.02502	3
134	1	999.9573	225.111	0
134	2	690.4397	248.3571	0
134	3	332.0969	261.9958	2
134	4	195.3367	262.6091	2
134	5	-306.636	260.8024	0
134	6	905.4053	550.7198	0
134	7	926.4417	57.37933	3
134	8	927.3774	42.99731	3
135	1	998.5753	223.5812	0
135	2	689.0073	249.1058	0
135	3	337.2998	262.339	2
135	4	201.4591	262.808	2
135	5	-303.9673	258.6642	0
135	6	901.2262	550.6581	0
135	7	926.8452	58.20251	3
135	8	927.4698	44.06128	3
136	1	997.1456	221.9761	0
136	2	687.5182	249.9482	0
136	3	342.3939	262.5146	2
136	4	208.1397	263.2982	2
136	5	-299.8783	259.2216	0
136	6	897.0027	550.658	0
136	7	927.2178	59.09375	3
136	8	927.787	44.95404	3
137	1	995.8425	220.4196	0
137	2	685.9869	250.8441	0
137	3	347.8503	263.1869	2
137	4	212.1987	261.3268	2
137	5	-296.6121	259.3558	0
137	6	892.5507	550.5713	0
137	7	927.4645	60.02039	3
137	8	928.3394	45.65356	3
138	1	994.4995	218.6838	0
138	2	684.4321	251.7889	0
138	3	353.3573	263.3702	2
138	4	215.1474	262.2083	2
138	5	-292.2885	259.6516	0
138	6	887.9374	550.3717	0
138	7	927.6126	61.07855	3
138	8	928.9702	46.29932	3
139	1	993.1594	216.7136	0
139	2	682.8191	252.7651	0
139	3	358.8954	263.0649	2
139	4	219.1232	263.1569	2
139	5	-286.5817	260.2123	0
139	6	883.4963	549.8766	0
139	7	928.0848	61.96936	3
139	8	929.7209	47.0011	3
140	1	991.749	214.7426	0
140	2	681.2306	253.6929	0
140	3	364.2799	262.2239	2
140	4	224.3412	263.5221	2
140	5	-280.5895	260.5957	0
140	6	879.1301	549.213	0
140	7	928.7617	62.67725	3
140	8	930.8854	47.77197	3
141	1	989.8368	213.036	0
141	2	679.6474	254.5359	0
141	3	369.4274	262.0202	2
141	4	230.6408	264.3292	2
141	5	-274.187	260.9089	0
141	6	874.7737	548.0699	0
141	7	929.4734	63.41638	3
141	8	931.7795	48.48303	3
142	1	987.9329	211.3401	0
142	2	677.9281	255.4547	0
142	3	374.6638	261.7076	2
142	4	237.6892	264.4612	2
142	5	-270.1628	258.2318	0
142	6	870.8961	546.7482	0
142	7	930.4224	64.1991	3
142	8	932.3449	49.26184	3
143	1	986.5436	209.6718	0
143	2	676.0754	256.358	0
143	3	380.0732	261.5882	2
143	4	242.1532	261.6863	2
143	5	-267.6075	260.3896	0
143	6	866.9167	545.7079	0
143	7	931.2659	64.94849	3
143	8	932.938	50.15051	3
144	1	984.9666	208.1486	0
144	2	674.0723	257.257	0
144	3	385.7009	261.6569	2
144	4	245.0692	263.1695	2
144	5	-264.3711	261.1982	0
144	6	862.7798	544.9769	0
144	7	931.7784	65.70276	3
144	8	933.5477	51.13208	3
145	1	983.271	206.7229	0
145	2	672.3268	258.0791	0
145	3	391.2113	261.6274	2
145	4	249.3187	262.6197	2
145	5	-259.4686	260.7427	0
145	6	858.5505	544.4346	0
145	7	932.3449	66.64746	3
145	8	934.1292	52.14862	3
146	1	981.5635	205.329	0
146	2	670.5499	258.8358	0
146	3	396.5434	261.5469	2
146	4	254.4873	262.9136	2
146	5	-253.2055	260.1268	0
146	6	854.3019	543.9345	0
146	7	932.9667	67.72925	3
146	8	934.6752	53.22144	3
147	1	979.8289	203.8773	0
147	2	668.7881	259.5864	0
147	3	401.5871	261.6217	2
147	4	260.6155	263.0746	2
147	5	-247.2655	260.3203	0
147	6	850.2621	543.3087	0
147	7	933.5604	68.76288	3
147	8	935.2719	54.31079	3
148	1	978.2365	202.3229	0
148	2	667.1301	260.4456	0
148	3	406.6855	261.8603	2
148	4	267.5591	263.1254	2
148	5	-240.5845	260.231	0
148	6	845.8481	542.5778	0
148	7	934.1083	69.80286	3
148	8	935.7698	55.32898	3
149	1	976.7708	200.7219	0
149	2	665.8439	261.5888	0
149	3	411.7036	262.0327	2
149	4	272.1619	261.6731	2
149	5	-237.0283	258.7403	0
149	6	841.1715	541.512	0
149	7	934.6718	70.82745	3
149	8	936.2964	56.26385	3
150	1	975.4718	198.9326	0
150	2	664.5823	262.7617	0
150	3	416.8904	262.2077	2
150	4	275.404	262.2737	2
150	5	-233.5823	259.1739	0
150	6	836.8953	540.7021	0
150	7	935.1709	71.78357	3
150	8	936.8348	57.10144	3
151	1	974.4432	196.9688	0
151	2	662.8829	263.6205	0
151	3	422.2793	262.7208	2
151	4	279.6757	262.7186	2
151	5	-228.9968	259.6962	0
151	6	832.6907	539.839	0
151	7	935.662	72.67181	3
151	8	937.3416	57.80029	3
152	1	973.5538	195.1919	0
152	2	661.184	264.6357	0
152	3	427.6824	262.4124	2
152	4	285.0721	262.7828	2
152	5	-224.1411	259.9092	0
152	6	828.5818	539.2255	0
152	7	936.1821	73.68237	3
152	8	937.7476	58.37518	3
153	1	972.4545	193.6785	0
153	2	659.5084	265.7693	0
153	3	432.8846	261.6998	2
153	4	290.9482	263.0527	2
153	5	-218.8862	260.0445	0
153	6	824.8453	539.814	0
153	7	936.7203	74.59729	3
153	8	938.1661	59.02234	3
155	1	969.8517	191.0359	0
155	2	656.0891	268.235	0
155	3	442.8121	260.7139	2
155	4	301.9294	261.5489	2
155	5	-206.5414	260.9546	0
155	6	817.1294	539.5067	0
155	7	937.6387	75.97095	3
155	8	938.7633	60.89532	3
155	9	-795.7673	501.4391	0
156	1	968.5533	189.7402	0
156	2	654.2473	269.5261	0
156	3	447.7908	260.4032	2
156	4	304.821	262.6977	2
156	5	-203.4611	258.7935	0
156	6	813.0833	539.3457	0
156	7	937.9855	76.85071	3
156	8	939.0476	61.97845	3
156	9	-794.29	500.9697	0
157	1	967.311	188.3113	0
157	2	652.3253	270.8325	0
157	3	452.9996	260.3196	2
157	4	308.567	263.5278	2
157	5	-200.6932	259.9864	0
157	6	808.9867	539.3531	0
157	7	938.354	77.78778	3
157	8	939.3533	63.0437	3
157	9	-792.234	500.3222	0
158	1	966.0906	186.8995	0
158	2	650.3179	271.9851	0
158	3	458.1709	260.3554	2
158	4	313.9467	264.1006	2
158	5	-197.3064	260.9534	0
158	6	804.7506	539.3222	0
158	7	938.6986	78.76953	3
158	8	939.7347	63.96198	3
158	9	-789.6702	499.5146	0
159	1	964.9491	185.4568	0
159	2	648.3183	273.0781	0
159	3	463.3215	260.2166	2
159	4	320.218	264.557	2
159	5	-192.4266	261.6566	0
159	6	800.2904	539.2277	0
159	7	938.9964	79.90918	3
159	8	940.1036	64.97559	3
159	9	-785.5972	499.9252	0
160	1	963.7155	183.7432	0
160	2	646.2041	274.0184	0
160	3	468.0487	260.0656	2
160	4	327.2488	264.5234	2
160	5	-186.8738	262.0748	0
160	6	795.8655	538.8112	0
160	7	939.3645	80.98889	3
160	8	940.2842	66.07416	3
160	9	-781.913	499.312	0
161	1	962.488	181.9083	0
161	2	643.9532	274.7354	0
161	3	472.6203	260.2321	2
161	4	331.5732	262.0277	2
161	5	-180.6111	261.9874	0
161	6	791.5909	538.297	0
161	7	939.8207	82.01807	3
161	8	940.4768	67.14392	3
161	9	-778.0056	498.5864	0
162	1	961.0128	180.2357	0
162	2	641.8563	275.3055	0
162	3	477.1476	260.5137	2
162	4	334.6223	262.8087	2
162	5	-173.1801	261.5794	0
162	6	787.3038	537.403	0
162	7	940.1263	83.08179	3
162	8	941.0541	67.94824	3
162	9	-774.1309	497.5342	0
163	1	958.9716	178.7456	0
163	2	639.7213	276.0812	0
163	3	481.5129	260.6422	2
163	4	338.5403	262.6032	2
163	5	-170.5617	259.7426	0
163	6	783.1857	536.0934	0
163	7	940.4407	84.09686	3
163	8	941.7036	68.67981	3
163	9	-770.1334	496.3145	0
164	1	957.7294	177.1701	0
164	2	637.5574	277.0812	0
164	3	486.1338	261.0818	2
164	4	343.7721	262.9237	2
164	5	-167.4091	259.8848	0
164	6	779.4155	534.9142	0
164	7	941.0132	84.91284	3
164	8	942.4358	69.4342	3
164	9	-766.0245	494.92	0
165	1	956.3668	175.7375	0
165	2	635.3734	278.2102	0
165	3	490.7496	261.309	2
165	4	349.8577	263.032	2
165	5	-163.6423	260.0246	0
165	6	775.4977	534.0846	0
165	7	941.6044	85.67834	3
165	8	943.527	70.26318	3
165	9	-761.6885	493.3735	0
166	1	954.8563	174.4235	0
166	2	633.144	279.4143	0
166	3	495.3066	260.7924	2
166	4	356.8781	263.2164	2
166	5	-158.4064	260.3116	0
166	6	771.4343	533.4807	0
166	7	942.1775	86.58563	3
166	8	944.7374	71.08575	3
166	9	-756.9734	491.4228	0
167	1	953.3141	173.1828	0
167	2	630.9661	280.4936	0
167	3	499.0348	259.4699	2
167	4	361.3657	261.7164	2
167	5	-152.298	260.5618	0
167	6	767.309	532.9998	0
167	7	943.1653	87.57568	3
167	8	945.3422	71.88367	3
167	9	-752.021	489.1581	0
168	1	951.7657	171.9324	0
168	2	628.658	281.5647	0
168	3	501.7115	259.1144	2
168	4	364.558	262.4304	2
168	5	-145.8177	260.8725	0
168	6	763.3451	532.4691	0
168	7	944.2968	88.45776	3
168	8	945.9749	72.81995	3
168	9	-747.5498	487.5721	0
169	1	950.2063	170.5646	0
169	2	626.0864	282.6432	0
169	3	504.2172	259.8306	2
169	4	368.7598	262.7509	2
169	5	-139.0253	261.1143	0
169	6	759.2663	531.8242	0
169	7	944.8929	89.31128	3
169	8	946.6325	73.85553	3
169	9	-742.6191	485.9529	0
170	1	948.865	169.1565	0
170	2	623.4094	283.6603	0
170	3	506.2423	260.8661	2
170	4	373.897	262.8542	2
170	5	-136.4049	259.3015	0
170	6	754.9147	530.9458	0
170	7	945.4946	90.25146	3
170	8	947.2726	74.94263	3
170	9	-737.3589	484.3081	0
172	1	946.5691	165.8682	0
172	2	618.6282	285.3756	0
172	3	509.0913	263.1461	2
172	4	386.3477	263.8039	2
172	5	-129.9853	260.2681	0
172	6	746.3927	529.1644	0
172	7	946.6841	92.26489	3
172	8	948.4811	77.30682	3
172	9	-726.166	481.0707	0
172	10	955.166	45.95874	0
173	1	945.7819	164.1625	0
173	2	616.4933	286.4512	0
173	3	510.1043	264.2469	2
173	4	390.8701	261.5988	2
173	5	-124.9708	260.9671	0
173	6	742.2614	528.3837	0
173	7	947.2747	93.48547	3
173	8	949.0655	78.49744	3
173	9	-720.2117	479.4518	0
173	10	955.3535	46.16034	0
174	1	944.8648	162.6125	0
174	2	614.9092	288.0397	0
174	3	510.9124	265.3088	2
174	4	393.6045	262.8814	2
174	5	-119.4587	261.4708	0
174	6	738.3422	528.3401	0
174	7	947.9054	94.85217	3
174	8	949.6053	79.60205	3
174	9	-714.274	477.756	0
174	10	955.5922	46.43707	0
175	1	943.7964	161.3581	0
175	2	612.7086	288.9672	0
175	3	511.5694	266.2883	2
175	4	397.3594	263.7101	2
175	5	-113.4462	261.8488	0
175	6	734.5877	529.2189	0
175	7	948.5044	96.03101	3
175	8	950.1851	80.60754	3
175	9	-708.7317	476.1564	0
175	10	955.8739	46.78479	0
176	1	942.6188	160.2021	0
176	2	610.4196	290.0485	0
176	3	511.759	266.6471	2
176	4	402.7241	264.4042	2
176	5	-106.6267	262.5132	0
176	6	730.758	528.6008	0
176	7	949.0804	97.09277	3
176	8	950.7377	81.44666	3
176	9	-703.4419	474.4466	0
176	10	956.1958	47.19781	0
177	1	941.4126	159.0756	0
177	2	608.1515	291.3234	0
177	3	512.1181	267.4505	2
177	4	408.8835	264.2538	2
177	5	-102.636	259.4189	0
177	6	726.8162	528.318	0
177	7	949.6621	98.05859	3
177	8	951.1704	82.11249	3
177	9	-698.6038	472.689	0
177	10	956.5295	48.17474	0
179	1	939.1563	156.54	0
179	2	603.442	294.0365	0
179	3	512.5467	268.83	2
179	4	419.8828	261.7922	2
179	5	-96.64087	261.489	0
179	6	718.7686	528.2938	0
179	7	950.6819	99.78967	3
179	8	951.8703	83.93701	3
179	9	-690.178	469.624	0
179	10	957.324	49.54541	0
179	11	1013.508	329.619	0
180	1	938.1408	155.3046	0
180	2	600.8618	295.4019	0
180	3	512.6369	269.4131	2
180	4	422.8992	261.9861	2
180	5	-91.26569	260.7366	0
180	6	714.5367	528.222	0
180	7	951.1731	100.7578	3
180	8	952.1606	85.12854	3
180	9	-685.1731	468.4348	0
180	10	957.6887	50.26416	0
180	11	1012.785	329.68	0
181	1	937.0461	153.8553	0
181	2	598.2076	296.5097	0
181	3	512.6501	269.9365	2
181	4	426.5662	262.041	2
181	5	-85.83478	260.9494	0
181	6	710.1516	528.0047	0
181	7	951.535	102.0211	3
181	8	952.4225	86.42249	3
181	9	-679.7688	467.2325	0
181	10	958.0918	50.9895	0
181	11	1011.751	329.7462	0
182	1	935.9522	152.1924	0
182	2	595.559	297.48	0
182	3	512.5882	270.4029	2
182	4	431.6014	262.2253	2
182	5	-79.59277	260.9461	0
182	6	705.946	527.5361	0
182	7	951.9358	103.2946	3
182	8	952.7505	87.58643	3
182	9	-674.1337	466.0792	0
182	10	958.522	51.71118	0
182	11	1010.448	329.8161	0
183	1	934.7688	150.5537	0
183	2	592.7568	298.1486	0
183	3	512.4512	270.814	2
183	4	437.4841	262.3166	2
183	5	-72.5434	261.002	0
183	6	701.7454	526.8582	0
183	7	952.3538	104.5244	3
183	8	953.1287	88.73035	3
183	9	-668.9371	464.8252	0
183	10	958.9624	52.39246	0
183	11	1008.335	330.5033	0
184	1	933.0883	149.1552	0
184	2	589.9819	298.5016	0
184	3	512.2287	271.1743	2
184	4	444.2084	262.4658	2
184	5	-69.00836	259.4702	0
184	6	697.528	525.6989	0
184	7	952.8442	105.5806	3
184	8	953.2898	90.02435	3
184	9	-663.6033	463.4725	0
184	10	959.3957	53.00916	0
184	11	1006.441	330.6679	0
185	1	931.5629	147.7385	0
185	2	587.3544	298.9108	0
185	3	511.9048	271.4797	2
185	4	448.5444	260.8401	2
185	5	-65.38239	260.1097	0
185	6	693.813	524.4264	0
185	7	953.3167	106.6995	3
185	8	953.426	91.30426	3
185	9	-657.949	462.4116	0
185	10	959.7733	53.55157	0
185	11	1004.39	330.8194	0
186	1	930.3981	146.3793	0
186	2	584.744	299.625	0
186	3	511.4241	271.7244	2
186	4	451.5688	261.502	2
186	5	-61.24121	260.5665	0
186	6	689.9999	523.458	0
186	7	953.6346	107.8573	3
186	8	954.0906	92.23682	3
186	9	-652.4482	461.2105	0
186	10	960.153	54.1084	0
186	11	1002.173	330.9154	0
187	1	929.0792	145.1587	0
187	2	582.1019	300.5052	0
187	3	510.7511	271.8549	2
187	4	455.5318	261.7065	2
187	5	-56.73944	260.5385	0
187	6	686.1229	522.7863	0
187	7	953.8888	109.1411	3
187	8	954.8786	93.08295	3
187	9	-647.5759	459.3659	0
187	10	960.4838	54.82416	0
187	11	999.809	330.8891	0
188	1	927.671	144.0317	0
188	2	579.4389	301.4736	0
188	3	509.99	271.791	2
188	4	460.2036	261.7587	2
188	5	-51.74219	260.7692	0
188	6	682.2003	522.2961	0
188	7	954.5454	110.2412	3
188	8	955.8635	93.99957	3
188	9	-642.817	457.3442	0
188	10	960.7629	55.67987	0
188	11	997.328	330.7063	0
189	1	926.2563	142.9354	0
189	2	576.8404	302.3253	0
189	3	509.3517	271.5569	2
189	4	465.5916	262.2525	2
189	5	-45.62524	261.3248	0
189	6	678.2864	521.8309	0
189	7	955.4142	111.2941	3
189	8	957.4284	95.00586	3
189	9	-637.816	455.0874	0
189	10	961.0519	56.61298	0
189	11	994.928	330.452	0
190	1	924.8205	141.8013	0
190	2	574.1589	303.0894	0
190	3	508.8917	271.2578	2
190	4	471.5783	262.645	2
190	5	-39.086	261.7119	0
190	6	674.4722	521.226	0
190	7	956.6488	112.2987	3
190	8	958.2895	95.89777	3
190	9	-632.5055	452.2938	0
190	10	961.3223	57.6297	0
190	11	992.4414	330.2463	0
191	1	923.4833	140.5845	0
191	2	571.262	303.8423	0
191	3	511.5779	270.5983	2
191	4	478.0623	262.7155	2
191	5	-35.31897	259.3107	0
191	6	670.3411	520.5107	0
191	7	958.0193	113.2967	3
191	8	958.9859	96.94891	3
191	9	-627.9337	450.5911	0
191	10	961.6102	58.61963	0
191	11	989.8081	330.2003	0
192	1	922.2396	139.3395	0
192	2	568.2418	304.5162	0
192	3	512.6926	271.749	2
192	4	482.8255	260.2928	2
192	5	-32.7287	260.7248	0
192	6	666.0684	519.4899	0
192	7	958.7325	114.2371	3
192	8	959.717	98.13062	3
192	9	-622.8225	448.9131	0
192	10	961.9738	59.48767	0
192	11	987.0339	330.2485	0
193	1	921.0797	137.9674	0
193	2	565.4926	305.1159	0
193	3	514.3939	273.8542	2
193	4	485.2229	261.9083	2
193	5	-29.18597	262.1822	0
193	6	662.0048	518.7334	0
193	7	959.4554	115.2747	3
193	8	960.4386	99.38324	3
193	9	-617.3521	447.247	0
193	10	962.3329	60.45404	0
193	11	984.1729	330.3925	0
194	1	920.0796	136.4315	0
194	2	562.7036	305.6226	0
194	3	516.6029	276.658	2
194	4	488.4662	262.9911	2
194	5	-24.36517	262.3804	0
194	6	657.8864	517.8917	0
194	7	960.2506	116.5091	3
194	8	961.1208	100.6953	3
194	9	-611.7604	445.6574	0
194	10	962.5172	61.5014	0
194	11	981.2402	330.5601	0
195	1	919.2363	134.9985	0
195	2	560.0594	306.2835	0
195	3	519.3748	279.4862	2
195	4	492.8215	262.7702	2
195	5	-18.74573	262.1033	0
195	6	653.8438	517.3629	0
195	7	961.0867	117.8654	3
195	8	961.8274	102.0493	3
195	9	-605.9224	444.1085	0
195	10	962.6025	62.59314	0
195	11	978.3969	330.6324	0
196	1	918.2459	133.6826	0
196	2	557.851	307.4699	0
196	3	521.8135	282.9002	2
196	4	497.2841	261.8628	2
196	5	-12.0401	261.5073	0
196	6	650.0226	518.0281	0
196	7	961.8778	119.1622	3
196	8	962.4898	103.3263	3
196	9	-600.0411	442.4337	0
196	10	963.1262	63.39709	0
196	11	975.4083	330.6807	0
197	1	917.1375	132.6187	0
197	2	555.5302	308.4157	0
197	3	524.6568	285.6464	2
197	4	500.9633	261.4985	2
197	5	-5.602295	261.6007	0
197	6	646.2444	517.9987	0
197	7	962.704	120.4282	3
197	8	963.1559	104.49	3
197	9	-594.6489	440.89	0
197	10	963.7355	64.10736	0
197	11	972.1697	330.6683	0
198	1	915.9198	131.62	0
198	2	552.9862	309.097	0
198	3	527.632	288.1087	2
198	4	504.557	262.1669	2
198	5	-1.958374	259.7921	0
198	6	642.3931	517.5823	0
198	7	963.4438	121.5983	3
198	8	963.8633	105.5399	3
198	9	-589.5731	439.2169	0
198	10	964.4276	64.80469	0
198	11	968.7971	330.5727	0
199	1	914.637	130.6744	0
199	2	550.4857	309.9658	0
199	3	531.0724	289.7895	2
199	4	508.0732	263.1826	2
199	5	0.959198	259.9176	0
199	6	638.4953	517.4598	0
199	7	964.2457	122.8873	3
199	8	964.5549	106.4349	3
199	9	-584.9772	437.4855	0
199	10	965.3564	65.578	0
199	11	965.8485	330.4719	0
200	1	913.3842	129.6788	0
200	2	547.9885	310.9671	0
200	3	533.3481	292.001	2
200	4	511.5114	264.5752	2
200	5	4.836945	260.19	0
200	6	634.5862	517.4838	0
200	7	965.0863	123.9369	3
200	8	965.1311	107.1763	3
200	9	-581.1556	436.003	0
200	10	966.7424	66.41211	0
200	11	962.9075	330.274	0
201	1	912.12	128.5918	0
201	2	545.5199	312.0198	0
201	3	535.7374	294.2665	2
201	4	514.8151	266.1183	2
201	5	10.1355	260.4511	0
201	6	630.5539	517.4592	0
201	7	965.8947	124.8743	3
201	8	965.7319	108.0165	3
201	9	-576.8723	434.6099	0
201	10	967.5011	67.14825	0
201	11	960.0826	330.2716	0
202	1	910.8438	127.522	0
202	2	543.0106	313.1583	0
202	3	537.9861	296.4514	2
202	4	517.7806	267.565	2
202	5	15.89923	260.6971	0
202	6	626.2995	517.3749	0
202	7	966.6368	125.8429	3
202	8	966.1684	109.1194	3
202	9	-572.0028	433.4927	0
202	10	968.1245	68.01764	0
202	11	957.6614	330.9069	0
203	1	909.6041	126.4414	0
203	2	540.4311	314.4211	0
203	3	540.1374	298.6053	2
203	4	520.4131	268.8498	2
203	5	22.1123	260.8262	0
203	6	622.1302	516.9572	0
203	7	967.4031	126.8047	3
203	8	966.6555	110.338	3
203	9	-566.8274	432.4326	0
203	10	968.7789	68.99927	0
203	11	955.0696	331.1786	0
204	1	908.2678	125.1461	0
204	2	537.7948	315.6215	0
204	3	541.9038	300.3103	2
204	4	522.5232	270.0514	2
204	5	28.48727	261.08	0
204	6	618.0382	516.4431	0
204	7	968.0322	127.9382	3
204	8	967.1186	111.6615	3
204	9	-561.6115	431.3697	0
204	10	969.4454	70.08081	0
204	11	952.1793	331.2539	0
205	1	906.9221	123.701	0
205	2	535.06	316.8566	0
205	3	543.6079	301.6805	2
205	4	524.6296	271.7206	2
205	5	31.72983	259.2022	0
205	6	613.895	515.525	0
205	7	968.6892	129.1257	3
205	8	967.6285	112.9272	3
205	9	-556.8602	430.1497	0
205	10	970.0819	71.20459	0
205	11	949.2393	331.5422	0
206	1	905.4515	122.3208	0
206	2	531.9265	317.8093	0
206	3	545.2707	302.9586	2
206	4	526.7795	273.4927	2
206	5	34.52478	259.8392	0
206	6	609.9609	514.2336	0
206	7	969.3094	130.5482	3
206	8	968.2308	114.0692	3
206	9	-551.6494	428.9649	0
206	10	970.6758	72.39117	0
206	11	946.2538	331.9678	0
207	1	903.537	121.1802	0
207	2	528.7502	318.2797	0
207	3	547.1676	302.722	2
207	4	528.9013	275.0566	2
207	5	38.00977	260.6927	0
207	6	606.2878	513.117	0
207	7	970.0232	131.7983	3
207	8	968.7728	115.3726	3
207	9	-546.2208	428.1237	0
207	10	971.3451	73.58569	0
207	11	943.1627	332.4109	0
208	1	901.9285	119.9401	0
208	2	525.5705	319.103	0
208	3	549.3185	302.425	2
208	4	531.1344	276.5056	2
208	5	42.77786	261.3236	0
208	6	602.613	512.3561	0
208	7	970.7895	132.9513	3
208	8	969.066	116.8043	3
208	9	-541.4221	426.6163	0
208	10	971.8723	74.68665	0
208	11	939.9153	332.8368	0
209	1	900.465	118.7532	0
209	2	522.3575	320.3612	0
209	3	551.941	302.026	2
209	4	533.3152	278.1585	2
209	5	48.17783	261.7332	0
209	6	598.8334	511.8103	0
209	7	971.4885	134.2028	3
209	8	969.7538	117.983	3
209	9	-536.9067	424.7662	0
209	10	972.4537	75.69635	0
209	11	936.621	333.0718	0
210	1	898.8539	117.6998	0
210	2	519.1599	321.6047	0
210	3	554.9314	301.9257	2
210	4	535.6022	279.5751	2
210	5	54.39215	262.4421	0
210	6	595.0276	511.3717	0
210	7	971.8925	135.7553	3
210	8	970.6886	118.9886	3
210	9	-532.3768	422.7933	0
210	10	973.0527	76.59204	0
210	11	933.4418	333.1885	0
211	1	897.18	116.7336	0
211	2	515.7643	322.5969	0
211	3	558.7897	302.4225	2
211	4	538.093	280.5158	2
211	5	61.18039	262.4228	0
211	6	591.3406	510.8553	0
211	7	972.8098	136.9183	3
211	8	971.7434	119.9611	3
211	9	-527.592	420.3552	0
211	10	973.6236	77.33167	0
211	11	930.2596	333.0692	0
212	1	895.4824	115.764	0
212	2	511.8541	323.4337	0
212	3	563.2529	302.6441	2
212	4	540.674	281.3002	2
212	5	64.98315	259.7024	0
212	6	587.4649	510.2385	0
212	7	973.8331	137.962	3
212	8	973.1028	121.0059	3
212	9	-523.0989	418.2104	0
212	10	974.0752	77.92993	0
212	11	927.0945	332.6183	0
213	1	893.7563	114.6667	0
213	2	508.2366	324.0742	0
213	3	568.6788	303.1845	2
213	4	543.3403	281.8866	2
213	5	67.72995	260.8196	0
213	6	583.453	509.3746	0
213	7	974.9032	139.1496	3
213	8	974.9221	122.0853	3
213	9	-518.5444	416.6299	0
213	10	974.5533	78.64539	0
213	11	924.2365	332.1585	0
214	1	892.2496	113.4791	0
214	2	504.6861	324.7691	0
214	3	574.3028	303.386	2
214	4	546.2047	282.0599	2
214	5	71.49731	260.2671	0
214	6	579.4138	508.4799	0
214	7	976.3586	140.2573	3
214	8	975.8408	123.1056	3
214	9	-513.6416	415.0805	0
214	10	974.848	79.62738	0
214	11	921.2137	332.0018	0
215	1	890.863	112.0886	0
215	2	501.9094	326.6161	0
215	3	579.4207	303.5702	2
215	4	548.7678	282.5339	2
215	5	76.19382	260.4859	0
215	6	575.3734	507.6826	0
215	7	977.8804	141.349	3
215	8	976.7809	124.3236	3
215	9	-508.538	413.5822	0
215	10	975.1854	80.72003	0
215	11	918.0616	332.0609	0
216	1	889.7556	110.4229	0
216	2	498.5494	327.2075	0
216	3	583.6667	302.844	2
216	4	551.3656	283.1109	2
216	5	81.78311	260.5901	0
216	6	571.3044	506.936	0
216	7	978.9037	142.5716	3
216	8	977.7443	125.6862	3
216	9	-503.2531	412.15	0
216	10	975.4883	81.91553	0
216	11	914.8455	332.2587	0
217	1	888.8464	108.9074	0
217	2	495.2188	328.3463	0
217	3	587.0571	302.088	2
217	4	554.0313	283.6499	2
217	5	88.13638	260.6806	0
217	6	567.3997	507.0193	0
217	7	979.902	143.8478	3
217	8	978.6648	127.1237	3
217	9	-497.7561	410.6339	0
217	10	975.8196	83.0686	0
217	11	911.693	332.4204	0
218	1	887.7646	107.7451	0
218	2	491.8393	329.6699	0
218	3	589.8578	301.4625	2
218	4	556.7343	284.1577	2
218	5	95.14041	260.9314	0
218	6	563.5234	507.6998	0
218	7	980.8787	145.1915	3
218	8	979.5271	128.6617	3
218	9	-492.5555	409.2031	0
218	10	976.2505	84.06506	0
218	11	908.5861	332.4449	0
219	1	886.5503	106.7473	0
219	2	488.0743	330.9415	0
219	3	592.4081	300.8012	2
219	4	559.5007	284.6679	2
219	5	98.5239	259.229	0
219	6	559.7878	507.1357	0
219	7	981.7927	146.5454	3
219	8	980.4691	130.2201	3
219	9	-484.8124	406.9927	0
219	10	976.6561	85.19556	0
219	11	905.1827	332.4467	0
220	1	885.3116	105.833	0
220	2	484.2666	331.672	0
220	3	594.574	300.0037	2
220	4	562.3769	284.3442	2
220	5	102.0237	259.9657	0
220	6	555.9922	506.8972	0
220	7	982.7407	148.1364	3
220	8	981.2463	131.6515	3
220	9	-476.3897	404.0311	0
220	10	976.8245	86.42163	0
220	11	901.5963	332.3333	0
221	1	884.192	104.7726	0
221	2	480.3554	331.868	0
221	3	596.4607	299.0734	2
221	4	565.9335	283.4997	2
221	5	105.7516	260.24	0
221	6	552.1483	506.8879	0
221	7	983.809	149.8276	3
221	8	982.0962	132.9569	3
221	9	-466.7584	401.1919	0
221	10	977.0949	87.56415	0
221	11	898.484	332.2214	0
222	1	883.0659	103.6797	0
222	2	476.6549	331.4007	0
222	3	598.3851	298.0612	2
222	4	570.0691	281.8144	2
222	5	109.9219	260.4158	0
222	6	548.29	506.9062	0
222	7	984.7563	151.2296	3
222	8	982.9265	134.0742	3
222	9	-455.5218	398.1216	0
222	10	977.7856	88.43042	0
222	11	895.3999	332.0075	0
223	1	882.0941	102.6116	0
223	2	473.2419	331.303	0
223	3	601.1503	297.6712	2
223	4	574.3612	279.7914	2
223	5	115.251	261.0691	0
223	6	544.2615	506.8498	0
223	7	985.7098	152.489	3
223	8	983.6045	134.9681	3
223	9	-451.7018	393.2042	0
223	10	978.5686	89.2207	0
223	11	892.4857	332.0756	0
224	1	881.0143	101.2385	0
224	2	469.9087	331.6787	0
224	3	604.7469	298.5993	2
224	4	579.2324	278.1472	2
224	5	121.2224	261.627	0
224	6	540.1042	506.6068	0
224	7	986.6066	153.6037	3
224	8	984.2333	135.9254	3
224	9	-446.1631	393.1197	0
224	10	979.4611	90.047	0
224	11	889.9817	332.8548	0
225	1	879.9513	99.71576	0
225	2	466.625	332.2197	0
225	3	608.0276	300.0096	2
225	4	584.4052	276.3856	2
225	5	127.5304	261.8599	0
225	6	536.1073	506.1611	0
225	7	987.359	154.5787	3
225	8	984.6357	137.2087	3
225	9	-439.7553	392.1941	0
225	10	980.7976	90.95923	0
225	11	887.1793	332.9448	0
226	1	878.6588	98.37256	0
226	2	463.4332	332.5258	0
226	3	610.9438	301.6451	2
226	4	589.9613	274.3117	2
226	5	131.893	259.4068	0
226	6	532.0575	505.4646	0
226	7	988.0995	155.6245	3
226	8	985.051	138.6364	3
226	9	-430.8193	390.1196	0
226	10	982.1496	91.84589	0
226	11	884.187	333.0833	0
227	1	876.907	97.19177	0
227	2	459.9841	332.7781	0
227	3	613.1409	302.9849	2
227	4	596.1033	272.6774	2
227	5	134.4313	261.2849	0
227	6	527.978	504.2926	0
227	7	988.7479	157.0101	3
227	8	985.4227	140.1613	3
227	9	-421.3754	386.8089	0
227	10	982.8636	92.73767	0
227	11	881.1505	333.4402	0
228	1	875.9499	95.93774	0
228	2	456.4277	332.8431	0
228	3	615.0654	304.4884	2
228	4	601.9208	270.9641	2
228	5	137.8622	262.4733	0
228	6	524.4073	503.0736	0
228	7	989.4519	158.5937	3
228	8	985.8669	141.5331	3
228	9	-411.0225	382.8583	0
228	10	983.611	93.78741	0
228	11	878.0963	333.8972	0
229	1	874.8348	94.85486	0
229	2	452.9557	332.8724	0
229	3	616.8661	305.928	2
229	4	607.0316	270.0852	2
229	5	142.673	262.0631	0
229	6	520.7864	502.1787	0
229	7	990.1498	160.1299	3
229	8	986.359	142.9041	3
229	9	-399.9951	378.5988	0
229	10	984.3849	94.95776	0
229	11	874.8948	334.3466	0
230	1	873.6155	93.88525	0
230	2	449.4081	332.7928	0
230	3	618.5327	307.2195	2
230	4	611.6223	269.4894	2
230	5	148.4398	261.4176	0
230	6	517.1547	501.5626	0
230	7	990.9032	161.4871	3
230	8	986.5942	144.4301	3
230	9	-396.5391	374.0337	0
230	10	985.1332	96.18347	0
230	11	871.5582	334.7506	0
231	1	872.3998	92.96649	0
231	2	446.08	333.1783	0
231	3	620.1581	308.3922	2
231	4	616.4644	270.1291	2
231	5	154.3886	261.3666	0
231	6	513.5212	501.1202	0
231	7	991.671	162.8599	3
231	8	986.8193	145.9324	3
231	9	-391.7589	372.5457	0
231	10	985.8383	97.48047	0
231	11	868.2651	334.9077	0
232	1	871.1881	92.01794	0
232	2	442.9205	334.2027	0
232	3	621.8295	309.1091	2
232	4	621.2023	271.061	2
232	5	160.8588	261.3292	0
232	6	509.911	500.684	0
232	7	992.2572	164.304	3
232	8	987.6157	147.0921	3
232	9	-385.7303	370.778	0
232	10	986.5742	98.82312	0
232	11	865.0482	334.9473	0
233	1	870.0785	90.96027	0
233	2	439.7435	334.2434	0
233	3	623.5198	309.5648	2
233	4	625.8195	272.3204	2
233	5	165.008	259.749	0
233	6	506.2976	500.1015	0
233	7	992.8079	165.7348	3
233	8	988.5428	148.1731	3
233	9	-377.4656	368.3745	0
233	10	987.2338	100.0909	0
233	11	861.8004	334.6605	0
234	1	869.0947	89.84619	0
234	2	436.5772	334.5984	0
234	3	625.2776	310.0967	2
234	4	630.3042	273.7419	2
234	5	167.7958	260.037	0
234	6	502.4522	499.3985	0
234	7	993.7222	166.9243	3
234	8	989.6803	149.3263	3
234	9	-367.8003	365.3918	0
234	10	987.8821	101.2505	0
234	11	858.7606	334.1379	0
236	1	867.631	87.09082	0
236	2	430.2349	335.7516	0
236	3	628.9422	311.3657	2
236	4	638.1805	275.8553	2
236	5	176.6579	260.7688	0
236	6	494.6428	497.7083	0
236	7	995.714	169.2072	3
236	8	992.4072	151.6934	3
236	9	-346.8687	358.6764	0
236	10	989.2335	103.183	0
236	11	852.6942	333.7615	0
236	12	-539.698	264.5319	0
237	1	867.1165	85.77161	0
237	2	426.8968	336.3162	0
237	3	630.8313	311.828	2
237	4	641.2788	276.5947	2
237	5	182.1786	260.8907	0
237	6	490.5981	496.8911	0
237	7	996.9948	170.3936	3
237	8	993.1813	152.9826	3
237	9	-343.8864	354.5479	0
237	10	989.7766	103.8924	0
237	11	849.5251	333.9008	0
237	12	-539.0277	264.5646	0
238	1	866.4606	84.7196	0
238	2	423.4773	336.6703	0
238	3	632.6783	311.4345	2
238	4	644.0609	277.701	2
238	5	187.9688	261.1059	0
238	6	486.6119	496.4555	0
238	7	998.6414	171.7192	3
238	8	993.98	154.4187	3
238	9	-338.9	353.3978	0
238	10	990.3112	104.6655	0
238	11	846.3177	334.1071	0
238	12	-538.1261	264.6223	0
239	1	865.6931	83.79724	0
239	2	420.1382	336.8624	0
239	3	634.4982	310.7812	2
239	4	646.8425	278.7831	2
239	5	194.3161	261.5606	0
239	6	482.6826	497.1797	0
239	7	999.6648	172.9543	3
239	8	994.7529	155.9382	3
239	9	-333.2003	352.2881	0
239	10	990.6456	105.7294	0
239	11	843.2477	334.1716	0
239	12	-537.0199	264.705	0
