5	1	1509.173	568.6942	0
5	2	809.7474	357.6614	0
5	3	-434.3891	477.8297	2
5	4	-461.4385	481.1608	2
6	1	1505.511	567.5803	0
6	2	808.1188	357.5682	0
6	3	-429.3137	477.2051	2
6	4	-457.6388	480.7039	2
7	1	1501.412	566.3334	0
7	2	806.0051	357.4214	0
7	3	-421.9555	476.2995	2
7	4	-453.7429	480.2446	2
8	1	1496.947	564.9751	0
8	2	803.4757	357.2288	0
8	3	-413.4223	475.2496	2
8	4	-449.7009	479.7755	2
9	1	1492.178	563.5244	0
9	2	800.5912	356.9971	0
9	3	-404.0479	474.0964	2
9	4	-445.46	479.289	2
10	1	1487.158	561.9973	0
10	2	797.8586	356.8987	0
10	3	-394.106	472.874	2
10	4	-440.9694	478.7775	2
11	1	1481.934	560.4082	0
11	2	795.2515	356.9156	0
11	3	-383.8175	471.6096	2
11	4	-436.1836	478.2343	2
12	1	1476.545	558.7692	0
12	2	792.7472	357.0323	0
12	3	-373.3568	470.3251	2
12	4	-430.9666	477.6414	2
13	1	1471.027	557.0906	0
13	2	790.3267	357.2365	0
13	3	-362.8575	469.0373	2
13	4	-425.3848	477.0063	2
14	1	1465.408	555.3813	0
14	2	787.9734	357.5171	0
14	3	-352.5082	467.7699	2
14	4	-419.4954	476.3355	2
15	1	1459.714	553.6492	0
15	2	785.693	357.8667	0
15	3	-342.2979	466.5214	2
15	4	-413.3486	475.6346	2
16	1	1453.965	551.9005	0
16	2	783.4705	358.2774	0
16	3	-332.2177	465.2907	2
16	4	-406.9876	474.9085	2
17	1	1448.18	550.1408	0
17	2	782.9261	358.4404	0
17	3	-322.26	464.0767	2
17	4	-400.4496	474.1615	2
18	1	1442.375	548.3749	0
18	2	782.215	358.6888	0
18	3	-312.419	462.8786	2
18	4	-393.7667	473.3972	2
19	1	1436.562	546.6068	0
19	2	781.3559	359.012	0
19	3	-302.6897	461.6957	2
19	4	-386.967	472.6189	2
20	1	1430.753	544.8397	0
20	2	780.3645	359.4012	0
20	3	-293.0677	460.5274	2
20	4	-380.0742	471.8292	2
21	1	1424.957	543.0765	0
21	2	779.2539	359.8491	0
21	3	-283.5497	459.3731	2
21	4	-373.1089	471.0306	2
22	1	1419.181	541.3197	0
22	2	778.0552	360.3507	0
22	3	-274.1359	458.2334	2
22	4	-366.0888	470.2251	2
23	1	1413.433	539.571	0
23	2	776.7748	360.9005	0
23	3	-264.8315	457.11	2
23	4	-359.0292	469.4145	2
24	1	1407.717	537.8323	0
24	2	776.3588	361.0897	0
24	3	-255.6416	456.005	2
24	4	-351.9431	468.6003	2
25	1	1402.038	536.105	0
25	2	775.7596	361.3663	0
25	3	-246.5717	454.9203	2
25	4	-344.8416	467.784	2
26	1	1396.4	534.3899	0
26	2	774.9985	361.7199	0
26	3	-237.6265	453.8578	2
26	4	-337.7344	466.9666	2
27	1	1390.806	532.6882	0
27	2	774.0927	362.1415	0
27	3	-229.0017	452.9213	2
27	4	-330.6304	466.1495	2
28	1	1385.257	531.0005	0
28	2	773.0771	362.6249	0
28	3	-220.6276	452.0865	2
28	4	-323.5369	465.3342	2
29	1	1379.757	529.3274	0
29	2	771.9614	363.1637	0
29	3	-212.4544	451.3353	2
29	4	-316.4614	464.5222	2
30	1	1374.307	527.6694	0
30	2	770.7535	363.752	0
30	3	-204.4471	450.6531	2
30	4	-309.4095	463.7147	2
31	1	1368.907	526.0269	0
31	2	770.3473	363.9528	0
31	3	-196.5802	450.0285	2
31	4	-302.3867	462.9131	2
32	1	1363.559	524.4	0
32	2	769.7566	364.2456	0
32	3	-188.8355	449.4523	2
32	4	-295.3975	462.1185	2
33	1	1358.262	522.7889	0
33	2	769.0026	364.6193	0
33	3	-181.2	448.917	2
33	4	-288.4459	461.332	2
34	1	1353.019	521.1938	0
34	2	768.1234	365.066	0
34	3	-173.6865	448.4262	2
34	4	-281.5353	460.5546	2
35	1	1347.828	519.6147	0
35	2	767.131	365.5778	0
35	3	-166.2806	447.9726	2
35	4	-274.6686	459.7869	2
36	1	1342.689	518.0518	0
36	2	766.035	366.1475	0
36	3	-158.9718	447.5503	2
36	4	-267.8495	459.0303	2
37	1	1337.604	516.5048	0
37	2	764.8438	366.7693	0
37	3	-151.7514	447.1543	2
37	4	-261.084	458.2862	2
38	1	1332.571	514.9738	0
38	2	764.4385	366.9817	0
38	3	-144.6132	446.7806	2
38	4	-254.3786	457.5566	2
39	1	1327.589	513.4586	0
39	2	763.8691	367.2924	0
39	3	-137.5518	446.4258	2
39	4	-247.7392	456.8433	2
40	1	1322.66	511.9591	0
40	2	763.1541	367.6897	0
40	3	-130.563	446.0871	2
40	4	-241.1719	456.148	2
41	1	1317.782	510.4753	0
41	2	762.3083	368.1636	0
41	3	-123.6435	445.7621	2
41	4	-234.6819	455.4723	2
42	1	1312.955	509.0069	0
42	2	761.3441	368.7057	0
42	3	-116.8106	445.4582	2
42	4	-228.2737	454.8177	2
43	1	1308.178	507.5539	0
43	2	760.272	369.3088	0
43	3	-110.0549	445.1718	2
43	4	-221.9514	454.1853	2
44	1	1303.451	506.116	0
44	2	759.1002	369.9667	0
44	3	-103.3691	444.8999	2
44	4	-215.7178	453.5762	2
45	1	1298.773	504.6931	0
45	2	758.6955	370.1914	0
45	3	-96.74713	444.6401	2
45	4	-209.5757	452.9913	2
46	1	1294.144	503.285	0
46	2	758.1041	370.5182	0
46	3	-90.18378	444.3903	2
46	4	-202.0133	452.2332	2
47	1	1289.563	501.8915	0
47	2	757.3688	370.9364	0
47	3	-83.67548	444.1487	2
47	4	-193.4415	451.4338	2
48	1	1285.03	500.5125	0
48	2	756.5042	371.4355	0
48	3	-77.21936	443.9139	2
48	4	-184.0341	450.6055	2
49	1	1280.543	499.1476	0
49	2	755.5221	372.0068	0
49	3	-70.81299	443.6846	2
49	4	-180.7502	450.3586	2
50	1	1276.103	497.7968	0
50	2	754.4324	372.6425	0
50	3	-64.45294	443.4602	2
50	4	-175.9137	450.0128	2
51	1	1271.708	496.4599	0
51	2	753.2434	373.3363	0
51	3	-58.15491	443.2495	2
51	4	-169.7754	449.5941	2
52	1	1267.357	495.1367	0
52	2	752.8335	373.5737	0
52	3	-51.9104	443.0502	2
52	4	-162.5331	449.1159	2
53	1	1263.052	493.8269	0
53	2	752.2355	373.9189	0
53	3	-45.71277	442.8602	2
53	4	-154.36	448.5903	2
54	1	1258.79	492.5304	0
54	2	751.4703	374.3589	0
54	3	-39.55695	442.6779	2
54	4	-151.2767	448.4052	2
55	1	1254.571	491.247	0
55	2	750.5553	374.8829	0
55	3	-33.43829	442.5019	2
55	4	-146.7086	448.1372	2
56	1	1250.394	489.9765	0
56	2	749.5045	375.4819	0
56	3	-27.35333	442.3311	2
56	4	-140.8705	447.7997	2
57	1	1246.259	488.7188	0
57	2	748.3298	376.1478	0
57	3	-21.29932	442.1649	2
57	4	-133.9518	447.4049	2
58	1	1242.166	487.4735	0
58	2	747.0408	376.8741	0
58	3	-15.27417	442.0022	2
58	4	-126.1178	446.9636	2
59	1	1238.113	486.2407	0
59	2	746.6135	377.1241	0
59	3	-9.276367	441.8426	2
59	4	-117.5136	446.4856	2
60	1	1234.1	485.0201	0
60	2	745.9973	377.4878	0
60	3	-3.304565	441.6853	2
60	4	-114.5816	446.3387	2
61	1	1230.126	483.8114	0
61	2	745.2131	377.9518	0
61	3	2.626678	441.5392	2
61	4	-110.2417	446.1282	2
62	1	1226.192	482.6146	0
62	2	744.2779	378.5048	0
62	3	8.524078	441.4022	2
62	4	-104.6943	445.8645	2
63	1	1222.296	481.4295	0
63	2	743.2058	379.137	0
63	3	14.39276	441.2722	2
63	4	-98.11505	445.5566	2
64	1	1218.438	480.2559	0
64	2	742.0084	379.8403	0
64	3	20.23657	441.1477	2
64	4	-90.65759	445.2128	2
65	1	1214.617	479.0936	0
65	2	740.6951	380.6076	0
65	3	26.05841	441.0274	2
65	4	-82.4563	444.8405	2
66	1	1210.833	477.9426	0
66	2	740.2363	380.8705	0
66	3	31.86029	440.9102	2
66	4	-79.6319	444.7186	2
67	1	1207.085	476.8025	0
67	2	739.5655	381.252	0
67	3	37.64401	440.7953	2
67	4	-75.44293	444.541	2
68	1	1203.373	475.6733	0
68	2	738.7061	381.7382	0
68	3	43.41101	440.682	2
68	4	-70.08203	444.3165	2
69	1	1199.696	474.5548	0
69	2	737.6775	382.3173	0
69	3	49.16217	440.5698	2
69	4	-63.71747	444.0529	2
70	1	1196.054	473.4469	0
70	2	736.4955	382.9791	0
70	3	54.89819	440.4582	2
70	4	-56.49677	443.7575	2
71	1	1192.446	472.3494	0
71	2	735.1974	383.7169	0
71	3	60.60583	440.3557	2
71	4	-48.56616	443.4457	2
72	1	1188.872	471.2621	0
72	2	733.7957	384.5233	0
72	3	66.29041	440.2602	2
72	4	-45.83942	443.35	2
73	1	1185.331	470.1851	0
73	2	733.3305	384.8008	0
73	3	71.95609	440.1698	2
73	4	-41.79987	443.2132	2
74	1	1181.823	469.118	0
74	2	732.6638	385.2039	0
74	3	77.60593	440.0831	2
74	4	-36.62988	443.0416	2
75	1	1178.347	468.0607	0
75	2	731.822	385.7179	0
75	3	83.24213	439.9989	2
75	4	-30.48907	442.8409	2
76	1	1174.903	467.0132	0
76	2	730.8287	386.3301	0
76	3	88.86621	439.9163	2
76	4	-23.51654	442.6162	2
77	1	1171.491	465.9752	0
77	2	729.7057	387.03	0
77	3	94.47928	439.8342	2
77	4	-15.83319	442.3719	2
79	1	1164.759	463.9275	0
79	2	727.1491	388.6581	0
79	3	105.6746	439.6696	2
79	4	-9.221741	442.1724	2
79	5	-651.1559	480.9542	0
80	1	1161.439	462.9175	0
80	2	725.7525	389.5721	0
80	3	111.2577	439.5863	2
80	4	-4.16217	442.0222	2
80	5	-645.7897	480.38	0
81	1	1158.149	461.9166	0
81	2	725.3567	389.8715	0
81	3	116.8313	439.5018	2
81	4	1.851868	441.8452	2
81	5	-638.3074	479.5796	0
82	1	1154.888	460.9246	0
82	2	724.8139	390.3047	0
82	3	122.3845	439.4249	2
82	4	8.66925	441.6549	2
82	5	-629.0348	478.5878	0
83	1	1151.656	459.9415	0
83	2	724.1465	390.8559	0
83	3	127.9214	439.3534	2
83	4	16.17548	441.4542	2
83	5	-618.2603	477.4354	0
84	1	1148.452	458.9671	0
84	2	723.3753	391.512	0
84	3	133.4453	439.2856	2
84	4	18.77301	441.3921	2
84	5	-606.2365	476.1498	0
85	1	1145.277	458.0013	0
85	2	722.5191	392.2616	0
85	3	138.9585	439.2202	2
85	4	22.62531	441.303	2
85	5	-593.1842	474.7545	0
86	1	1142.13	457.0439	0
86	2	721.5961	393.0953	0
86	3	144.4626	439.1559	2
86	4	27.56076	441.1909	2
86	5	-588.6057	474.2655	0
87	1	1139.011	456.095	0
87	2	720.6231	394.0049	0
87	3	149.9587	439.092	2
87	4	33.42993	441.0591	2
87	5	-581.9454	473.5544	0
91	1	1126.801	452.3808	0
91	2	717.957	396.8262	0
91	3	171.871	438.8269	2
91	4	53.82922	440.6112	2
91	5	-540.2802	469.1083	0
91	6	1300.233	595.6533	0
91	7	864.4532	350.9925	3
91	8	862.2395	350.1157	3
92	1	1123.813	451.4721	0
92	2	717.5226	397.4227	0
92	3	177.3227	438.7651	2
92	4	58.70313	440.5071	2
92	5	-527.2667	467.7205	0
92	6	1297.789	595.5135	0
92	7	865.2532	351.3094	3
92	8	861.8975	349.9802	3
93	1	1120.852	450.5712	0
93	2	717.0308	398.1302	0
93	3	182.7622	438.708	2
93	4	64.48785	440.3928	2
93	5	-522.9633	467.2621	0
93	6	1294.925	595.3497	0
93	7	866.0648	351.6309	3
93	8	861.6981	349.9012	3
94	1	1117.915	449.6779	0
94	2	716.496	398.937	0
94	3	188.1921	438.654	2
94	4	71.05798	440.2696	2
94	5	-516.7019	466.5953	0
94	6	1291.699	595.1652	0
94	7	866.8091	351.9257	3
94	8	861.6246	349.8722	3
95	1	1115.003	448.7922	0
95	2	715.9321	399.833	0
95	3	193.6142	438.6016	2
95	4	78.30466	440.1389	2
95	5	-508.7789	465.7519	0
95	6	1288.16	594.9627	0
95	7	867.4884	352.1947	3
95	8	861.6615	349.8867	3
96	1	1112.116	447.9139	0
96	2	715.3523	400.8099	0
96	3	199.0294	438.5496	2
96	4	80.82373	440.0974	2
96	5	-499.4561	464.7597	0
96	6	1284.353	594.7449	0
96	7	868.1068	352.4396	3
96	8	861.7964	349.9401	3
97	1	1109.253	447.043	0
97	2	714.7428	401.858	0
97	3	204.4386	438.4973	2
97	4	84.56238	440.0371	2
97	5	-488.9641	463.6433	0
97	6	1280.313	594.5138	0
97	7	868.6702	352.6627	3
97	8	862.022	350.0295	3
98	1	1106.414	446.1794	0
98	2	714.1903	402.9713	0
98	3	209.842	438.4438	2
98	4	89.35532	439.9606	2
98	5	-477.5037	462.4243	0
98	6	1276.073	594.2713	0
98	7	869.1849	352.8666	3
98	8	862.3302	350.1516	3
99	1	1103.599	445.3229	0
99	2	713.9008	404.145	0
99	3	215.2387	438.3893	2
99	4	95.0592	439.8699	2
99	5	-465.2504	461.1213	0
99	6	1271.663	594.019	0
99	7	869.6582	353.0541	3
99	8	862.7124	350.3029	3
100	1	1100.806	444.4736	0
100	2	714.0728	405.3717	0
100	3	220.6273	438.3343	2
100	4	101.549	439.7667	2
100	5	-461.1971	460.6908	0
100	6	1267.105	593.7583	0
100	7	870.0972	353.2279	3
100	8	863.1755	350.4864	3
101	1	1098.037	443.6312	0
101	2	714.882	406.6483	0
101	3	225.9997	438.2885	2
101	4	108.7163	439.6524	2
101	5	-455.299	460.0646	0
101	6	1262.421	593.4904	0
101	7	870.5096	353.3913	3
101	8	863.6931	350.6914	3
102	1	1095.291	442.7958	0
102	2	716.3693	407.9702	0
102	3	231.3586	438.2504	2
102	4	111.216	439.6122	2
102	5	-447.8337	459.2722	0
102	6	1257.63	593.2162	0
102	7	870.9024	353.5469	3
102	8	864.2566	350.9146	3
103	1	1092.567	441.9672	0
103	2	717.3359	408.3553	0
103	3	236.7062	438.2186	2
103	4	114.9271	439.5521	2
103	5	-439.0472	458.3398	0
103	6	1252.746	592.9369	0
103	7	871.2823	353.6973	3
103	8	864.8579	351.1527	3
104	1	1089.865	441.1453	0
104	2	718.8373	408.8855	0
104	3	242.0445	438.1916	2
104	4	119.6745	439.4838	2
104	5	-429.1556	457.2905	0
104	6	1247.785	592.6531	0
104	7	871.6554	353.845	3
104	8	865.4895	351.4029	3
105	1	1087.185	440.3301	0
105	2	720.6302	409.541	0
105	3	247.3751	438.1678	2
105	4	125.3178	439.4082	2
105	5	-418.3475	456.1443	0
105	6	1242.756	592.3654	0
105	7	872.0269	353.9922	3
105	8	866.1444	351.6622	3
106	1	1084.527	439.5215	0
106	2	722.4644	410.3	0
106	3	252.6993	438.1461	2
106	4	131.7351	439.3258	2
106	5	-406.787	454.9188	0
106	6	1237.672	592.0746	0
106	7	872.4016	354.1406	3
106	8	866.8161	351.9283	3
107	1	1081.89	438.7194	0
107	2	724.1692	411.1487	0
107	3	258.0179	438.125	2
107	4	138.8209	439.2372	2
107	5	-402.9619	454.5138	0
107	6	1232.541	591.7811	0
107	7	872.7833	354.2918	3
107	8	867.4989	352.1987	3
108	1	1079.274	437.9237	0
108	2	725.618	412.0688	0
108	3	263.3312	438.1037	2
108	4	141.2915	439.2075	2
108	5	-397.395	453.9246	0
108	6	1227.369	591.4852	0
108	7	873.1754	354.4471	3
108	8	868.1877	352.4715	3
109	1	1076.679	437.1344	0
109	2	726.7704	413.0499	0
109	3	268.6393	438.0814	2
109	4	144.9589	439.1637	2
109	5	-390.3473	453.1789	0
109	6	1222.165	591.1876	0
109	7	873.5803	354.6075	3
109	8	868.8784	352.7451	3
110	1	1074.105	436.3514	0
110	2	727.6157	414.0772	0
110	3	273.9376	438.0665	2
110	4	149.6619	439.1075	2
110	5	-382.0503	452.3012	0
110	6	1216.934	590.8883	0
110	7	873.9999	354.7736	3
110	8	869.5671	353.0178	3
111	1	1071.551	435.5745	0
111	2	728.219	415.1425	0
111	3	279.2291	438.0561	2
111	4	155.2603	439.04	2
111	5	-372.707	451.3132	0
111	6	1211.68	590.5878	0
111	7	874.4355	354.9462	3
111	8	870.251	353.2887	3
112	1	1069.018	434.8038	0
112	2	728.6514	416.2336	0
112	3	284.5161	438.0479	2
112	4	161.6322	438.9625	2
112	5	-362.4949	450.2337	0
112	6	1206.408	590.2862	0
112	7	874.8879	355.1253	3
112	8	870.9277	353.5568	3
113	1	1066.504	434.0392	0
113	2	728.9833	417.3423	0
113	3	289.8	438.0396	2
113	4	168.672	438.8756	2
113	5	-351.5721	449.0797	0
113	6	1201.122	589.9838	0
113	7	875.3574	355.3113	3
113	8	871.5956	353.8212	3
114	1	1064.01	433.2805	0
114	2	729.2534	418.4572	0
114	3	295.0813	438.0294	2
114	4	171.1228	438.8526	2
114	5	-347.9683	448.7	0
114	6	1195.825	589.6808	0
114	7	875.9027	355.5273	3
114	8	872.2543	354.0821	3
115	1	1061.535	432.5277	0
115	2	730.2106	419.5023	0
115	3	300.36	438.0162	2
115	4	174.7574	438.821	2
115	5	-342.731	448.149	0
115	6	1190.519	589.3773	0
115	7	876.519	355.7714	3
115	8	872.9044	354.3396	3
116	1	1059.08	431.7808	0
116	2	731.7164	420.4916	0
116	3	305.6356	437.9992	2
116	4	179.4171	438.7815	2
116	5	-336.1108	447.4532	0
116	6	1185.208	589.0735	0
116	7	877.197	356.0399	3
116	8	873.5475	354.5943	3
117	1	1056.643	431.0396	0
117	2	733.5128	421.4318	0
117	3	310.9071	437.978	2
117	4	184.964	438.7345	2
117	5	-328.332	446.6369	0
117	6	1179.893	588.7694	0
117	7	877.9244	356.328	3
117	8	874.1857	354.8471	3
118	1	1054.226	430.3042	0
118	2	735.4045	422.323	0
118	3	316.1734	437.9526	2
118	4	191.2784	438.6803	2
118	5	-319.8469	445.8192	0
118	6	1174.575	588.4652	0
118	7	878.6873	356.6302	3
118	8	874.8212	355.0988	3
119	1	1051.827	429.5744	0
119	2	737.2247	423.1637	0
119	3	321.4308	437.9321	2
119	4	198.2563	438.6189	2
119	5	-310.7845	445.0044	0
119	6	1169.257	588.161	0
119	7	879.4718	356.9409	3
119	8	875.4564	355.3504	3
120	1	1049.446	428.8502	0
120	2	738.8696	423.953	0
120	3	326.6812	437.9146	2
120	4	200.6956	438.5953	2
120	5	-301.2586	444.1964	0
120	6	1163.94	587.8569	0
120	7	880.2136	357.2347	3
120	8	876.0929	355.6024	3
121	1	1047.083	428.1315	0
121	2	740.2779	424.6917	0
121	3	331.9256	437.8983	2
121	4	204.3164	438.5593	2
121	5	-298.247	443.9831	0
121	6	1158.625	587.5529	0
121	7	880.9202	357.5146	3
121	8	876.7315	355.8553	3
122	1	1044.739	427.4183	0
122	2	741.4097	425.381	0
122	3	337.1647	437.8818	2
122	4	208.9597	438.512	2
122	5	-293.9545	443.6981	0
122	6	1153.313	587.249	0
122	7	881.5983	357.7831	3
122	8	877.3726	356.1093	3
123	1	1042.412	426.7104	0
123	2	742.2661	426.0244	0
123	3	342.3986	437.8639	2
123	4	214.4875	438.4543	2
123	5	-288.5748	443.3539	0
123	6	1148.005	586.9453	0
123	7	882.2535	358.0427	3
123	8	878.0159	356.3641	3
124	1	1040.102	426.0079	0
124	2	742.8656	426.6262	0
124	3	347.627	437.8438	2
124	4	220.7794	438.3873	2
124	5	-282.2801	442.9623	0
124	6	1142.701	586.642	0
124	7	882.8908	358.2951	3
124	8	878.6614	356.6197	3
125	1	1037.81	425.3107	0
125	2	743.2233	427.1904	0
125	3	352.849	437.8208	2
125	4	227.7228	438.3215	2
125	5	-275.2235	442.5338	0
125	6	1137.402	586.3388	0
125	7	883.5146	358.5422	3
125	8	879.3085	356.876	3
126	1	1035.535	424.6187	0
126	2	743.3668	427.7215	0
126	3	358.0645	437.7947	2
126	4	230.1437	438.3055	2
126	5	-267.5696	442.0877	0
126	6	1132.109	586.036	0
126	7	884.1284	358.7853	3
126	8	879.9567	357.1328	3
127	1	1033.277	423.9318	0
127	2	743.3163	428.2235	0
127	3	363.273	437.7745	2
127	4	233.7321	438.2846	2
127	5	-259.4329	441.6322	0
127	6	1126.823	585.7336	0
127	7	884.7355	359.0258	3
127	8	880.6054	357.3897	3
128	1	1031.036	423.25	0
128	2	743.0956	428.7003	0
128	3	368.4744	437.7579	2
128	4	238.331	438.259	2
128	5	-256.7797	441.5036	0
128	6	1121.542	585.4316	0
128	7	885.3383	359.2645	3
128	8	881.2541	357.6466	3
129	1	1028.811	422.5732	0
129	2	742.7213	429.1551	0
129	3	373.6698	437.743	2
129	4	243.8043	438.2292	2
129	5	-252.9901	441.329	0
129	6	1116.269	585.1299	0
129	7	885.9983	359.5259	3
129	8	881.903	357.9036	3
130	1	1026.603	421.9015	0
130	2	742.2129	429.5911	0
130	3	378.8598	437.728	2
130	4	250.0335	438.1954	2
130	5	-248.2416	441.1199	0
130	6	1111.003	584.8287	0
130	7	886.7056	359.806	3
130	8	882.5529	358.161	3
131	1	1024.41	421.2347	0
131	2	741.5834	430.011	0
131	3	384.0442	437.7117	2
131	4	256.9159	438.1577	2
131	5	-242.6884	440.8864	0
131	6	1105.745	584.5279	0
131	7	887.4491	360.1005	3
131	8	883.205	358.4193	3
132	1	1022.234	420.5727	0
132	2	740.8495	430.4174	0
132	3	389.2227	437.693	2
132	4	259.3229	438.1439	2
132	5	-236.4632	440.6372	0
132	6	1100.494	584.2275	0
132	7	888.1636	360.3835	3
132	8	883.8599	358.6786	3
133	1	1020.074	419.9156	0
133	2	740.0205	430.8123	0
133	3	394.3948	437.6712	2
133	4	262.892	438.123	2
133	5	-229.6802	440.38	0
133	6	1095.251	583.9276	0
133	7	888.8547	360.6573	3
133	8	884.5179	358.9393	3
134	1	1017.929	419.2632	0
134	2	739.1104	431.1981	0
134	3	399.5604	437.6462	2
134	4	267.4667	438.0959	2
134	5	-222.442	440.1234	0
134	6	1090.016	583.6281	0
134	7	889.5272	360.9236	3
134	8	885.1788	359.201	3
135	1	1015.8	418.6156	0
135	2	738.1317	431.5768	0
135	3	404.7207	437.6268	2
135	4	272.9108	438.0634	2
135	5	-214.8328	439.8745	0
135	6	1084.789	583.3291	0
135	7	890.1852	361.1842	3
135	8	885.8423	359.4638	3
136	1	1013.687	417.9726	0
136	2	737.0894	431.9498	0
136	3	409.875	437.6108	2
136	4	279.1018	438.035	2
136	5	-212.4805	439.8271	0
136	6	1079.57	583.0306	0
136	7	890.8325	361.4406	3
136	8	886.508	359.7274	3
137	1	1011.588	417.3343	0
137	2	735.9941	432.3187	0
137	3	415.0231	437.5963	2
137	4	285.9391	438.0095	2
137	5	-209.1357	439.7746	0
137	6	1074.36	582.7325	0
137	7	891.472	361.694	3
137	8	887.1754	359.9918	3
138	1	1009.505	416.7005	0
138	2	734.8552	432.6853	0
138	3	420.1651	437.5814	2
138	4	288.3314	438.0042	2
138	5	-204.9355	439.7195	0
138	6	1069.158	582.4349	0
138	7	892.1655	361.9686	3
138	8	887.8446	360.2568	3
139	1	1007.436	416.0712	0
139	2	733.6745	433.0502	0
139	3	425.3007	437.5649	2
139	4	291.8772	437.9969	2
139	5	-199.9993	439.6651	0
139	6	1063.965	582.1379	0
139	7	892.9028	362.2607	3
139	8	888.5165	360.5229	3
140	1	1005.382	415.4464	0
140	2	732.4597	433.415	0
140	3	430.4292	437.5458	2
140	4	296.4225	437.987	2
140	5	-194.4276	439.6129	0
140	6	1058.78	581.8413	0
140	7	893.6167	362.5434	3
140	8	889.1914	360.7902	3
141	1	1003.342	414.826	0
141	2	731.2175	433.7807	0
141	3	435.5505	437.5235	2
141	4	301.8336	437.9735	2
141	5	-188.3074	439.5647	0
141	6	1053.604	581.5452	0
141	7	894.3119	362.8188	3
141	8	889.8691	361.0586	3
142	1	1001.317	414.21	0
142	2	729.9473	434.1478	0
142	3	440.6643	437.4978	2
142	4	307.9945	437.9556	2
142	5	-181.7123	439.5222	0
142	6	1048.436	581.2496	0
142	7	894.9926	363.0884	3
142	8	890.5496	361.3282	3
143	1	999.3066	413.5983	0
143	2	728.6545	434.5173	0
143	3	445.7703	437.4688	2
143	4	314.8042	437.9324	2
143	5	-179.4738	439.5156	0
143	6	1043.277	580.9545	0
143	7	895.6623	363.3537	3
143	8	891.2324	361.5986	3
144	1	997.3098	412.9909	0
144	2	727.338	434.8894	0
144	3	450.8679	437.4368	2
144	4	317.1906	437.9291	2
144	5	-176.2388	439.5101	0
144	6	1038.127	580.6599	0
144	7	896.3242	363.6158	3
144	8	891.9171	361.8698	3
145	1	995.327	412.3878	0
145	2	726.002	435.265	0
145	3	455.9516	437.3937	2
145	4	320.7265	437.9251	2
145	5	-172.1384	439.5059	0
145	6	1032.985	580.3657	0
145	7	897.0432	363.9006	3
145	8	892.604	362.1418	3
146	1	993.358	411.7888	0
146	2	724.6502	435.6447	0
146	3	461.022	437.3427	2
146	4	325.2588	437.9192	2
146	5	-167.2866	439.5022	0
146	6	1027.852	580.0721	0
146	7	897.8083	364.2036	3
146	8	893.2938	362.415	3
147	1	991.4026	411.194	0
147	2	723.28	436.0284	0
147	3	466.0792	437.287	2
147	4	330.6544	437.9101	2
147	5	-161.7815	439.499	0
147	6	1022.728	579.779	0
147	7	898.5485	364.4968	3
147	8	893.9871	362.6895	3
148	1	989.4607	410.6033	0
148	2	721.8943	436.417	0
148	3	471.1226	437.2299	2
148	4	336.7979	437.8964	2
148	5	-155.7073	439.4959	0
148	6	1017.612	579.4863	0
148	7	899.2689	364.7822	3
148	8	894.6837	362.9655	3
149	1	987.5322	410.0167	0
149	2	720.4949	436.8106	0
149	3	476.1442	437.1656	2
149	4	343.5886	437.8768	2
149	5	-149.1373	439.4926	0
149	6	1012.505	579.1942	0
149	7	899.9739	365.0614	3
149	8	895.3837	363.2427	3
150	1	985.6169	409.434	0
150	2	719.0787	437.2091	0
150	3	481.1452	437.099	2
150	4	345.9723	437.8647	2
150	5	-146.9039	439.4906	0
150	6	1007.407	578.9026	0
150	7	900.667	365.336	3
150	8	896.0864	363.521	3
151	1	983.7147	408.8554	0
151	2	717.6472	437.6129	0
151	3	486.126	437.0344	2
151	4	349.5032	437.8445	2
151	5	-143.6584	439.4874	0
151	6	1002.317	578.6115	0
151	7	901.3517	365.6071	3
151	8	896.7915	363.8002	3
152	1	981.8255	408.2808	0
152	2	716.1971	438.0215	0
152	3	491.087	436.9751	2
152	4	354.0267	437.8171	2
152	5	-139.5345	439.4826	0
152	6	997.2365	578.3208	0
152	7	902.0942	365.9013	3
152	8	897.4991	364.0805	3
153	1	979.9491	407.71	0
153	2	714.7298	438.4352	0
153	3	496.0185	436.9152	2
153	4	359.4082	437.7831	2
153	5	-134.6483	439.4758	0
153	6	992.1642	578.0306	0
153	7	902.8835	366.214	3
153	8	898.2103	364.3622	3
155	1	976.2343	406.5799	0
155	2	711.7419	439.2781	0
155	3	505.7894	436.7993	2
155	4	372.2922	437.7234	2
155	5	-122.9761	439.4546	0
155	6	982.0454	577.4518	0
155	7	904.3904	366.8108	3
155	8	899.6442	364.93	3
155	9	-915.8137	569.7365	0
156	1	974.3956	406.0206	0
156	2	710.2185	439.7069	0
156	3	510.6219	436.7423	2
156	4	374.6658	437.7163	2
156	5	-116.3741	439.4482	0
156	6	976.9989	577.1631	0
156	7	905.1176	367.0989	3
156	8	900.3665	365.2161	3
156	9	-913.5856	569.4453	0
157	1	972.5692	405.4651	0
157	2	708.6722	440.14	0
157	3	515.4094	436.6829	2
157	4	378.1786	437.7064	2
157	5	-114.1511	439.4503	0
157	6	971.9612	576.8749	0
157	7	905.8328	367.3821	3
157	8	901.092	365.5035	3
157	9	-910.4677	569.0378	0
158	1	970.755	404.9132	0
158	2	707.1039	440.5775	0
158	3	520.1556	436.6261	2
158	4	382.6777	437.6929	2
158	5	-110.9258	439.4549	0
158	6	966.9319	576.5873	0
158	7	906.5392	367.662	3
158	8	901.8201	365.7918	3
158	9	-906.585	568.5303	0
159	1	968.9529	404.365	0
159	2	705.51	441.0189	0
159	3	524.8488	436.5677	2
159	4	388.0305	437.6753	2
159	5	-106.8303	439.4609	0
159	6	961.9113	576.3	0
159	7	907.3049	367.9653	3
159	8	902.5511	366.0813	3
159	9	-902.0474	567.9374	0
160	1	967.1626	403.8205	0
160	2	703.8915	441.4642	0
160	3	529.4781	436.505	2
160	4	394.1213	437.6527	2
160	5	-101.9791	439.4675	0
160	6	956.899	576.0133	0
160	7	908.1185	368.2876	3
160	8	903.2858	366.3723	3
160	9	-896.9509	567.2712	0
161	1	965.3843	403.2795	0
161	2	702.2444	441.9121	0
161	3	534.0508	436.4446	2
161	4	400.8496	437.6246	2
161	5	-96.47046	439.4736	0
161	6	951.8954	575.7271	0
161	7	908.9061	368.5995	3
161	8	904.0244	366.6648	3
161	9	-891.3785	566.543	0
162	1	963.6176	402.7421	0
162	2	700.5701	442.3633	0
162	3	538.5548	436.3841	2
162	4	403.2159	437.6198	2
162	5	-90.39001	439.4785	0
162	6	946.9004	575.4414	0
162	7	909.6727	368.9032	3
162	8	904.7672	366.959	3
162	9	-885.4022	565.7619	0
163	1	961.8625	402.2083	0
163	2	698.8696	442.8183	0
163	3	542.9799	436.3215	2
163	4	406.7161	437.6138	2
163	5	-83.81165	439.4813	0
163	6	941.9137	575.1561	0
163	7	910.4231	369.2004	3
163	8	905.5135	367.2546	3
163	9	-879.0854	564.9363	0
164	1	960.119	401.6779	0
164	2	697.1401	443.2769	0
164	3	547.3173	436.2564	2
164	4	411.1984	437.6055	2
164	5	-81.57922	439.479	0
164	6	936.9354	574.8713	0
164	7	911.1613	369.4928	3
164	8	906.2633	367.5515	3
164	9	-872.4821	564.0733	0
165	1	958.3868	401.151	0
165	2	695.381	443.7377	0
165	3	551.559	436.1892	2
165	4	416.5306	437.5934	2
165	5	-78.33289	439.4741	0
165	6	931.9658	574.5871	0
165	7	911.8906	369.7817	3
165	8	907.0156	367.8495	3
165	9	-865.6394	563.179	0
166	1	956.6659	400.6275	0
166	2	693.5897	444.2004	0
166	3	555.698	436.121	2
166	4	422.5977	437.5763	2
166	5	-74.20746	439.4663	0
166	6	927.0044	574.3033	0
166	7	912.6814	370.095	3
166	8	907.7711	368.1486	3
166	9	-858.598	562.2587	0
167	1	954.9561	400.1075	0
167	2	691.767	444.6655	0
167	3	559.4766	435.998	2
167	4	429.2997	437.5529	2
167	5	-69.31897	439.4555	0
167	6	922.0515	574.02	0
167	7	913.522	370.428	3
167	8	908.5303	368.4493	3
167	9	-851.3927	561.3171	0
168	1	953.2574	399.5907	0
168	2	689.9103	445.1324	0
168	3	562.543	436.0945	2
168	4	431.6572	437.5397	2
168	5	-63.76801	439.4413	0
168	6	917.1071	573.7372	0
168	7	914.3357	370.7504	3
168	8	909.2936	368.7516	3
168	9	-844.0541	560.3579	0
169	1	951.5696	399.0773	0
169	2	688.0218	445.5999	0
169	3	565.0241	436.3593	2
169	4	435.1413	437.5185	2
169	5	-57.64221	439.4234	0
169	6	912.1708	573.4548	0
169	7	915.1279	371.0642	3
169	8	910.0612	369.0556	3
169	9	-836.6082	559.3848	0
170	1	949.8926	398.5672	0
170	2	686.1022	446.0679	0
170	3	567.0316	436.732	2
170	4	439.5994	437.491	2
170	5	-51.01709	439.4014	0
170	6	907.243	573.1729	0
170	7	915.9036	371.3715	3
170	8	910.8325	369.3611	3
170	9	-829.0768	558.4005	0
172	1	946.571	397.5568	0
172	2	682.1744	447.0012	0
172	3	569.9455	437.5771	2
172	4	450.9243	437.4222	2
172	5	-45.49945	439.3743	0
172	6	897.4125	572.6106	0
172	7	917.4244	371.976	3
172	8	912.3877	369.9805	3
172	9	-813.8333	556.4083	0
172	10	907.4086	362.0952	0
173	1	944.9259	397.0564	0
173	2	680.1691	447.4669	0
173	3	571.0145	437.991	2
173	4	457.5703	437.3747	2
173	5	-41.34851	439.3517	0
173	6	892.5095	572.3301	0
173	7	918.249	372.3064	3
173	8	913.1738	370.2983	3
173	9	-806.1519	555.4044	0
173	10	907.5805	362.1576	0
174	1	943.2914	396.5591	0
174	2	678.1382	447.931	0
174	3	571.8911	438.3893	2
174	4	459.9068	437.3534	2
174	5	-36.43256	439.3236	0
174	6	887.6149	572.0502	0
174	7	919.1285	372.6596	3
174	8	913.9667	370.621	3
174	9	-798.4473	554.3974	0
174	10	907.8218	362.2458	0
175	1	941.6671	396.0651	0
175	2	676.0806	448.3926	0
175	3	572.6042	438.7661	2
175	4	463.3514	437.3215	2
175	5	-30.87152	439.2991	0
175	6	882.7284	571.7706	0
175	7	919.9824	373.0035	3
175	8	914.7661	370.9482	3
175	9	-790.73	553.3888	0
175	10	908.1236	362.3567	0
176	1	940.053	395.5741	0
176	2	673.996	448.8506	0
176	3	573.1777	439.1172	2
176	4	467.7531	437.2823	2
176	5	-24.75024	439.277	0
176	6	877.8502	571.4916	0
176	7	920.8164	373.34	3
176	8	915.572	371.2794	3
176	9	-783.0092	552.3798	0
176	10	908.4782	362.4875	0
177	1	938.449	395.0862	0
177	2	671.8841	449.3047	0
177	3	573.6333	439.4391	2
177	4	472.9807	437.2387	2
177	5	-18.14227	439.256	0
177	6	872.9803	571.213	0
177	7	921.6352	373.6707	3
177	8	916.3835	371.6141	3
177	9	-775.2921	551.3712	0
177	10	908.8789	362.6359	0
179	1	935.2712	394.1196	0
179	2	667.5784	450.1985	0
179	3	574.2522	439.9877	2
179	4	485.4488	437.124	2
179	5	-12.66425	439.2423	0
179	6	863.2647	570.6572	0
179	7	923.319	374.3502	3
179	8	918.0217	372.2921	3
179	9	-759.8944	549.3588	0
179	10	909.797	362.978	0
179	11	1078.997	463.6898	0
180	1	933.6971	393.6407	0
180	2	665.3868	450.6379	0
180	3	574.4393	440.2137	2
180	4	487.7552	437.1053	2
180	5	-8.547241	439.2318	0
180	6	858.4191	570.38	0
180	7	924.2513	374.725	3
180	8	918.8488	372.6351	3
180	9	-752.224	548.3563	0
180	10	910.3051	363.1684	0
180	11	1078.258	463.7026	0
181	1	932.1328	393.1649	0
181	2	663.1696	451.0714	0
181	3	574.5566	440.4088	2
181	4	491.1363	437.0717	2
181	5	-3.671997	439.2184	0
181	6	853.5818	570.1033	0
181	7	925.2274	375.1164	3
181	8	919.6824	372.9813	3
181	9	-744.5779	547.3571	0
181	10	910.8411	363.3698	0
181	11	1077.22	463.7204	0
182	1	930.5781	392.692	0
182	2	660.9268	451.4984	0
182	3	574.6115	440.5742	2
182	4	495.445	437.0273	2
182	5	1.861084	439.2019	0
182	6	848.7523	569.827	0
182	7	926.1649	375.4925	3
182	8	920.5229	373.3305	3
182	9	-736.9598	546.3614	0
182	10	911.4015	363.5811	0
182	11	1075.925	463.7426	0
183	1	929.033	392.222	0
183	2	658.6588	451.9188	0
183	3	574.6103	440.7112	2
183	4	500.5531	436.9764	2
183	5	7.96521	439.1818	0
183	6	843.9312	569.5513	0
183	7	927.0718	375.8564	3
183	8	921.3701	373.6826	3
183	9	-729.3721	545.3698	0
183	10	911.9837	363.8013	0
183	11	1074.405	463.7687	0
184	1	927.4974	391.7552	0
184	2	656.3657	452.3322	0
184	3	574.5592	440.8207	2
184	4	506.3371	436.9152	2
184	5	14.56485	439.1575	0
184	6	839.118	569.2759	0
184	7	927.9546	376.2102	3
184	8	922.2233	374.0373	3
184	9	-721.8174	544.3824	0
184	10	912.5853	364.0295	0
184	11	1072.692	463.7981	0
185	1	925.9713	391.2921	0
185	2	654.0479	452.7378	0
185	3	574.4669	440.9031	2
185	4	512.6997	436.8499	2
185	5	16.8063	439.1464	0
185	6	834.3129	569.001	0
185	7	928.8197	376.556	3
185	8	923.0813	374.394	3
185	9	-714.2975	543.3996	0
185	10	913.2043	364.2648	0
185	11	1070.809	463.8304	0
186	1	924.4541	390.8329	0
186	2	651.7073	453.1362	0
186	3	574.3385	440.9591	2
186	4	514.9423	436.8253	2
186	5	20.06049	439.1288	0
186	6	829.5157	568.7266	0
186	7	929.6724	376.8955	3
186	8	923.9432	374.7525	3
186	9	-706.8145	542.4216	0
186	10	913.839	364.5067	0
186	11	1068.781	463.8653	0
187	1	922.9456	390.3781	0
187	2	649.3442	453.5272	0
187	3	574.1786	440.9906	2
187	4	518.2146	436.791	2
187	5	24.19226	439.105	0
187	6	824.7267	568.4526	0
187	7	930.5992	377.2609	3
187	8	924.8087	375.112	3
187	9	-699.3688	541.4485	0
187	10	914.4875	364.7545	0
187	11	1066.625	463.9023	0
188	1	921.4449	389.9283	0
188	2	646.9589	453.9101	0
188	3	573.9914	440.9989	2
188	4	522.3599	436.7433	2
188	5	29.08453	439.0754	0
188	6	819.9454	568.1791	0
188	7	931.5898	377.6477	3
188	8	925.6783	375.4726	3
188	9	-691.9623	540.4805	0
188	10	915.1487	365.0077	0
188	11	1064.359	463.9412	0
189	1	919.9513	389.4839	0
189	2	644.5515	454.285	0
189	3	573.7813	440.9852	2
189	4	527.2533	436.6887	2
189	5	34.63574	439.0402	0
189	6	815.1722	567.9061	0
189	7	932.6325	378.0512	3
189	8	926.5536	375.8343	3
189	9	-684.5958	539.5178	0
189	10	915.8215	365.2658	0
189	11	1061.998	463.9817	0
190	1	918.4633	389.0453	0
190	2	642.1266	454.6531	0
190	3	573.553	440.95	2
190	4	532.7665	436.6255	2
190	5	40.75772	438.9994	0
190	6	810.407	567.6335	0
190	7	933.6357	378.4373	3
190	8	927.4349	376.197	3
190	9	-677.2697	538.5603	0
190	10	916.5046	365.5284	0
190	11	1059.553	464.0237	0
191	1	916.9794	388.6125	0
191	2	639.6888	455.0145	0
191	3	573.756	440.9925	2
191	4	538.7848	436.5542	2
191	5	47.35962	438.9619	0
191	6	805.6498	567.3613	0
191	7	934.6089	378.8094	3
191	8	928.3224	376.5603	3
191	9	-669.9847	537.6082	0
191	10	917.1974	365.7953	0
191	11	1057.036	464.067	0
192	1	915.498	388.1858	0
192	2	637.2437	455.3708	0
192	3	574.89	441.2558	2
192	4	545.2045	436.477	2
192	5	49.59134	438.9536	0
192	6	800.9003	567.0896	0
192	7	935.5605	379.1703	3
192	8	929.2161	376.924	3
192	9	-662.7412	536.6615	0
192	10	917.8989	366.066	0
192	11	1054.456	464.1112	0
193	1	914.0173	387.7648	0
193	2	634.795	455.7228	0
193	3	576.929	441.8154	2
193	4	547.2773	436.4552	2
193	5	52.82483	438.9429	0
193	6	796.1588	566.8184	0
193	7	936.4981	379.5228	3
193	8	930.1154	377.2875	3
193	9	-655.5394	535.7203	0
193	10	918.6085	366.3403	0
193	11	1051.822	464.1565	0
194	1	912.5354	387.3495	0
194	2	632.345	456.0704	0
194	3	579.5994	442.6133	2
194	4	550.2097	436.4227	2
194	5	56.92682	438.9299	0
194	6	791.4251	566.5476	0
194	7	937.5177	379.9002	3
194	8	931.0214	377.651	3
194	9	-648.3796	534.7845	0
194	10	919.3257	366.6179	0
194	11	1049.14	464.2025	0
195	1	911.0502	386.9395	0
195	2	629.896	456.4137	0
195	3	582.6853	443.6013	2
195	4	553.8513	436.3798	2
195	5	61.78201	438.9139	0
195	6	786.6992	566.2772	0
195	7	938.6083	380.2984	3
195	8	931.9357	378.0148	3
195	9	-641.262	533.8543	0
195	10	920.0499	366.8986	0
195	11	1046.416	464.2493	0
196	1	909.5594	386.5345	0
196	2	627.4509	456.7543	0
196	3	585.8682	444.6772	2
196	4	557.8167	436.2729	2
196	5	67.29044	438.8947	0
196	6	781.9812	566.0073	0
196	7	939.668	380.6819	3
196	8	932.8595	378.3791	3
196	9	-634.1864	532.9296	0
196	10	920.7806	367.1823	0
196	11	1043.656	464.2966	0
197	1	908.0608	386.1339	0
197	2	625.0106	457.0928	0
197	3	589.0496	445.8091	2
197	4	561.6203	436.3714	2
197	5	73.36548	438.8719	0
197	6	777.271	565.7379	0
197	7	940.7059	381.0541	3
197	8	933.7935	378.7438	3
197	9	-627.1531	532.0104	0
197	10	921.5174	367.4688	0
197	11	1040.865	464.3446	0
198	1	906.5524	385.7371	0
198	2	622.5753	457.4305	0
198	3	592.1384	446.9639	2
198	4	565.2631	436.64	2
198	5	79.93204	438.8448	0
198	6	772.5686	565.4689	0
198	7	941.7301	381.4176	3
198	8	934.7382	379.109	3
198	9	-620.1615	531.0966	0
198	10	922.26	367.7578	0
198	11	1038.046	464.3929	0
199	1	905.0322	385.3436	0
199	2	620.1438	457.7675	0
199	3	595.0138	448.0622	2
199	4	568.7302	437.0322	2
199	5	82.16364	438.8326	0
199	6	767.8739	565.2003	0
199	7	942.8435	381.8067	3
199	8	935.6951	379.475	3
199	9	-613.2122	530.1884	0
199	10	923.0081	368.0492	0
199	11	1035.204	464.4418	0
200	1	903.4985	384.9527	0
200	2	617.7126	458.103	0
200	3	597.7413	449.1491	2
200	4	572.0136	437.5004	2
200	5	85.40106	438.8135	0
200	6	763.187	564.9322	0
200	7	943.9364	382.1854	3
200	8	936.6653	379.8422	3
200	9	-606.3047	529.2856	0
200	10	923.7613	368.3431	0
200	11	1032.34	464.4909	0
201	1	901.95	384.5637	0
201	2	615.2901	458.4457	0
201	3	600.31	450.2068	2
201	4	575.1134	438.0113	2
201	5	89.50995	438.7878	0
201	6	758.5078	564.6646	0
201	7	945.0164	382.5564	3
201	8	937.6495	380.2107	3
201	9	-599.4386	528.3882	0
201	10	924.5195	368.6392	0
201	11	1029.458	464.5404	0
202	1	900.3857	384.1758	0
202	2	612.8959	458.8147	0
202	3	602.6713	451.1678	2
202	4	578.0506	438.5582	2
202	5	94.37344	438.7561	0
202	6	753.8364	564.3973	0
202	7	946.1906	382.9544	3
202	8	938.6494	380.5811	3
202	9	-592.614	527.4963	0
202	10	925.2825	368.9374	0
202	11	1026.56	464.5902	0
203	1	898.8054	383.7884	0
203	2	610.5239	459.2245	0
203	3	604.8488	452.0268	2
203	4	580.8477	439.1337	2
203	5	99.88992	438.7187	0
203	6	749.1725	564.1305	0
203	7	947.3427	383.3427	3
203	8	939.6657	380.9537	3
203	9	-585.8303	526.6097	0
203	10	926.0499	369.2377	0
203	11	1023.647	464.6402	0
204	1	897.2093	383.4008	0
204	2	608.1425	459.6835	0
204	3	606.8812	452.7871	2
204	4	583.5343	439.7256	2
204	5	105.9706	438.6763	0
204	6	744.5164	563.8641	0
204	7	948.4792	383.724	3
204	8	940.6991	381.329	3
204	9	-579.0879	525.7285	0
204	10	926.8219	369.54	0
204	11	1020.723	464.6904	0
205	1	895.5982	383.0123	0
205	2	605.7033	460.1918	0
205	3	608.8127	453.4599	2
205	4	586.1331	440.3235	2
205	5	112.5267	438.6382	0
205	6	739.8679	563.5982	0
205	7	949.6062	384.1006	3
205	8	941.749	381.707	3
205	9	-572.386	524.8527	0
205	10	927.5979	369.8443	0
205	11	1017.787	464.7408	0
206	1	893.9739	382.6226	0
206	2	603.1576	460.7407	0
206	3	610.7187	454.0808	2
206	4	588.6667	440.916	2
206	5	114.7438	438.6313	0
206	6	735.2271	563.3327	0
206	7	950.8354	384.5074	3
206	8	942.8165	382.0884	3
206	9	-565.7245	523.9821	0
206	10	928.3782	370.1504	0
206	11	1014.841	464.7914	0
207	1	892.3386	382.2311	0
207	2	600.4722	461.3154	0
207	3	612.8683	454.3556	2
207	4	591.1571	441.4908	2
207	5	117.9529	438.6235	0
207	6	730.5938	563.0677	0
207	7	952.0408	384.9063	3
207	8	943.9011	382.4735	3
207	9	-559.1031	523.1166	0
207	10	929.1624	370.4584	0
207	11	1011.887	464.8421	0
208	1	890.695	381.8377	0
208	2	597.6462	461.8953	0
208	3	615.3291	454.3915	2
208	4	593.6188	442.0402	2
208	5	122.0221	438.6143	0
208	6	725.9681	562.8031	0
208	7	953.2278	385.2996	3
208	8	945.0019	382.8625	3
208	9	-552.5215	522.2565	0
208	10	929.9506	370.7682	0
208	11	1008.925	464.8929	0
209	1	889.0463	381.4423	0
209	2	594.709	462.4601	0
209	3	617.9977	454.2468	2
209	4	596.0659	442.5604	2
209	5	126.8373	438.603	0
209	6	721.3501	562.5389	0
209	7	954.4011	385.6893	3
209	8	946.1175	383.2555	3
209	9	-545.9794	521.4015	0
209	10	930.7426	371.0798	0
209	11	1005.957	464.9439	0
210	1	887.3963	381.0446	0
210	2	591.6924	462.998	0
210	3	620.9138	454.0321	2
210	4	598.5113	443.05	2
210	5	132.2997	438.5889	0
210	6	716.7396	562.2751	0
210	7	955.6802	386.111	3
210	8	947.2471	383.6527	3
210	9	-539.4766	520.5516	0
210	10	931.5383	371.3931	0
210	11	1002.982	464.995	0
211	1	885.7487	380.6451	0
211	2	588.6004	463.5099	0
211	3	624.5238	453.8648	2
211	4	600.9683	443.5079	2
211	5	138.3234	438.5714	0
211	6	712.1366	562.0118	0
211	7	956.9288	386.525	3
211	8	948.3894	384.0544	3
211	9	-533.0126	519.7068	0
211	10	932.338	371.7081	0
211	11	1000.002	465.0462	0
212	1	884.1066	380.2439	0
212	2	585.4383	463.996	0
212	3	628.7438	453.7428	2
212	4	603.4493	443.9329	2
212	5	144.8337	438.5499	0
212	6	707.5411	561.7489	0
212	7	958.1526	386.9335	3
212	8	949.5424	384.4604	3
212	9	-526.587	518.867	0
212	10	933.1422	372.0248	0
212	11	997.0165	465.0974	0
213	1	882.4736	379.8416	0
213	2	582.2123	464.4568	0
213	3	633.5702	453.6694	2
213	4	605.9656	444.3238	2
213	5	147.0489	438.5394	0
213	6	702.9532	561.4865	0
213	7	959.4764	387.3726	3
213	8	950.7048	384.871	3
213	9	-520.2	518.0322	0
213	10	933.9517	372.3429	0
213	11	994.027	465.1488	0
214	1	880.8528	379.4384	0
214	2	578.9294	464.8926	0
214	3	638.6332	453.5683	2
214	4	608.5256	444.6794	2
214	5	150.2594	438.5227	0
214	6	698.3727	561.2244	0
214	7	960.76	387.8023	3
214	8	951.8749	385.286	3
214	9	-513.851	517.2025	0
214	10	934.7668	372.6626	0
214	11	991.0333	465.2002	0
215	1	879.2477	379.035	0
215	2	575.5978	465.3035	0
215	3	643.6317	453.6754	2
215	4	611.1325	444.9999	2
215	5	154.3315	438.5004	0
215	6	693.7997	560.9628	0
215	7	962.0103	388.2249	3
215	8	953.0504	385.7052	3
215	9	-507.5396	516.3776	0
215	10	935.588	372.9837	0
215	11	988.036	465.2516	0
216	1	877.6609	378.6318	0
216	2	572.2253	465.6901	0
216	3	648.1425	453.8127	2
216	4	613.7847	445.2873	2
216	5	159.1494	438.473	0
216	6	689.2341	560.7017	0
216	7	963.3561	388.6767	3
216	8	954.2299	386.1286	3
216	9	-501.2653	515.5576	0
216	10	936.4158	373.3063	0
216	11	985.0353	465.3031	0
217	1	876.0953	378.2294	0
217	2	568.8201	466.0529	0
217	3	651.9818	453.8481	2
217	4	616.4804	445.5427	2
217	5	164.6123	438.4409	0
217	6	684.676	560.4409	0
217	7	964.6548	389.1179	3
217	8	955.4115	386.556	3
217	9	-495.0282	514.7424	0
217	10	937.2506	373.6305	0
217	11	982.0315	465.3547	0
218	1	874.5537	377.8282	0
218	2	565.39	466.3926	0
218	3	655.1361	453.7424	2
218	4	619.217	445.7681	2
218	5	170.6231	438.4136	0
218	6	680.1253	560.1807	0
218	7	965.9147	389.5507	3
218	8	956.5929	386.9868	3
218	9	-488.8277	513.9321	0
218	10	938.0928	373.9563	0
218	11	979.0247	465.4063	0
219	1	873.0381	377.4286	0
219	2	561.9425	466.7102	0
219	3	657.8284	453.5186	2
219	4	621.9915	445.9648	2
219	5	177.1086	438.3899	0
219	6	675.582	559.9207	0
219	7	967.1426	389.9773	3
219	8	957.7712	387.4207	3
219	9	-480.3177	512.7568	0
219	10	938.9424	374.2838	0
219	11	976.0153	465.458	0
220	1	871.5505	377.0313	0
220	2	558.4849	467.0065	0
220	3	660.1111	453.1959	2
220	4	625.0367	445.8484	2
220	5	179.3095	438.3856	0
220	6	671.046	559.6613	0
220	7	968.4771	390.4354	3
220	8	958.9456	387.8574	3
220	9	-469.8709	511.2749	0
220	10	939.7997	374.613	0
220	11	973.0033	465.5097	0
221	1	870.093	376.6366	0
221	2	555.0248	467.2823	0
221	3	662.0344	452.7898	2
221	4	628.3005	445.4623	2
221	5	182.4947	438.3803	0
221	6	666.5175	559.4022	0
221	7	969.8967	390.9189	3
221	8	960.1156	388.2969	3
221	9	-457.8194	509.5382	0
221	10	940.6649	374.9442	0
221	11	969.989	465.5615	0
222	1	868.667	376.2449	0
222	2	551.5694	467.5383	0
222	3	663.783	452.3744	2
222	4	631.7028	444.8458	2
222	5	186.5335	438.3734	0
222	6	661.9962	559.1436	0
222	7	971.2503	391.387	3
222	8	961.2806	388.7393	3
222	9	-444.4713	507.6047	0
222	10	941.5378	375.2773	0
222	11	966.9725	465.6133	0
223	1	867.2729	375.8566	0
223	2	548.126	467.7751	0
223	3	665.8271	452.1522	2
223	4	635.1729	444.0387	2
223	5	191.3127	438.3641	0
223	6	657.4822	558.8854	0
223	7	972.5519	391.843	3
223	8	962.4388	389.184	3
223	9	-430.077	505.5124	0
223	10	942.4185	375.6125	0
223	11	963.9539	465.6651	0
224	1	865.9099	375.4716	0
224	2	544.7015	467.9933	0
224	3	668.5209	452.3018	2
224	4	639.154	443.1628	2
224	5	196.734	438.3515	0
224	6	652.9756	558.6276	0
224	7	973.8135	392.29	3
224	8	963.5886	389.6306	3
224	9	-425.1052	504.784	0
224	10	943.3065	375.9498	0
224	11	960.9331	465.717	0
225	1	864.5771	375.09	0
225	2	541.3023	468.1931	0
225	3	671.4518	452.6996	2
225	4	643.526	442.2334	2
225	5	202.712	438.3348	0
225	6	648.4763	558.3702	0
225	7	975.0454	392.7303	3
225	8	964.7277	390.0784	3
225	9	-417.8792	503.7233	0
225	10	944.2015	376.2892	0
225	11	957.9104	465.7689	0
226	1	863.2732	374.7117	0
226	2	537.9308	468.3757	0
226	3	674.429	453.2798	2
226	4	648.2118	441.2709	2
226	5	209.1723	438.3134	0
226	6	643.9841	558.1133	0
226	7	976.2564	393.1663	3
226	8	965.8566	390.5273	3
226	9	-408.7544	502.3825	0
226	10	945.1031	376.6309	0
226	11	954.8859	465.8208	0
227	1	861.9954	374.3364	0
227	2	534.5832	468.5432	0
227	3	677.2065	453.9055	2
227	4	653.1611	440.3508	2
227	5	211.3745	438.3022	0
227	6	639.4993	557.8568	0
227	7	977.6002	393.6367	3
227	8	966.9773	390.9775	3
227	9	-398.0472	500.8087	0
227	10	946.0109	376.9749	0
227	11	951.8596	465.8728	0
228	1	860.7417	373.9641	0
228	2	531.2564	468.6977	0
228	3	679.7212	454.5273	2
228	4	658.0923	439.5181	2
228	5	214.5626	438.2844	0
228	6	635.0217	557.6006	0
228	7	979.0537	394.1352	3
228	8	968.0932	391.4297	3
228	9	-386.0364	499.0429	0
228	10	946.9241	377.3211	0
228	11	948.8314	465.9247	0
229	1	859.5104	373.5945	0
229	2	527.9476	468.8407	0
229	3	681.9708	455.1179	2
229	4	662.9474	439.1013	2
229	5	218.6039	438.2606	0
229	6	630.5513	557.345	0
229	7	980.4504	394.6199	3
229	8	969.2068	391.8843	3
229	9	-372.9655	497.1212	0
229	10	947.842	377.6696	0
229	11	945.8016	465.9768	0
230	1	858.3	373.2274	0
230	2	524.6541	468.9737	0
230	3	684.0168	455.6545	2
230	4	667.8117	439.0433	2
230	5	223.3764	438.2403	0
230	6	626.0881	557.0896	0
230	7	981.8024	395.0939	3
230	8	970.3192	392.3414	3
230	9	-359.0457	495.075	0
230	10	948.7641	378.0205	0
230	11	942.7701	466.0288	0
231	1	857.1095	372.8628	0
231	2	521.374	469.0981	0
231	3	685.9354	456.1397	2
231	4	672.686	439.2684	2
231	5	228.7825	438.2225	0
231	6	621.6321	556.8347	0
231	7	983.1198	395.5597	3
231	8	971.431	392.801	3
231	9	-354.4527	494.4002	0
231	10	949.6893	378.3736	0
231	11	939.737	466.0809	0
232	1	855.938	372.5005	0
232	2	518.1052	469.215	0
232	3	687.7852	456.511	2
232	4	677.4991	439.6687	2
232	5	234.7374	438.2059	0
232	6	617.1832	556.5802	0
232	7	984.4119	396.0197	3
232	8	972.5425	393.2631	3
232	9	-347.7803	493.4201	0
232	10	950.6169	378.7289	0
232	11	936.7023	466.133	0
233	1	854.785	372.1407	0
233	2	514.846	469.3254	0
233	3	689.6236	456.7805	2
233	4	682.1622	440.1564	2
233	5	241.1682	438.1891	0
233	6	612.7415	556.3261	0
233	7	985.6863	396.4756	3
233	8	973.6537	393.7274	3
233	9	-339.354	492.1826	0
233	10	951.5459	379.0863	0
233	11	933.666	466.1852	0
234	1	853.65	371.7833	0
234	2	511.5952	469.43	0
234	3	691.4982	457.0089	2
234	4	686.59	440.6634	2
234	5	243.3592	438.1829	0
234	6	608.3069	556.0724	0
234	7	986.9498	396.9293	3
234	8	974.7639	394.1939	3
234	9	-329.4636	490.7304	0
234	10	952.4755	379.4457	0
234	11	930.6281	466.2373	0
236	1	851.4319	371.0753	0
236	2	505.1132	469.6251	0
236	3	695.343	457.4146	2
236	4	694.5972	441.6009	2
236	5	250.5463	438.1596	0
236	6	599.459	555.5663	0
236	7	989.4656	397.8348	3
236	8	976.9805	395.1327	3
236	9	-306.2795	487.3277	0
236	10	954.3345	380.1704	0
236	11	924.5478	466.3417	0
236	12	-451.9464	442.5169	0
237	1	850.3467	370.7248	0
237	2	501.88	469.7167	0
237	3	697.247	457.5591	2
237	4	698.1862	442.0143	2
237	5	255.2981	438.1423	0
237	6	595.0457	555.3138	0
237	7	990.7267	398.2888	3
237	8	978.0858	395.6047	3
237	9	-293.4023	485.4385	0
237	10	955.265	380.5357	0
237	11	921.5053	466.3939	0
237	12	-451.3819	442.544	0
238	1	849.2754	370.3764	0
238	2	498.6508	469.8051	0
238	3	698.991	457.4992	2
238	4	701.5211	442.3896	2
238	5	260.6856	438.1207	0
238	6	590.6395	555.0618	0
238	7	992.171	398.7822	3
238	8	979.191	396.0789	3
238	9	-289.1518	484.8157	0
238	10	956.197	380.903	0
238	11	918.4614	466.4462	0
238	12	-450.5901	442.5821	0
239	1	848.217	370.0302	0
239	2	495.425	469.8907	0
239	3	700.5992	457.2629	2
239	4	704.6124	442.7245	2
239	5	266.6227	438.0948	0
239	6	586.2402	554.8101	0
239	7	993.5895	399.2704	3
239	8	980.2975	396.5557	3
239	9	-282.9756	483.911	0
239	10	957.1309	381.2723	0
239	11	915.416	466.4985	0
239	12	-449.6009	442.6296	0
