5	1	1228.514	560.9406	0
5	2	822.8693	73.31305	0
5	3	-422.6555	376.1789	2
5	4	-442.7012	382.7524	2
6	1	1227.062	559.1664	0
6	2	821.0529	72.98889	0
6	3	-418.8669	374.9375	2
6	4	-439.8858	381.8563	2
7	1	1225.431	557.1733	0
7	2	818.7235	72.48187	0
7	3	-413.3587	373.1326	2
7	4	-436.9824	380.955	2
8	1	1223.648	554.9937	0
8	2	815.9529	71.81787	0
8	3	-406.9478	371.0324	2
8	4	-433.9553	380.0336	2
9	1	1221.735	552.6561	0
9	2	812.8037	71.0199	0
9	3	-399.8762	368.7167	2
9	4	-430.7668	379.0766	2
10	1	1219.713	550.1846	0
10	2	809.6862	70.66791	0
10	3	-392.3434	366.2511	2
10	4	-427.3797	378.0691	2
11	1	1217.599	547.6008	0
11	2	806.5911	70.70154	0
11	3	-384.5112	363.6895	2
11	4	-423.7606	376.9974	2
12	1	1215.407	544.9227	0
12	2	803.5106	71.0697	0
12	3	-376.5093	361.0749	2
12	4	-419.8079	375.825	2
13	1	1213.152	542.1664	0
13	2	800.4379	71.72949	0
13	3	-368.4382	358.4411	2
13	4	-415.5703	374.5663	2
14	1	1210.844	539.3455	0
14	2	797.3664	72.64392	0
14	3	-360.4423	355.837	2
14	4	-411.0897	373.2336	2
15	1	1208.492	536.4719	0
15	2	794.3121	73.78723	0
15	3	-352.5147	353.2601	2
15	4	-406.4022	371.8375	2
16	1	1206.106	533.5555	0
16	2	791.2673	75.13196	0
16	3	-344.6498	350.7083	2
16	4	-401.5396	370.3874	2
17	1	1203.692	530.6053	0
17	2	790.4575	75.66815	0
17	3	-336.8431	348.1798	2
17	4	-396.5293	368.8914	2
18	1	1201.256	527.6287	0
18	2	789.3636	76.48486	0
18	3	-329.0914	345.6734	2
18	4	-391.3945	367.3565	2
19	1	1198.804	524.6322	0
19	2	788.0199	77.54712	0
19	3	-321.3914	343.1877	2
19	4	-386.1559	365.7889	2
20	1	1196.341	521.6213	0
20	2	786.4548	78.82489	0
20	3	-313.7411	340.722	2
20	4	-380.8311	364.1938	2
21	1	1193.869	518.6008	0
21	2	784.6928	80.29236	0
21	3	-306.1389	338.2755	2
21	4	-375.4353	362.5759	2
22	1	1191.393	515.5747	0
22	2	782.7764	81.93298	0
22	3	-298.5853	335.8496	2
22	4	-369.9816	360.9391	2
23	1	1188.916	512.5467	0
23	2	780.7198	83.72717	0
23	3	-291.084	333.4485	2
23	4	-364.4814	359.2869	2
24	1	1186.438	509.5195	0
24	2	780.042	84.34387	0
24	3	-283.6389	331.077	2
24	4	-358.9445	357.6224	2
25	1	1183.964	506.4958	0
25	2	779.0627	85.24475	0
25	3	-276.2542	328.7401	2
25	4	-353.3795	355.9483	2
26	1	1181.495	503.4776	0
26	2	777.818	86.39465	0
26	3	-268.9336	326.4422	2
26	4	-347.7934	354.267	2
27	1	1179.031	500.4669	0
27	2	776.3386	87.76312	0
27	3	-261.756	324.4166	2
27	4	-342.1928	352.5812	2
28	1	1176.575	497.4652	0
28	2	774.6725	89.32971	0
28	3	-254.6855	322.6123	2
28	4	-336.5829	350.894	2
29	1	1174.127	494.4739	0
29	2	772.8386	91.07166	0
29	3	-247.6985	320.9902	2
29	4	-330.9688	349.2086	2
30	1	1171.689	491.494	0
30	2	770.8531	92.96906	0
30	3	-240.7793	319.5191	2
30	4	-325.3544	347.5276	2
31	1	1169.261	488.5264	0
31	2	770.1837	93.61572	0
31	3	-233.9181	318.1744	2
31	4	-319.7433	345.8541	2
32	1	1166.843	485.572	0
32	2	769.2104	94.55737	0
32	3	-227.109	316.936	2
32	4	-314.1389	344.1907	2
33	1	1164.437	482.6313	0
33	2	767.97	95.75757	0
33	3	-220.3486	315.7876	2
33	4	-308.5436	342.5396	2
34	1	1162.042	479.7049	0
34	2	766.5155	97.19006	0
34	3	-213.6478	314.7377	2
34	4	-302.9601	340.9031	2
35	1	1159.66	476.7934	0
35	2	764.8699	98.82764	0
35	3	-207.0014	313.7704	2
35	4	-297.3907	339.283	2
36	1	1157.29	473.8969	0
36	2	763.0524	100.6467	0
36	3	-200.4063	312.8726	2
36	4	-291.8378	337.6819	2
37	1	1154.933	471.0158	0
37	2	761.0795	102.6268	0
37	3	-193.86	312.0331	2
37	4	-286.3056	336.1037	2
38	1	1152.588	468.1503	0
38	2	760.4088	103.3017	0
38	3	-187.3615	311.2431	2
38	4	-280.7985	334.5526	2
39	1	1150.256	465.3007	0
39	2	759.4558	104.2883	0
39	3	-180.9095	310.4948	2
39	4	-275.3212	333.0327	2
40	1	1147.938	462.4669	0
40	2	758.254	105.5482	0
40	3	-174.5035	309.7818	2
40	4	-269.8781	331.5484	2
41	1	1145.632	459.6492	0
41	2	756.8313	107.0483	0
41	3	-168.1429	309.0989	2
41	4	-264.4728	330.1033	2
42	1	1143.339	456.8474	0
42	2	755.2115	108.7604	0
42	3	-161.8383	308.4634	2
42	4	-259.1091	328.7009	2
43	1	1141.06	454.0618	0
43	2	753.4144	110.6604	0
43	3	-155.585	307.867	2
43	4	-253.7902	327.3441	2
44	1	1138.794	451.2922	0
44	2	751.4568	112.7273	0
44	3	-149.379	307.3031	2
44	4	-248.519	326.0358	2
45	1	1136.541	448.5387	0
45	2	750.7844	113.4319	0
45	3	-143.217	306.7659	2
45	4	-243.2973	324.7781	2
46	1	1134.301	445.8013	0
46	2	749.8044	114.4552	0
46	3	-137.0964	306.251	2
46	4	-236.8898	323.1394	2
47	1	1132.074	443.0798	0
47	2	748.5768	115.763	0
47	3	-131.0156	305.7542	2
47	4	-229.5455	321.4127	2
48	1	1129.86	440.3742	0
48	2	747.1293	117.321	0
48	3	-124.9731	305.2719	2
48	4	-221.4115	319.6234	2
49	1	1127.659	437.6844	0
49	2	745.4852	119.0999	0
49	3	-118.9681	304.8016	2
49	4	-218.5252	319.0939	2
50	1	1125.471	435.0104	0
50	2	743.6641	121.0744	0
50	3	-112.9981	304.3419	2
50	4	-214.2519	318.3538	2
51	1	1123.296	432.3521	0
51	2	741.6823	123.2231	0
51	3	-107.0714	303.9132	2
51	4	-208.8009	317.4594	2
52	1	1121.134	429.7094	0
52	2	741.002	123.957	0
52	3	-101.1822	303.5103	2
52	4	-202.3427	316.4386	2
53	1	1118.984	427.0821	0
53	2	740.012	125.0225	0
53	3	-95.32611	303.1284	2
53	4	-195.0268	315.3163	2
54	1	1116.847	424.4702	0
54	2	738.7488	126.3784	0
54	3	-89.49976	302.7637	2
54	4	-192.2505	314.9228	2
55	1	1114.722	421.8736	0
55	2	737.2432	127.9901	0
55	3	-83.69983	302.4133	2
55	4	-188.128	314.3535	2
56	1	1112.61	419.2921	0
56	2	735.521	129.8274	0
56	3	-77.92407	302.0748	2
56	4	-182.8483	313.6364	2
57	1	1110.51	416.7256	0
57	2	733.6041	131.8647	0
57	3	-72.17072	301.746	2
57	4	-176.577	312.7972	2
58	1	1108.422	414.1741	0
58	2	731.5108	134.08	0
58	3	-66.43829	301.4252	2
58	4	-169.4588	311.8587	2
59	1	1106.346	411.6374	0
59	2	730.8104	134.8409	0
59	3	-60.72601	301.111	2
59	4	-161.6203	310.8414	2
60	1	1104.282	409.1154	0
60	2	729.7986	135.9468	0
60	3	-55.03308	300.8019	2
60	4	-158.9319	310.5314	2
61	1	1102.231	406.6079	0
61	2	728.5123	137.3553	0
61	3	-49.36768	300.5186	2
61	4	-154.9434	310.0884	2
62	1	1100.191	404.1149	0
62	2	726.9821	139.03	0
62	3	-43.72546	300.256	2
62	4	-149.8354	309.5338	2
63	1	1098.163	401.6363	0
63	2	725.2337	140.9399	0
63	3	-38.10266	300.0096	2
63	4	-143.7661	308.8867	2
64	1	1096.146	399.1719	0
64	2	723.2889	143.0584	0
64	3	-32.49701	299.7759	2
64	4	-136.8729	308.1642	2
65	1	1094.141	396.7216	0
65	2	721.166	145.3625	0
65	3	-26.90668	299.5517	2
65	4	-129.2758	307.3816	2
66	1	1092.148	394.2853	0
66	2	720.4305	146.1499	0
66	3	-21.33044	299.3345	2
66	4	-126.6514	307.1267	2
67	1	1090.166	391.8629	0
67	2	719.3587	147.2915	0
67	3	-15.76715	299.1225	2
67	4	-122.7544	306.7558	2
68	1	1088.195	389.4543	0
68	2	717.9904	148.7435	0
68	3	-10.216	298.9139	2
68	4	-117.7603	306.2872	2
69	1	1086.235	387.0593	0
69	2	716.3588	150.4687	0
69	3	-4.676453	298.7077	2
69	4	-111.8227	305.7372	2
70	1	1084.286	384.6778	0
70	2	714.4916	152.4352	0
70	3	0.8517761	298.5025	2
70	4	-105.0754	305.1209	2
71	1	1082.349	382.3098	0
71	2	712.4383	154.6213	0
71	3	6.360809	298.3187	2
71	4	-97.64526	304.4728	2
72	1	1080.422	379.9551	0
72	2	710.22	157.0029	0
72	3	11.8541	298.1509	2
72	4	-95.07959	304.2767	2
73	1	1078.506	377.6136	0
73	2	709.4775	157.821	0
73	3	17.33459	297.9951	2
73	4	-91.27301	303.9977	2
74	1	1076.601	375.2852	0
74	2	708.4103	159.0077	0
74	3	22.80426	297.8479	2
74	4	-86.3952	303.6486	2
75	1	1074.706	372.9698	0
75	2	707.0615	160.5176	0
75	3	28.26453	297.7063	2
75	4	-80.59412	303.2409	2
76	1	1072.822	370.6673	0
76	2	705.4692	162.3121	0
76	3	33.71634	297.5681	2
76	4	-73.99872	302.7851	2
77	1	1070.949	368.3775	0
77	2	703.6675	164.3582	0
77	3	39.16022	297.4314	2
77	4	-66.72107	302.2902	2
79	1	1067.233	363.836	0
79	2	699.5582	169.0952	0
79	3	50.02505	297.1561	2
79	4	-60.44482	301.889	2
79	5	-612.5559	380.3131	0
80	1	1065.39	361.584	0
80	2	697.306	171.7407	0
80	3	55.44647	297.0157	2
80	4	-55.63605	301.5874	2
80	5	-608.6724	379.1931	0
81	1	1063.557	359.3443	0
81	2	696.6377	172.6057	0
81	3	60.86047	296.8725	2
81	4	-49.91504	301.2324	2
81	5	-603.2441	377.6276	0
82	1	1061.735	357.1169	0
82	2	695.705	173.8556	0
82	3	66.26053	296.7469	2
82	4	-43.41705	300.8544	2
82	5	-596.495	375.6814	0
83	1	1059.922	354.9017	0
83	2	694.5463	175.4432	0
83	3	71.64954	296.634	2
83	4	-36.25037	300.4582	2
83	5	-588.621	373.4115	0
84	1	1058.119	352.6984	0
84	2	693.1957	177.3282	0
84	3	77.02969	296.5298	2
84	4	-33.76398	300.3385	2
84	5	-579.7947	370.8676	0
85	1	1056.326	350.5072	0
85	2	691.6843	179.4761	0
85	3	82.40247	296.431	2
85	4	-30.07324	300.168	2
85	5	-570.1656	368.0934	0
86	1	1054.543	348.3279	0
86	2	690.0408	181.8573	0
86	3	87.76904	296.3351	2
86	4	-25.34119	299.954	2
86	5	-566.7758	367.1176	0
87	1	1052.77	346.1603	0
87	2	688.291	184.4464	0
87	3	93.12997	296.2398	2
87	4	-19.70959	299.7031	2
87	5	-561.8331	365.6956	0
91	1	1045.77	337.6058	0
91	2	683.2857	192.4191	0
91	3	114.52	295.8345	2
91	4	-0.1016235	298.8541	2
91	5	-530.6125	356.7206	0
91	6	1029.401	598.7567	0
91	7	895.9166	51.24957	3
91	8	894.3959	48.21753	3
92	1	1044.043	335.4957	0
92	2	682.3745	194.0942	0
92	3	119.8486	295.7435	2
92	4	4.591278	298.658	2
92	5	-520.7539	353.8889	0
92	6	1027.639	598.5283	0
92	7	896.4647	52.34235	3
92	8	894.1604	47.74792	3
93	1	1042.326	333.3968	0
93	2	681.3217	196.0762	0
93	3	125.1689	295.6638	2
93	4	10.16959	298.4468	2
93	5	-517.4818	352.9502	0
93	6	1025.573	598.2606	0
93	7	897.0201	53.44965	3
93	8	894.0231	47.47412	3
94	1	1040.618	331.309	0
94	2	680.153	198.3295	0
94	3	130.4827	295.5911	2
94	4	16.51291	298.2227	2
94	5	-512.7108	351.5823	0
94	6	1023.246	597.959	0
94	7	897.5287	54.46356	3
94	8	893.9724	47.37323	3
95	1	1038.918	329.2322	0
95	2	678.8917	200.8239	0
95	3	135.7913	295.5221	2
95	4	23.51682	297.9875	2
95	5	-506.6562	349.8469	0
95	6	1020.691	597.6279	0
95	7	897.9923	55.38782	3
95	8	893.9979	47.42377	3
96	1	1037.228	327.1665	0
96	2	677.5594	203.5334	0
96	3	141.0951	295.4542	2
96	4	25.95468	297.9149	2
96	5	-499.507	347.7985	0
96	6	1017.941	597.2715	0
96	7	898.4139	56.22833	3
96	8	894.0908	47.60907	3
97	1	1035.547	325.1115	0
97	2	676.1494	206.4286	0
97	3	146.3947	295.3851	2
97	4	29.57455	297.8107	2
97	5	-491.4287	345.4846	0
97	6	1015.022	596.8932	0
97	7	898.7976	56.99316	3
97	8	894.2462	47.91882	3
98	1	1033.874	323.0674	0
98	2	674.7594	209.4916	0
98	3	151.69	295.3134	2
98	4	34.21741	297.6786	2
98	5	-482.566	342.9469	0
98	6	1011.957	596.4958	0
98	7	899.1478	57.69141	3
98	8	894.4583	48.34186	3
99	1	1032.21	321.034	0
99	2	673.6128	212.709	0
99	3	156.9803	295.2392	2
99	4	39.74533	297.5222	2
99	5	-473.0441	340.2216	0
99	6	1008.765	596.0822	0
99	7	899.4695	58.33282	3
99	8	894.7213	48.86597	3
100	1	1030.555	319.0111	0
100	2	672.9247	216.0602	0
100	3	162.2643	295.1636	2
100	4	46.03824	297.3441	2
100	5	-469.8833	339.3182	0
100	6	1005.465	595.6545	0
100	7	899.7678	58.92737	3
100	8	895.0397	49.50085	3
101	1	1028.908	316.9988	0
101	2	672.8804	219.5367	0
101	3	167.5369	295.1099	2
101	4	52.99213	297.1468	2
101	5	-465.2745	338.0016	0
101	6	1002.072	595.2147	0
101	7	900.0477	59.48535	3
101	8	895.3953	50.20953	3
102	1	1027.27	314.997	0
102	2	673.5214	223.1248	0
102	3	172.7998	295.0744	2
102	4	55.41806	297.0768	2
102	5	-459.4249	336.3313	0
102	6	998.5983	594.7645	0
102	7	900.3141	60.0166	3
102	8	895.7819	50.98041	3
103	1	1025.641	313.0055	0
103	2	674.2711	224.1719	0
103	3	178.0547	295.0538	2
103	4	59.02075	296.9724	2
103	5	-452.5176	334.3594	0
103	6	995.0554	594.3053	0
103	7	900.5717	60.53003	3
103	8	896.1942	51.80225	3
104	1	1024.02	311.0243	0
104	2	675.4816	225.6129	0
104	3	183.3031	295.0445	2
104	4	63.63492	296.8591	2
104	5	-444.7115	332.1318	0
104	6	991.4531	593.8384	0
104	7	900.8243	61.03369	3
104	8	896.6267	52.66461	3
105	1	1022.407	309.0533	0
105	2	676.908	227.3893	0
105	3	188.5461	295.0432	2
105	4	69.12488	296.7375	2
105	5	-436.1461	329.6884	0
105	6	987.8	593.365	0
105	7	901.0759	61.53516	3
105	8	897.0747	53.55774	3
106	1	1020.803	307.0924	0
106	2	678.3004	229.4386	0
106	3	193.7844	295.0463	2
106	4	75.37225	296.6079	2
106	5	-426.9424	327.064	0
106	6	984.1034	592.8859	0
106	7	901.3293	62.04041	3
106	8	897.5337	54.47266	3
107	1	1019.206	305.1416	0
107	2	679.4888	231.7191	0
107	3	199.0185	295.0511	2
107	4	82.27493	296.4702	2
107	5	-423.887	326.1941	0
107	6	980.3696	592.402	0
107	7	901.5875	62.55499	3
107	8	897.9997	55.40167	3
108	1	1017.618	303.2007	0
108	2	680.3535	234.1792	0
108	3	204.2485	295.0553	2
108	4	84.68307	296.4251	2
108	5	-419.4314	324.9261	0
108	6	976.6041	591.9139	0
108	7	901.8524	63.08313	3
108	8	898.4692	56.33777	3
109	1	1016.038	301.2698	0
109	2	680.8613	236.7887	0
109	3	209.4744	295.0571	2
109	4	88.25876	296.3589	2
109	5	-413.7761	323.3174	0
109	6	972.8118	591.4224	0
109	7	902.1258	63.62805	3
109	8	898.9395	57.27521	3
110	1	1014.466	299.3486	0
110	2	681.0132	239.5067	0
110	3	214.6932	295.0764	2
110	4	92.84528	296.2736	2
110	5	-407.097	321.4181	0
110	6	968.9967	590.928	0
110	7	902.4089	64.19244	3
110	8	899.4078	58.20886	3
111	1	1012.902	297.4373	0
111	2	680.8849	242.3113	0
111	3	219.9072	295.1067	2
111	4	98.30692	296.1708	2
111	5	-399.5483	319.2723	0
111	6	965.1625	590.431	0
111	7	902.7026	64.77795	3
111	8	899.8724	59.13489	3
112	1	1011.346	295.5356	0
112	2	680.561	245.1697	0
112	3	225.1181	295.1419	2
112	4	104.5256	296.0519	2
112	5	-391.2644	316.9185	0
112	6	961.3121	589.932	0
112	7	903.0073	65.3855	3
112	8	900.3315	60.05029	3
113	1	1009.798	293.6434	0
113	2	680.1218	248.0607	0
113	3	230.3269	295.177	2
113	4	111.399	295.9176	2
113	5	-382.3651	314.3914	0
113	6	957.4484	589.4312	0
113	7	903.3234	66.01556	3
113	8	900.7841	60.95258	3
114	1	1008.258	291.7609	0
114	2	679.616	250.9548	0
114	3	235.5338	295.2076	2
114	4	113.7953	295.8881	2
114	5	-379.4188	313.5576	0
114	6	953.5735	588.929	0
114	7	903.6902	66.74677	3
114	8	901.2299	61.84131	3
115	1	1006.725	289.8878	0
115	2	679.872	253.6634	0
115	3	240.7386	295.2309	2
115	4	117.3509	295.8505	2
115	5	-375.1285	312.3453	0
115	6	949.6896	588.4256	0
115	7	904.1044	67.57233	3
115	8	901.6695	62.71765	3
116	1	1005.2	288.024	0
116	2	680.7324	256.2239	0
116	3	245.9408	295.245	2
116	4	121.9107	295.8045	2
116	5	-369.6913	310.8112	0
116	6	945.7984	587.9213	0
116	7	904.5593	68.47961	3
116	8	902.1038	63.5835	3
117	1	1003.683	286.1696	0
117	2	681.9236	258.6519	0
117	3	251.1396	295.249	2
117	4	127.3403	295.7498	2
117	5	-363.2822	309.006	0
117	6	941.9012	587.4162	0
117	7	905.0469	69.45166	3
117	8	902.5344	64.44165	3
118	1	1002.173	284.3244	0
118	2	683.243	260.9474	0
118	3	256.3339	295.2429	2
118	4	133.5231	295.6859	2
118	5	-356.1792	307.1992	0
118	6	937.9998	586.9105	0
118	7	905.5576	70.46979	3
118	8	902.9626	65.29553	3
119	1	1000.671	282.4884	0
119	2	684.5206	263.106	0
119	3	261.5212	295.2484	2
119	4	140.358	295.6117	2
119	5	-348.4969	305.3992	0
119	6	934.0947	586.4044	0
119	7	906.0822	71.51563	3
119	8	903.3903	66.14795	3
120	1	999.1756	280.6615	0
120	2	685.6505	265.1259	0
120	3	266.703	295.261	2
120	4	142.7472	295.5807	2
120	5	-340.3373	303.6143	0
120	6	930.1873	585.898	0
120	7	906.5775	72.50305	3
120	8	903.8182	67.00116	3
121	1	997.6882	278.8436	0
121	2	686.5705	267.0093	0
121	3	271.8802	295.2767	2
121	4	146.294	295.5322	2
121	5	-337.702	303.147	0
121	6	926.2782	585.3914	0
121	7	907.0487	73.44263	3
121	8	904.2472	67.8562	3
122	1	996.2081	277.0347	0
122	2	687.2403	268.7601	0
122	3	277.0532	295.2917	2
122	4	150.8435	295.4673	2
122	5	-333.9194	302.5252	0
122	6	922.3683	584.8846	0
122	7	907.5003	74.3429	3
122	8	904.6772	68.71356	3
123	1	994.7352	275.2347	0
123	2	687.6595	270.3883	0
123	3	282.2219	295.3033	2
123	4	156.2609	295.3869	2
123	5	-329.1572	301.7754	0
123	6	918.4581	584.3778	0
123	7	907.9363	75.21204	3
123	8	905.1084	69.57324	3
124	1	993.2697	273.4436	0
124	2	687.845	271.9056	0
124	3	287.3862	295.3095	2
124	4	162.429	295.292	2
124	5	-323.5637	300.9224	0
124	6	914.5483	583.8711	0
124	7	908.3599	76.05652	3
124	8	905.5405	70.43463	3
125	1	991.8112	271.6612	0
125	2	687.8104	273.3226	0
125	3	292.5452	295.3087	2
125	4	169.2413	295.2067	2
125	5	-317.2703	299.9893	0
125	6	910.6393	583.3644	0
125	7	908.7739	76.88214	3
125	8	905.9733	71.2973	3
126	1	990.36	269.8876	0
126	2	687.5809	274.6519	0
126	3	297.6989	295.3005	2
126	4	171.619	295.1937	2
126	5	-310.4101	299.0196	0
126	6	906.7314	582.8579	0
126	7	909.181	77.69379	3
126	8	906.4063	72.16046	3
127	1	988.9157	268.1226	0
127	2	687.1751	275.904	0
127	3	302.847	295.3062	2
127	4	175.1446	295.1808	2
127	5	-303.0822	298.0306	0
127	6	902.8251	582.3517	0
127	7	909.5832	78.49561	3
127	8	906.8392	73.02338	3
128	1	987.4785	266.3662	0
128	2	686.6149	277.0891	0
128	3	307.9893	295.3206	2
128	4	179.6645	295.1674	2
128	5	-300.6674	297.7548	0
128	6	898.9207	581.8456	0
128	7	909.9822	79.29089	3
128	8	907.2715	73.88525	3
129	1	986.0483	264.6183	0
129	2	685.915	278.2159	0
129	3	313.1268	295.3389	2
129	4	185.045	295.1528	2
129	5	-297.2055	297.382	0
129	6	895.0183	581.3398	0
129	7	910.4185	80.16077	3
129	8	907.7034	74.74646	3
130	1	984.625	262.8788	0
130	2	685.0935	279.2928	0
130	3	318.2598	295.3572	2
130	4	191.1704	295.1366	2
130	5	-292.8531	296.9373	0
130	6	891.1182	580.8344	0
130	7	910.8855	81.09186	3
130	8	908.1357	75.60803	3
131	1	983.2086	261.1478	0
131	2	684.1619	280.3266	0
131	3	323.3885	295.372	2
131	4	197.9402	295.118	2
131	5	-287.7462	296.4427	0
131	6	887.2207	580.3292	0
131	7	911.376	82.06952	3
131	8	908.5688	76.47156	3
132	1	981.7991	259.425	0
132	2	683.1353	281.3243	0
132	3	328.5124	295.3811	2
132	4	200.3082	295.1099	2
132	5	-282.0013	295.9176	0
132	6	883.3259	579.8245	0
132	7	911.8466	83.00781	3
132	8	909.0034	77.33789	3
133	1	980.3962	257.7106	0
133	2	682.0219	282.2912	0
133	3	333.6311	295.3828	2
133	4	203.8199	295.0971	2
133	5	-275.7191	295.3785	0
133	6	879.434	579.3199	0
133	7	912.3012	83.91431	3
133	8	909.4395	78.20728	3
134	1	979.0001	256.0044	0
134	2	680.8346	283.2333	0
134	3	338.7447	295.3766	2
134	4	208.3218	295.0797	2
134	5	-268.9882	294.845	0
134	6	875.545	578.8159	0
134	7	912.743	84.79529	3
134	8	909.8771	79.07947	3
135	1	977.6108	254.3064	0
135	2	679.5845	284.1558	0
135	3	343.854	295.3838	2
135	4	213.6806	295.0584	2
135	5	-261.8817	294.3329	0
135	6	871.6591	578.3123	0
135	7	913.175	85.65649	3
135	8	910.3159	79.95422	3
136	1	976.2279	252.6165	0
136	2	678.276	285.0621	0
136	3	348.9583	295.3992	2
136	4	219.778	295.0547	2
136	5	-259.6519	294.2447	0
136	6	867.7763	577.8091	0
136	7	913.5994	86.50256	3
136	8	910.7556	80.83081	3
137	1	974.8517	250.9345	0
137	2	676.9186	285.9568	0
137	3	354.0573	295.418	2
137	4	226.5147	295.0648	2
137	5	-256.465	294.1545	0
137	6	863.8967	577.3062	0
137	7	914.0183	87.33777	3
137	8	911.1959	81.70862	3
138	1	973.4821	249.2606	0
138	2	675.5206	286.8438	0
138	3	359.1513	295.436	2
138	4	228.873	295.0768	2
138	5	-252.4502	294.0668	0
138	6	860.0206	576.8039	0
138	7	914.4719	88.24219	3
138	8	911.637	82.58783	3
139	1	972.1189	247.5946	0
139	2	674.0837	287.7253	0
139	3	364.2401	295.4499	2
139	4	232.3686	295.0963	2
139	5	-247.7195	293.9886	0
139	6	856.1478	576.3019	0
139	7	914.9537	89.20282	3
139	8	912.0793	83.4696	3
140	1	970.7621	245.9365	0
140	2	672.6146	288.6047	0
140	3	369.3232	295.4574	2
140	4	236.8502	295.1198	2
140	5	-242.3683	293.9217	0
140	6	852.2783	575.8004	0
140	7	915.4197	90.13165	3
140	8	912.523	84.35425	3
141	1	969.4117	244.2863	0
141	2	671.1193	289.4849	0
141	3	374.4007	295.4573	2
141	4	242.1863	295.1439	2
141	5	-236.4789	293.8704	0
141	6	848.4124	575.2994	0
141	7	915.8728	91.0351	3
141	8	912.9682	85.24158	3
142	1	968.0678	242.6437	0
142	2	669.5972	290.367	0
142	3	379.4722	295.4489	2
142	4	248.2627	295.1651	2
142	5	-230.1209	293.837	0
142	6	844.5499	574.7988	0
142	7	916.3159	91.91864	3
142	8	913.4146	86.13147	3
143	1	966.7301	241.0089	0
143	2	668.0528	291.2534	0
143	3	384.5375	295.4325	2
143	4	254.9803	295.1803	2
143	5	-227.9545	293.8445	0
143	6	840.691	574.2987	0
143	7	916.7515	92.78699	3
143	8	913.8619	87.02344	3
144	1	965.3987	239.3817	0
144	2	666.485	292.1445	0
144	3	389.5963	295.409	2
144	4	257.3353	295.1971	2
144	5	-224.8195	293.8647	0
144	6	836.8357	573.799	0
144	7	917.1814	93.64429	3
144	8	914.3102	87.91675	3
145	1	964.0735	237.7621	0
145	2	664.8978	293.0426	0
145	3	394.6442	295.3585	2
145	4	260.8253	295.2243	2
145	5	-220.8423	293.8968	0
145	6	832.9839	573.2997	0
145	7	917.6479	94.5744	3
145	8	914.7592	88.81189	3
146	1	962.7545	236.15	0
146	2	663.2943	293.9493	0
146	3	399.6817	295.2886	2
146	4	265.2991	295.2575	2
146	5	-216.1347	293.938	0
146	6	829.1356	572.801	0
146	7	918.1438	95.56287	3
146	8	915.2096	89.7099	3
147	1	961.4415	234.5455	0
147	2	661.672	294.8644	0
147	3	404.7084	295.2075	2
147	4	270.6259	295.2919	2
147	5	-210.7913	293.9871	0
147	6	825.291	572.3027	0
147	7	918.6228	96.51807	3
147	8	915.6619	90.61127	3
148	1	960.1348	232.9484	0
148	2	660.0337	295.7894	0
148	3	409.7235	295.123	2
148	4	276.692	295.3229	2
148	5	-204.8941	294.0423	0
148	6	821.4501	571.8049	0
148	7	919.0884	97.44653	3
148	8	916.1157	91.51599	3
149	1	958.834	231.3587	0
149	2	658.3807	296.7252	0
149	3	414.7201	295.0206	2
149	4	283.3982	295.3466	2
149	5	-198.5142	294.1019	0
149	6	817.6127	571.3075	0
149	7	919.5436	98.35388	3
149	8	916.5711	92.42383	3
150	1	957.5392	229.7764	0
150	2	656.7103	297.6712	0
150	3	419.6984	294.9127	2
150	4	285.7525	295.3425	2
150	5	-196.346	294.1204	0
150	6	813.7789	570.8106	0
150	7	919.9906	99.24518	3
150	8	917.0278	93.33435	3
151	1	956.2504	228.2013	0
151	2	655.0239	298.6281	0
151	3	424.6584	294.8092	2
151	4	289.2401	295.3309	2
151	5	-193.1952	294.1462	0
151	6	809.9489	570.3142	0
151	7	920.4316	100.1245	3
151	8	917.4856	94.2467	3
152	1	954.9675	226.6334	0
152	2	653.3187	299.5951	0
152	3	429.5993	294.7182	2
152	4	293.709	295.3121	2
152	5	-189.1921	294.1771	0
152	6	806.1224	569.8183	0
152	7	920.9093	101.077	3
152	8	917.9443	95.16138	3
153	1	953.6907	225.0728	0
153	2	651.5956	300.5726	0
153	3	434.5128	294.6254	2
153	4	299.0267	295.2868	2
153	5	-184.449	294.2113	0
153	6	802.2997	569.3229	0
153	7	921.4164	102.0881	3
153	8	918.405	96.07947	3
155	1	951.1541	221.9729	0
155	2	648.095	302.5594	0
155	3	444.2528	294.4482	2
155	4	311.7642	295.2777	2
155	5	-173.1204	294.2812	0
155	6	794.6652	568.3333	0
155	7	922.3826	104.0148	3
155	8	919.3318	97.92712	3
155	9	-695.6511	535.4194	0
156	1	949.8945	220.4335	0
156	2	646.3152	303.5675	0
156	3	449.0725	294.3613	2
156	4	314.1116	295.2854	2
156	5	-166.7059	294.334	0
156	6	790.8533	567.8393	0
156	7	922.8481	104.9429	3
156	8	919.798	98.85626	3
156	9	-694.3649	534.9933	0
157	1	948.6406	218.9011	0
157	2	644.5129	304.584	0
157	3	453.8495	294.2682	2
157	4	317.5861	295.2981	2
157	5	-164.5419	294.3619	0
157	6	787.0452	567.3457	0
157	7	923.3053	105.8545	3
157	8	920.2655	99.78827	3
157	9	-692.5629	534.3962	0
158	1	947.3925	217.3757	0
158	2	642.689	305.6093	0
158	3	458.5867	294.1808	2
158	4	322.0369	295.3127	2
158	5	-161.4008	294.4059	0
158	6	783.2406	566.8526	0
158	7	923.7564	106.7539	3
158	8	920.7341	100.7225	3
158	9	-690.3158	533.6517	0
159	1	946.1499	215.8571	0
159	2	640.8405	306.6416	0
159	3	463.2731	294.089	2
159	4	327.3331	295.3262	2
159	5	-157.4115	294.4624	0
159	6	779.4398	566.36	0
159	7	924.2448	107.7276	3
159	8	921.2041	101.6593	3
159	9	-687.6852	532.7802	0
160	1	944.9128	214.3455	0
160	2	638.9683	307.6814	0
160	3	467.8988	293.9861	2
160	4	333.3611	295.3356	2
160	5	-152.6861	294.5281	0
160	6	775.6426	565.8679	0
160	7	924.7629	108.7609	3
160	8	921.6759	102.5997	3
160	9	-684.7246	531.7993	0
161	1	943.6815	212.8406	0
161	2	637.0694	308.7252	0
161	3	472.469	293.8881	2
161	4	340.0218	295.3382	2
161	5	-147.321	294.5996	0
161	6	771.849	565.3762	0
161	7	925.2637	109.7596	3
161	8	922.1497	103.544	3
161	9	-681.4805	530.7245	0
162	1	942.4556	211.3424	0
162	2	635.145	309.7745	0
162	3	476.9725	293.789	2
162	4	342.3646	295.3513	2
162	5	-141.3997	294.674	0
162	6	768.059	564.885	0
162	7	925.7507	110.7307	3
162	8	922.6254	104.4922	3
162	9	-677.9932	529.5691	0
163	1	941.2352	209.8511	0
163	2	633.1958	310.831	0
163	3	481.3997	293.6843	2
163	4	345.8303	295.3735	2
163	5	-134.9946	294.7484	0
163	6	764.2728	564.3943	0
163	7	926.2267	111.6799	3
163	8	923.1028	105.4441	3
163	9	-674.2979	528.3448	0
164	1	940.0203	208.3663	0
164	2	631.2191	311.8937	0
164	3	485.7418	293.5723	2
164	4	350.269	295.4002	2
164	5	-132.8234	294.766	0
164	6	760.4901	563.9041	0
164	7	926.6945	112.6124	3
164	8	923.5818	106.3989	3
164	9	-670.4247	527.0615	0
165	1	938.8108	206.8882	0
165	2	629.2153	312.9594	0
165	3	489.9907	293.4543	2
165	4	355.5505	295.4268	2
165	5	-129.6673	294.7878	0
165	6	756.7111	563.4143	0
165	7	927.1559	113.5328	3
165	8	924.0619	107.356	3
165	9	-666.4	525.7281	0
166	1	937.6066	205.4166	0
166	2	627.1823	314.0274	0
166	3	494.1392	293.3327	2
166	4	361.5615	295.449	2
166	5	-125.657	294.8118	0
166	6	752.9357	562.9249	0
166	7	927.6558	114.5295	3
166	8	924.5433	108.3156	3
166	9	-662.2466	524.3521	0
167	1	936.4078	203.9517	0
167	2	625.1206	315.0987	0
167	3	497.9484	293.0748	2
167	4	368.2033	295.4627	2
167	5	-120.9054	294.8365	0
167	6	749.1639	562.4362	0
167	7	928.1863	115.5875	3
167	8	925.0266	109.2788	3
167	9	-657.984	522.9398	0
168	1	935.2145	202.4932	0
168	2	623.0281	316.1721	0
168	3	500.9735	293.3402	2
168	4	370.5407	295.4556	2
168	5	-115.5107	294.8601	0
168	6	745.3957	561.9478	0
168	7	928.6991	116.6102	3
168	8	925.5118	110.2461	3
168	9	-653.6298	521.4971	0
169	1	934.0262	201.0411	0
169	2	620.9075	317.2448	0
169	3	503.3553	294.006	2
169	4	373.9956	295.4411	2
169	5	-109.5577	294.8807	0
169	6	741.6311	561.4598	0
169	7	929.1978	117.6047	3
169	8	925.9991	111.2174	3
169	9	-649.1978	520.0288	0
170	1	932.8434	199.5955	0
170	2	618.7599	318.3162	0
170	3	505.2251	294.9262	2
170	4	378.4174	295.4214	2
170	5	-103.12	294.8969	0
170	6	737.8702	560.9724	0
170	7	929.6854	118.5771	3
170	8	926.4883	112.1924	3
170	9	-644.7014	518.5392	0
172	1	930.4932	196.7233	0
172	2	614.3909	320.4463	0
172	3	507.826	296.9915	2
172	4	389.6542	295.3745	2
172	5	-97.76385	294.8891	0
172	6	730.3591	559.999	0
172	7	930.6367	120.4865	3
172	8	927.4678	114.1653	3
172	9	-635.5577	515.5098	0
172	10	932.1511	88.79065	0
173	1	929.3259	195.2965	0
173	2	612.1719	321.5057	0
173	3	508.741	297.9969	2
173	4	396.2525	295.3296	2
173	5	-93.73511	294.8783	0
173	6	726.609	559.5129	0
173	7	931.1481	121.528	3
173	8	927.9559	115.1754	3
173	9	-630.9282	513.9759	0
173	10	932.2685	88.99646	0
174	1	928.1636	193.8762	0
174	2	609.9329	322.5594	0
174	3	509.4691	298.9612	2
174	4	398.5736	295.3028	2
174	5	-88.96393	294.8622	0
174	6	722.8625	559.0274	0
174	7	931.6918	122.6397	3
174	8	928.4446	116.1996	3
174	9	-626.2697	512.4325	0
174	10	932.4325	89.28674	0
175	1	927.0063	192.4619	0
175	2	607.6729	323.6053	0
175	3	510.0417	299.8712	2
175	4	401.9961	295.2622	2
175	5	-83.55988	294.8613	0
175	6	719.1194	558.5422	0
175	7	932.2177	123.7205	3
175	8	928.9343	117.2367	3
175	9	-621.5885	510.8816	0
175	10	932.6368	89.65118	0
176	1	925.8542	191.0538	0
176	2	605.3925	324.6406	0
176	3	510.4842	300.7169	2
176	4	406.3704	295.2139	2
176	5	-77.60632	294.8718	0
176	6	715.3801	558.0576	0
176	7	932.7296	124.7762	3
176	8	929.4254	118.285	3
176	9	-616.89	509.3249	0
176	10	932.8759	90.08118	0
177	1	924.707	189.6519	0
177	2	603.0913	325.665	0
177	3	510.8197	301.4908	2
177	4	411.5663	295.1634	2
177	5	-71.17572	294.8902	0
177	6	711.6442	557.5735	0
177	7	933.2312	125.8126	3
177	8	929.9178	119.3429	3
177	9	-612.1788	507.764	0
177	10	933.1451	90.56885	0
179	1	922.4275	186.8662	0
179	2	598.4286	327.6742	0
179	3	511.2348	302.8055	2
179	4	423.9677	295.0176	2
179	5	-65.84082	294.9142	0
179	6	704.1833	556.6064	0
179	7	934.261	127.9376	3
179	8	930.9066	121.4808	3
179	9	-602.7329	504.6345	0
179	10	933.7587	91.69128	0
179	11	985.0098	362.3767	0
180	1	921.2952	185.4824	0
180	2	596.0692	328.6588	0
180	3	511.3383	303.3458	2
180	4	426.2623	294.9967	2
180	5	-61.83087	294.9316	0
180	6	700.4581	556.1237	0
180	7	934.832	129.1071	3
180	8	931.4037	122.5605	3
180	9	-598.0044	503.0679	0
180	10	934.0966	92.31506	0
180	11	984.2835	362.3964	0
181	1	920.1677	184.1045	0
181	2	593.6917	329.6279	0
181	3	511.3839	303.8112	2
181	4	429.6279	294.9511	2
181	5	-57.08215	294.9502	0
181	6	696.7366	555.6413	0
181	7	935.43	130.3265	3
181	8	931.9036	123.6484	3
181	9	-593.2758	501.5013	0
181	10	934.4517	92.97461	0
181	11	983.2651	362.4241	0
182	1	919.0452	182.7325	0
182	2	591.2966	330.5804	0
182	3	511.3784	304.2053	2
182	4	433.9183	294.8892	2
182	5	-51.69257	294.968	0
182	6	693.0186	555.1594	0
182	7	936.0032	131.4966	3
182	8	932.4066	124.7441	3
182	9	-588.5492	499.9353	0
182	10	934.8217	93.66595	0
182	11	981.9932	362.4586	0
183	1	917.9274	181.3665	0
183	2	588.8841	331.5159	0
183	3	511.3277	304.5307	2
183	4	439.006	294.8201	2
183	5	-45.74677	294.9832	0
183	6	689.3041	554.678	0
183	7	936.5566	132.6267	3
183	8	932.9127	125.8474	3
183	9	-583.8267	498.3707	0
183	10	935.2051	94.38562	0
183	11	980.5018	362.4992	0
184	1	916.814	180.0072	0
184	2	586.4545	332.4339	0
184	3	511.2376	304.7905	2
184	4	444.7697	294.7332	2
184	5	-39.31824	294.9937	0
184	6	685.5931	554.197	0
184	7	937.0955	133.724	3
184	8	933.4214	126.9569	3
184	9	-579.1093	496.8077	0
184	10	935.5999	95.13074	0
184	11	978.8198	362.5449	0
185	1	915.7043	178.656	0
185	2	584.0086	333.3323	0
185	3	511.1166	304.9851	2
185	4	451.1121	294.6422	2
185	5	-37.13641	294.9903	0
185	6	681.8857	553.7165	0
185	7	937.6237	134.7947	3
185	8	933.9323	128.0714	3
185	9	-574.3989	495.2471	0
185	10	936.0049	95.89856	0
185	11	976.9728	362.5951	0
186	1	914.5978	177.3137	0
186	2	581.5479	334.2126	0
186	3	510.9695	305.1168	2
186	4	453.3486	294.6064	2
186	5	-33.96936	294.9819	0
186	6	678.1819	553.2364	0
186	7	938.1454	135.8447	3
186	8	934.4446	129.1895	3
186	9	-569.6962	493.6891	0
186	10	936.4188	96.68677	0
186	11	974.9825	362.6492	0
187	1	913.4933	175.9818	0
187	2	579.0725	335.0748	0
187	3	510.8001	305.1897	2
187	4	456.6122	294.5579	2
187	5	-29.94836	294.968	0
187	6	674.4815	552.7568	0
187	7	938.7164	136.973	3
187	8	934.9587	130.3093	3
187	9	-565.0026	492.1341	0
187	10	936.8407	97.49335	0
187	11	972.8681	362.7066	0
188	1	912.3894	174.6622	0
188	2	576.5831	335.9171	0
188	3	510.6121	305.2075	2
188	4	460.7487	294.4862	2
188	5	-25.18707	294.9481	0
188	6	670.7847	552.2776	0
188	7	939.3306	138.1659	3
188	8	935.4756	131.4307	3
188	9	-560.3188	490.5823	0
188	10	937.2696	98.31653	0
188	11	970.646	362.767	0
189	1	911.2845	173.356	0
189	2	574.0798	336.7399	0
189	3	510.4094	305.1727	2
189	4	465.6328	294.4058	2
189	5	-19.78412	294.9216	0
189	6	667.0914	551.799	0
189	7	939.981	139.408	3
189	8	935.9965	132.5539	3
189	9	-555.6454	489.0339	0
189	10	937.7048	99.15503	0
189	11	968.3304	362.83	0
190	1	910.1769	172.0643	0
190	2	571.5662	337.5457	0
190	3	510.1963	305.0868	2
190	4	471.1379	294.3112	2
190	5	-13.82507	294.8876	0
190	6	663.4017	551.3207	0
190	7	940.6083	140.595	3
190	8	936.5222	133.6783	3
190	9	-550.9833	487.4893	0
190	10	938.1455	100.0072	0
190	11	965.9337	362.8951	0
191	1	909.0646	170.7876	0
191	2	569.0469	338.3354	0
191	3	510.3818	305.1898	2
191	4	477.1505	294.2019	2
191	5	-7.392883	294.8665	0
191	6	659.7153	550.8429	0
191	7	941.2192	141.7371	3
191	8	937.0533	134.8033	3
191	9	-546.3329	485.9485	0
191	10	938.5912	100.8719	0
191	11	963.4667	362.9621	0
192	1	907.946	169.5261	0
192	2	566.5261	339.1122	0
192	3	511.4076	305.8264	2
192	4	483.5674	294.0828	2
192	5	-5.215454	294.8697	0
192	6	656.0326	550.3656	0
192	7	941.8195	142.8433	3
192	8	937.5902	135.9276	3
192	9	-541.6943	484.4118	0
192	10	939.0414	101.7483	0
192	11	960.9387	363.0308	0
193	1	906.8192	168.2794	0
193	2	564.0073	339.8784	0
193	3	513.2183	307.1735	2
193	4	485.6391	294.0519	2
193	5	-2.059448	294.8779	0
193	6	652.3533	549.8887	0
193	7	942.4142	143.9218	3
193	8	938.1328	137.05	3
193	9	-537.0682	482.8791	0
193	10	939.4957	102.6351	0
193	11	958.3578	363.101	0
194	1	905.6823	167.0472	0
194	2	561.4925	340.6337	0
194	3	515.5604	309.0871	2
194	4	488.5708	294.0039	2
194	5	1.944977	294.8891	0
194	6	648.6775	549.4122	0
194	7	943.0676	145.0754	3
194	8	938.6823	138.1707	3
194	9	-532.4551	481.3507	0
194	10	939.9537	103.5316	0
194	11	955.7308	363.1723	0
195	1	904.5331	165.8285	0
195	2	558.9838	341.3784	0
195	3	518.2339	311.4466	2
195	4	492.2131	293.9385	2
195	5	6.685455	294.9013	0
195	6	645.0052	548.9363	0
195	7	943.7728	146.2905	3
195	8	939.2397	139.2906	3
195	9	-527.8549	479.8266	0
195	10	940.415	104.4372	0
195	11	953.0638	363.2448	0
196	1	903.3699	164.6223	0
196	2	556.4834	342.116	0
196	3	520.9601	314.0046	2
196	4	496.2007	293.722	2
196	5	12.06409	294.9126	0
196	6	641.3364	548.4608	0
196	7	944.4611	147.4592	3
196	8	939.8068	140.4102	3
196	9	-523.2679	478.3069	0
196	10	940.8795	105.3511	0
196	11	950.3622	363.3182	0
197	1	902.1907	163.4271	0
197	2	553.9917	342.8482	0
197	3	523.6531	316.6833	2
197	4	499.9585	293.9995	2
197	5	17.99652	294.9209	0
197	6	637.671	547.9857	0
197	7	945.1391	148.5914	3
197	8	940.3837	141.5297	3
197	9	-518.6942	476.7916	0
197	10	941.3467	106.2727	0
197	11	947.6304	363.3925	0
198	1	900.994	162.2415	0
198	2	551.5083	343.5774	0
198	3	526.2358	319.4033	2
198	4	503.4955	294.6858	2
198	5	24.40924	294.9243	0
198	6	634.0092	547.5111	0
198	7	945.812	149.6959	3
198	8	940.9712	142.6491	3
198	9	-514.1342	475.2808	0
198	10	941.8167	107.2015	0
198	11	944.8724	363.4674	0
199	1	899.7783	161.0634	0
199	2	549.032	344.3043	0
199	3	528.6213	321.9792	2
199	4	506.8106	295.6676	2
199	5	26.58743	294.9184	0
199	6	630.3508	547.0369	0
199	7	946.5502	150.8765	3
199	8	941.5705	143.7695	3
199	9	-509.5879	473.7745	0
199	10	942.2889	108.1372	0
199	11	942.0915	363.543	0
200	1	898.5425	159.8909	0
200	2	546.5599	345.027	0
200	3	530.8578	324.5171	2
200	4	509.9109	296.8288	2
200	5	29.74689	294.9063	0
200	6	626.6958	546.5632	0
200	7	947.2781	152.0236	3
200	8	942.1826	144.8917	3
200	9	-505.0552	472.2728	0
200	10	942.7634	109.0793	0
200	11	939.2908	363.619	0
201	1	897.286	158.722	0
201	2	544.0962	345.765	0
201	3	532.9426	326.9764	2
201	4	512.808	298.0885	2
201	5	33.75693	294.8876	0
201	6	623.0444	546.0899	0
201	7	948.0004	153.146	3
201	8	942.8076	146.0164	3
201	9	-500.5364	470.7757	0
201	10	943.2401	110.0272	0
201	11	936.4729	363.6956	0
202	1	896.0085	157.5546	0
202	2	541.6523	346.5607	0
202	3	534.8567	329.203	2
202	4	515.5248	299.4306	2
202	5	38.50381	294.8622	0
202	6	619.3963	545.6171	0
202	7	948.7916	154.3482	3
202	8	943.4468	147.1451	3
202	9	-496.0314	469.2831	0
202	10	943.7187	110.981	0
202	11	933.6399	363.7726	0
203	1	894.7106	156.3865	0
203	2	539.2166	347.4462	0
203	3	536.6268	331.1876	2
203	4	518.0869	300.8369	2
203	5	43.8887	294.83	0
203	6	615.7517	545.1447	0
203	7	949.5695	155.5193	3
203	8	944.1008	148.2791	3
203	9	-491.5403	467.7952	0
203	10	944.1991	111.9402	0
203	11	930.7938	363.8499	0
204	1	893.3931	155.2158	0
204	2	536.7563	348.4394	0
204	3	538.2908	332.9404	2
204	4	520.5277	302.2785	2
204	5	49.82556	294.7917	0
204	6	612.1105	544.6727	0
204	7	950.3383	156.6676	3
204	8	944.7693	149.4194	3
204	9	-487.0632	466.3119	0
204	10	944.6813	112.9044	0
204	11	927.9362	363.9276	0
205	1	892.058	154.0407	0
205	2	534.2258	349.5393	0
205	3	539.8882	334.4888	2
205	4	522.8741	303.7302	2
205	5	56.23251	294.7688	0
205	6	608.4728	544.2013	0
205	7	951.1011	157.8001	3
205	8	945.4518	150.5665	3
205	9	-482.6001	464.8332	0
205	10	945.165	113.8737	0
205	11	925.0686	364.0055	0
206	1	890.7075	152.8597	0
206	2	531.5828	350.7258	0
206	3	541.4783	335.9157	2
206	4	525.1534	305.1651	2
206	5	58.40247	294.7753	0
206	6	604.8386	543.7302	0
206	7	951.9374	159.0211	3
206	8	946.1486	151.722	3
206	9	-478.1507	463.3591	0
206	10	945.6505	114.8476	0
206	11	922.1923	364.0837	0
207	1	889.3444	151.6718	0
207	2	528.8022	351.9651	0
207	3	543.442	336.5604	2
207	4	527.3917	306.555	2
207	5	61.54471	294.7899	0
207	6	601.2078	543.2596	0
207	7	952.7559	160.2167	3
207	8	946.8585	152.8871	3
207	9	-473.7155	461.8896	0
207	10	946.1375	115.8262	0
207	11	919.3083	364.162	0
208	1	887.9723	150.476	0
208	2	525.8916	353.212	0
208	3	545.8032	336.6677	2
208	4	529.6072	307.8812	2
208	5	65.52994	294.81	0
208	6	597.5803	542.7895	0
208	7	953.56	161.3937	3
208	8	947.5803	154.0621	3
208	9	-469.2938	460.4246	0
208	10	946.6258	116.8093	0
208	11	916.4176	364.2406	0
209	1	886.5947	149.2719	0
209	2	522.8872	354.4217	0
209	3	548.4407	336.3692	2
209	4	531.8157	309.1359	2
209	5	70.24646	294.8329	0
209	6	593.9563	542.3198	0
209	7	954.3524	162.558	3
209	8	948.3124	155.2473	3
209	9	-464.8862	458.9644	0
209	10	947.1155	117.7966	0
209	11	913.521	364.3193	0
210	1	885.2159	148.0596	0
210	2	519.8232	355.5692	0
210	3	551.3486	335.9146	2
210	4	534.0306	310.3162	2
210	5	75.59732	294.8558	0
210	6	590.3357	541.8505	0
210	7	955.2189	163.8159	3
210	8	949.0533	156.4434	3
210	9	-460.4924	457.5086	0
210	10	947.6065	118.7883	0
210	11	910.6193	364.3981	0
211	1	883.8398	146.8394	0
211	2	516.7031	356.6564	0
211	3	554.9095	335.5744	2
211	4	536.2659	311.42	2
211	5	81.49835	294.8765	0
211	6	586.7186	541.3817	0
211	7	956.0601	165.0489	3
211	8	949.8014	157.651	3
211	9	-456.1122	456.0575	0
211	10	948.0991	119.7841	0
211	11	907.7129	364.4771	0
212	1	882.47	145.6123	0
212	2	513.5316	357.6847	0
212	3	559.0429	335.3432	2
212	4	538.5349	312.4451	2
212	5	87.87656	294.8925	0
212	6	583.1047	540.9133	0
212	7	956.8797	166.2632	3
212	8	950.5544	158.8694	3
212	9	-451.7458	454.6109	0
212	10	948.5942	120.7835	0
212	11	904.8025	364.5562	0
213	1	881.1093	144.3798	0
213	2	510.3138	358.6553	0
213	3	563.7433	335.2285	2
213	4	540.8491	313.3889	2
213	5	90.04587	294.8905	0
213	6	579.4944	540.4453	0
213	7	957.7684	167.5662	3
213	8	951.3109	160.0995	3
213	9	-447.3934	453.1688	0
213	10	949.0924	121.7864	0
213	11	901.8885	364.6354	0
214	1	879.7612	143.143	0
214	2	507.0563	359.569	0
214	3	568.6874	335.0534	2
214	4	543.2177	314.2495	2
214	5	93.18958	294.8839	0
214	6	575.8874	539.9778	0
214	7	958.6234	168.8392	3
214	8	952.0686	161.3408	3
214	9	-443.0546	451.7313	0
214	10	949.5945	122.7927	0
214	11	898.9713	364.7147	0
215	1	878.4286	141.9036	0
215	2	503.7663	360.4268	0
215	3	573.4744	335.3499	2
215	4	545.6444	315.0273	2
215	5	97.17725	294.8728	0
215	6	572.2838	539.5107	0
215	7	959.4495	170.0887	3
215	8	952.8256	162.5924	3
215	9	-438.7292	450.2982	0
215	10	950.1008	123.8022	0
215	11	896.0514	364.794	0
216	1	877.1145	140.6628	0
216	2	500.4507	361.23	0
216	3	577.7741	335.7091	2
216	4	548.127	315.7271	2
216	5	101.8959	294.8572	0
216	6	568.6836	539.0441	0
216	7	960.3411	171.4225	3
216	8	953.5801	163.8542	3
216	9	-434.4177	448.8698	0
216	10	950.6121	124.8153	0
216	11	893.1288	364.8734	0
217	1	875.8213	139.4225	0
217	2	497.1166	361.98	0
217	3	581.4715	335.8304	2
217	4	550.6635	316.3524	2
217	5	107.2471	294.8371	0
217	6	565.0867	538.5779	0
217	7	961.1932	172.7223	3
217	8	954.3306	165.1256	3
217	9	-430.1193	447.4457	0
217	10	951.1284	125.832	0
217	11	890.204	364.9529	0
218	1	874.5515	138.1841	0
218	2	493.7707	362.6789	0
218	3	584.5746	335.6248	2
218	4	553.2511	316.9072	2
218	5	113.1398	294.8342	0
218	6	561.4933	538.1122	0
218	7	962.0117	173.9951	3
218	8	955.0747	166.4052	3
218	9	-425.8347	446.0261	0
218	10	951.6504	126.8523	0
218	11	887.2772	365.0324	0
219	1	873.3071	136.9492	0
219	2	490.4197	363.3288	0
219	3	587.29	335.1463	2
219	4	555.8864	317.3954	2
219	5	119.5016	294.8448	0
219	6	557.9032	537.647	0
219	7	962.8019	175.2472	3
219	8	955.8104	167.6911	3
219	9	-420.0096	443.9552	0
219	10	952.1778	127.8765	0
219	11	884.3484	365.112	0
220	1	872.0899	135.7191	0
220	2	487.0696	363.9318	0
220	3	589.66	334.4381	2
220	4	558.9249	317.1564	2
220	5	121.6622	294.8574	0
220	6	554.3165	537.1821	0
220	7	963.6665	176.5897	3
220	8	956.5365	168.9831	3
220	9	-412.8732	441.3288	0
220	10	952.7109	128.9048	0
220	11	881.4181	365.1917	0
221	1	870.9015	134.4954	0
221	2	483.727	364.4899	0
221	3	591.7262	333.5359	2
221	4	562.3013	316.2899	2
221	5	124.7899	294.8779	0
221	6	550.7331	536.7177	0
221	7	964.5895	178.004	3
221	8	957.2528	170.2813	3
221	9	-404.6273	438.2319	0
221	10	953.2498	129.9376	0
221	11	878.4863	365.2713	0
222	1	869.7435	133.2793	0
222	2	480.3981	365.0047	0
222	3	593.6307	332.6093	2
222	4	565.9247	314.8845	2
222	5	128.7562	294.9033	0
222	6	547.1531	536.2538	0
222	7	965.4586	179.3704	3
222	8	957.9583	171.5851	3
222	9	-395.4485	434.7617	0
222	10	953.7939	130.9752	0
222	11	875.553	365.351	0
223	1	868.6161	132.0717	0
223	2	477.0893	365.4778	0
223	3	595.7271	332.1248	2
223	4	569.7124	313.0291	2
223	5	133.4498	294.9306	0
223	6	543.5764	535.7902	0
223	7	966.2848	180.6989	3
223	8	958.6523	172.8935	3
223	9	-385.4907	430.9798	0
223	10	954.3434	132.0178	0
223	11	872.6184	365.4308	0
224	1	867.5182	130.8728	0
224	2	473.8065	365.9104	0
224	3	598.2657	332.4944	2
224	4	574.0485	311.0112	2
224	5	138.7742	294.9567	0
224	6	540.0032	535.3271	0
224	7	967.0776	181.9985	3
224	8	959.3331	174.2048	3
224	9	-382.0409	429.6565	0
224	10	954.8976	133.0654	0
224	11	869.6827	365.5106	0
225	1	866.449	129.6827	0
225	2	470.5553	366.3037	0
225	3	600.905	333.4315	2
225	4	578.8111	308.8646	2
225	5	144.6458	294.9788	0
225	6	536.4332	534.8644	0
225	7	967.8452	183.2765	3
225	8	959.999	175.5173	3
225	9	-377.0142	427.7231	0
225	10	955.4561	134.1184	0
225	11	866.7457	365.5904	0
226	1	865.4069	128.5014	0
226	2	467.3372	366.6598	0
226	3	603.4907	334.7819	2
226	4	583.9178	306.635	2
226	5	150.9915	294.9946	0
226	6	532.8666	534.4022	0
226	7	968.5942	184.5394	3
226	8	960.6511	176.8306	3
226	9	-370.6415	425.2694	0
226	10	956.0183	135.1768	0
226	11	863.8079	365.6702	0
227	1	864.3894	127.3281	0
227	2	464.1479	366.9836	0
227	3	605.8539	336.2306	2
227	4	589.2833	304.5008	2
227	5	153.1539	294.9909	0
227	6	529.3033	533.9404	0
227	7	969.4418	185.9003	3
227	8	961.2913	178.1451	3
227	9	-363.1266	422.3743	0
227	10	956.5836	136.2406	0
227	11	860.8689	365.7501	0
228	1	863.3945	126.162	0
228	2	460.9837	367.2792	0
228	3	607.9598	337.6643	2
228	4	594.605	302.5674	2
228	5	156.2842	294.9812	0
228	6	525.7433	533.479	0
228	7	970.3705	187.3396	3
228	8	961.9225	179.4631	3
228	9	-354.6483	419.1073	0
228	10	957.1511	137.3101	0
228	11	857.9291	365.83	0
229	1	862.4205	125.0027	0
229	2	457.8411	367.5504	0
229	3	609.8216	339.0219	2
229	4	599.6484	301.6226	2
229	5	160.2527	294.9662	0
229	6	522.1866	533.0181	0
229	7	971.2537	188.7362	3
229	8	962.5466	180.7854	3
229	9	-345.3626	415.5291	0
229	10	957.7201	138.3851	0
229	11	854.9884	365.9099	0
230	1	861.4658	123.8498	0
230	2	454.7172	367.8002	0
230	3	611.5119	340.253	2
230	4	604.517	301.5352	2
230	5	164.9424	294.9672	0
230	6	518.6333	532.5575	0
230	7	972.1003	190.0992	3
230	8	963.1652	182.1124	3
230	9	-335.4047	411.6924	0
230	10	958.2899	139.4655	0
230	11	852.0468	365.9898	0
231	1	860.5295	122.703	0
231	2	451.6096	368.0316	0
231	3	613.1037	341.3647	2
231	4	609.243	302.1246	2
231	5	170.2571	294.9808	0
231	6	515.0833	532.0974	0
231	7	972.9187	191.4362	3
231	8	963.7786	183.4442	3
231	9	-332.103	410.4211	0
231	10	958.8593	140.5513	0
231	11	849.1044	366.0697	0
232	1	859.6108	121.5621	0
232	2	448.516	368.2467	0
232	3	614.6877	342.2182	2
232	4	613.8079	303.1314	2
232	5	176.1136	295.0031	0
232	6	511.5366	531.6376	0
232	7	973.7157	192.7536	3
232	8	964.3873	184.7805	3
232	9	-327.2921	408.5694	0
232	10	959.4276	141.6423	0
232	11	846.1613	366.1497	0
233	1	858.7091	120.4271	0
233	2	445.4346	368.4478	0
233	3	616.3137	342.8425	2
233	4	618.1685	304.3437	2
233	5	182.4398	295.0297	0
233	6	507.9932	531.1784	0
233	7	974.4973	194.0574	3
233	8	964.9914	186.121	3
233	9	-321.1928	406.2223	0
233	10	959.9938	142.7382	0
233	11	843.2175	366.2297	0
234	1	857.8239	119.2979	0
234	2	442.3635	368.6368	0
234	3	617.9953	343.3746	2
234	4	622.2775	305.5971	2
234	5	184.5954	295.0374	0
234	6	504.4531	530.7195	0
234	7	975.2686	195.3521	3
234	8	965.5906	187.465	3
234	9	-313.9996	403.4549	0
234	10	960.5569	143.8385	0
234	11	840.2728	366.3097	0
236	1	856.101	117.0571	0
236	2	436.2472	368.9842	0
236	3	621.4749	344.324	2
236	4	629.6777	307.9072	2
236	5	191.6671	295.0564	0
236	6	497.3828	529.8032	0
236	7	976.7972	197.9294	3
236	8	966.7734	190.1621	3
236	9	-296.9911	396.9147	0
236	10	961.6729	146.0519	0
236	11	834.3815	366.4698	0
236	12	-487.0568	298.1337	0
237	1	855.2609	115.9452	0
237	2	433.1995	369.1453	0
237	3	623.2275	344.6677	2
237	4	632.9909	308.924	2
237	5	196.3432	295.0642	0
237	6	493.8526	529.3457	0
237	7	977.5613	199.2181	3
237	8	967.3566	191.5144	3
237	9	-287.4543	393.2496	0
237	10	962.2268	147.1649	0
237	11	831.4348	366.5499	0
237	12	-486.4762	298.2031	0
238	1	854.4332	114.8387	0
238	2	430.1575	369.2993	0
238	3	624.9388	344.5524	2
238	4	636.0704	309.847	2
238	5	201.6456	295.0686	0
238	6	490.3256	528.8885	0
238	7	978.4702	200.6167	3
238	8	967.9357	192.8702	3
238	9	-284.2916	392.0359	0
238	10	962.7788	148.2823	0
238	11	828.4874	366.63	0
238	12	-485.6617	298.3005	0
239	1	853.6166	113.7375	0
239	2	427.1203	369.4473	0
239	3	626.6184	344.041	2
239	4	638.9291	310.6705	2
239	5	207.49	295.0682	0
239	6	486.8019	528.4319	0
239	7	979.3564	201.9978	3
239	8	968.5116	194.2307	3
239	9	-279.6829	390.2681	0
239	10	963.3293	149.4042	0
239	11	825.5396	366.7101	0
239	12	-484.6445	298.4221	0
