2	1	713.7374	-259.0356	0
3	1	713.0194	-258.9547	0
3	2	-67.71021	-163.5848	0
4	1	712.0125	-258.8412	0
4	2	-67.29395	-162.6609	0
4	3	535.8766	1212.055	2
5	1	710.7552	-258.6995	0
5	2	-67.6272	-160.9088	0
5	3	532.057	1206.425	2
5	4	540.2202	1218.455	2
6	1	709.2809	-258.5334	0
6	2	-68.60962	-158.4384	0
6	3	530.5009	1204.129	2
6	4	539.1144	1216.747	2
7	1	707.6185	-258.3461	0
7	2	-70.15326	-155.3445	0
7	3	528.2299	1200.778	2
7	4	537.9995	1214.957	2
8	1	705.7932	-258.1403	0
8	2	-72.1817	-151.7091	0
8	3	525.5751	1196.86	2
8	4	536.8568	1213.067	2
9	1	703.8265	-257.9187	0
9	2	-74.62811	-147.603	0
9	3	522.632	1192.513	2
9	4	535.6672	1211.056	2
10	1	701.7375	-257.6832	0
10	2	-75.69373	-143.1552	0
10	3	519.4802	1187.854	2
10	4	534.4115	1208.905	2
11	1	699.5424	-257.4358	0
11	2	-75.56097	-138.413	0
11	3	516.1854	1182.979	2
11	4	533.0724	1206.596	2
12	1	697.2552	-257.1781	0
12	2	-74.38843	-133.4171	0
12	3	512.8012	1177.963	2
12	4	531.6037	1204.069	2
13	1	694.8884	-256.9114	0
13	2	-72.31421	-128.202	0
13	3	509.37	1172.868	2
13	4	530.0222	1201.354	2
14	1	692.4525	-256.6368	0
14	2	-69.45837	-122.7973	0
14	3	505.9555	1167.782	2
14	4	528.3424	1198.476	2
15	1	689.9568	-256.3556	0
15	2	-65.90887	-117.2563	0
15	3	502.5548	1162.702	2
15	4	526.577	1195.458	2
16	1	687.4092	-256.0685	0
16	2	-61.75879	-111.5966	0
16	3	499.1656	1157.624	2
16	4	524.737	1192.318	2
17	1	684.8166	-255.7764	0
17	2	-60.11346	-109.9576	0
17	3	495.7862	1152.548	2
17	4	522.832	1189.073	2
18	1	682.1851	-255.4797	0
18	2	-57.61493	-107.6781	0
18	3	492.415	1147.471	2
18	4	520.8704	1185.737	2
19	1	679.5197	-255.1794	0
19	2	-54.37769	-104.8425	0
19	3	489.0508	1142.392	2
19	4	518.8593	1182.323	2
20	1	676.8251	-254.8757	0
20	2	-50.50122	-101.5237	0
20	3	485.6928	1137.311	2
20	4	516.8052	1178.84	2
21	1	674.1052	-254.5692	0
21	2	-46.07196	-97.78442	0
21	3	482.3401	1132.226	2
21	4	514.7134	1175.299	2
22	1	671.3633	-254.2603	0
22	2	-41.1496	-93.70789	0
22	3	478.9951	1127.137	2
22	4	512.5888	1171.708	2
23	1	668.6023	-253.9492	0
23	2	-35.80127	-89.33691	0
23	3	475.6638	1122.044	2
23	4	510.4356	1168.073	2
24	1	665.8248	-253.636	0
24	2	-33.97156	-87.88422	0
24	3	472.3534	1116.947	2
24	4	508.2576	1164.399	2
25	1	663.033	-253.3215	0
25	2	-31.30591	-85.78436	0
25	3	469.0713	1111.844	2
25	4	506.058	1160.694	2
26	1	660.2288	-253.0056	0
26	2	-27.91687	-83.12207	0
26	3	465.8246	1106.736	2
26	4	503.8397	1156.959	2
27	1	657.4138	-252.6883	0
27	2	-23.90192	-79.97113	0
27	3	462.9421	1101.464	2
27	4	501.6063	1153.2	2
28	1	654.5896	-252.3701	0
28	2	-19.33093	-76.42401	0
28	3	460.3578	1096.049	2
28	4	499.3616	1149.417	2
29	1	651.7573	-252.0508	0
29	2	-14.27966	-72.53137	0
29	3	458.0202	1090.509	2
29	4	497.1096	1145.612	2
30	1	648.9179	-251.7308	0
30	2	-8.813782	-68.33691	0
30	3	455.8882	1084.862	2
30	4	494.8543	1141.786	2
31	1	646.0725	-251.4102	0
31	2	-6.9599	-66.9245	0
31	3	453.9289	1079.127	2
31	4	492.5995	1137.939	2
32	1	643.2218	-251.089	0
32	2	-4.267761	-64.87628	0
32	3	452.1154	1073.319	2
32	4	490.3486	1134.073	2
33	1	640.3666	-250.7672	0
33	2	-0.8500366	-62.27576	0
33	3	450.4258	1067.453	2
33	4	488.1049	1130.187	2
34	1	637.5074	-250.4451	0
34	2	3.209717	-59.22437	0
34	3	448.8734	1061.534	2
34	4	485.8716	1126.281	2
35	1	634.6448	-250.1224	0
35	2	7.824432	-55.78033	0
35	3	447.4363	1055.574	2
35	4	483.6515	1122.356	2
36	1	631.7793	-249.7996	0
36	2	12.91849	-51.99371	0
36	3	446.0966	1049.585	2
36	4	481.448	1118.413	2
37	1	628.9112	-249.4763	0
37	2	18.42615	-47.90784	0
37	3	444.8388	1043.577	2
37	4	479.267	1114.45	2
38	1	626.0408	-249.1528	0
38	2	20.29413	-46.52435	0
38	3	443.6504	1037.557	2
38	4	477.1145	1110.47	2
39	1	623.1685	-248.8292	0
39	2	23.01691	-44.54718	0
39	3	442.5206	1031.533	2
39	4	474.9967	1106.472	2
40	1	620.2946	-248.5052	0
40	2	26.47955	-42.05402	0
40	3	441.4405	1025.513	2
40	4	472.9199	1102.457	2
41	1	617.4192	-248.1812	0
41	2	30.58209	-39.11206	0
41	3	440.4026	1019.5	2
41	4	470.8898	1098.426	2
42	1	614.5425	-247.8569	0
42	2	35.23779	-35.77899	0
42	3	439.4327	1013.491	2
42	4	468.9117	1094.378	2
43	1	611.6648	-247.5326	0
43	2	40.37112	-32.10461	0
43	3	438.519	1007.49	2
43	4	466.9905	1090.316	2
44	1	608.7861	-247.2083	0
44	2	45.91653	-28.13159	0
44	3	437.6517	1001.498	2
44	4	465.1307	1086.24	2
45	1	605.9066	-246.8837	0
45	2	47.79758	-26.77673	0
45	3	436.8229	995.52	2
45	4	463.336	1082.15	2
46	1	603.0264	-246.5592	0
46	2	50.52155	-24.81006	0
46	3	436.0259	989.5566	2
46	4	460.9914	1077.209	2
47	1	600.1455	-246.2346	0
47	2	53.98822	-22.34192	0
47	3	435.2547	983.6107	2
47	4	458.5065	1071.369	2
48	1	597.2642	-245.9098	0
48	2	58.09723	-19.43719	0
48	3	434.5044	977.6845	2
48	4	455.9164	1064.749	2
49	1	594.3823	-245.5851	0
49	2	62.76144	-16.15186	0
49	3	433.771	971.7797	2
49	4	455.1448	1062.288	2
50	1	591.5001	-245.2603	0
50	2	67.90509	-12.53412	0
50	3	433.0527	965.8948	2
50	4	454.0628	1058.597	2
51	1	588.6176	-244.9354	0
51	2	73.46219	-8.625549	0
51	3	432.3798	960.0216	2
51	4	452.7509	1053.828	2
52	1	585.7347	-244.6106	0
52	2	75.35086	-7.292542	0
52	3	431.7445	954.1592	2
52	4	451.2483	1048.127	2
53	1	582.8516	-244.2856	0
53	2	78.08417	-5.360046	0
53	3	431.1401	948.3076	2
53	4	449.5903	1041.618	2
54	1	579.9682	-243.9608	0
54	2	81.54834	-2.906372	0
54	3	430.5609	942.4667	2
54	4	449.0065	1039.111	2
55	1	577.0846	-243.6357	0
55	2	85.64465	0.0009155273	0
55	3	430.0025	936.6363	2
55	4	448.1601	1035.371	2
56	1	574.2009	-243.3108	0
56	2	90.28711	3.303467	0
56	3	429.4614	930.8161	2
56	4	447.0918	1030.56	2
57	1	571.317	-242.9859	0
57	2	95.40106	6.951416	0
57	3	428.9346	925.0062	2
57	4	445.8384	1024.823	2
58	1	568.433	-242.6608	0
58	2	100.9216	10.90137	0
58	3	428.4195	919.2068	2
58	4	444.4328	1018.283	2
59	1	565.549	-242.3359	0
59	2	102.8077	12.22607	0
59	3	427.9137	913.4186	2
59	4	442.9045	1011.047	2
60	1	562.6647	-242.0107	0
60	2	105.5409	14.13672	0
60	3	427.4154	907.6418	2
60	4	442.4361	1008.525	2
61	1	559.7805	-241.6859	0
61	2	109.0069	16.55688	0
61	3	426.9555	901.869	2
61	4	441.7651	1004.763	2
62	1	556.8961	-241.3607	0
62	2	113.1066	19.42053	0
62	3	426.5263	896.1	2
62	4	440.9233	999.9284	2
63	1	554.0117	-241.0356	0
63	2	117.7541	22.67102	0
63	3	426.1213	890.335	2
63	4	439.9389	994.1635	2
64	1	551.1271	-240.7106	0
64	2	122.8741	26.25952	0
64	3	425.7352	884.5745	2
64	4	438.837	987.5928	2
65	1	548.2427	-240.3855	0
65	2	128.4017	30.14392	0
65	3	425.3632	878.8193	2
65	4	437.6405	980.3246	2
66	1	545.3581	-240.0604	0
66	2	130.2813	31.47791	0
66	3	425.0016	873.0704	2
66	4	437.2493	977.7967	2
67	1	542.4735	-239.7354	0
67	2	132.9972	33.4129	0
67	3	424.6475	867.3281	2
67	4	436.679	974.033	2
68	1	539.5889	-239.4102	0
68	2	136.437	35.87024	0
68	3	424.2987	861.5928	2
68	4	435.9572	969.1984	2
69	1	536.7042	-239.0852	0
69	2	140.5025	38.78247	0
69	3	423.9531	855.8649	2
69	4	435.1086	963.4365	2
70	1	533.8195	-238.7601	0
70	2	145.1086	42.09119	0
70	3	423.6091	850.1451	2
70	4	434.1555	956.8713	2
71	1	530.9348	-238.435	0
71	2	150.194	45.71533	0
71	3	423.2971	844.4272	2
71	4	433.1495	949.603	2
72	1	528.0501	-238.11	0
72	2	155.6925	49.60938	0
72	3	423.0094	838.7118	2
72	4	432.8428	947.0668	2
73	1	525.1654	-237.7849	0
73	2	157.5711	50.91455	0
73	3	422.7396	832.9989	2
73	4	432.405	943.2914	2
74	1	522.2806	-237.4598	0
74	2	160.2873	52.78876	0
74	3	422.4826	827.2891	2
74	4	431.8562	938.4423	2
75	1	519.3959	-237.1346	0
75	2	163.7282	55.15125	0
75	3	422.2343	821.5831	2
75	4	431.2141	932.6633	2
76	1	516.5111	-236.8096	0
76	2	167.7956	57.93005	0
76	3	421.9909	815.8817	2
76	4	430.4944	926.0792	2
77	1	513.6263	-236.4846	0
77	2	172.4041	61.06079	0
77	3	421.7497	810.1857	2
77	4	429.7114	918.7981	2
78	1	510.7416	-236.1594	0
78	2	177.4796	64.48535	0
78	3	421.5081	804.496	2
78	4	429.4523	916.262	2
79	1	507.8568	-235.8344	0
79	2	182.9574	68.15094	0
79	3	421.2645	798.8129	2
79	4	429.0735	912.4904	2
79	5	538.2253	1383.844	0
80	1	504.972	-235.5093	0
80	2	188.7812	72.00928	0
80	3	421.0177	793.137	2
80	4	428.593	907.6486	2
80	5	536.8341	1381.575	0
81	1	502.0872	-235.1842	0
81	2	190.6743	73.17694	0
81	3	420.7664	787.4686	2
81	4	428.0266	901.8799	2
81	5	534.8832	1378.394	0
82	1	499.2024	-234.8591	0
82	2	193.4003	74.81641	0
82	3	420.5419	781.8016	2
82	4	427.4201	895.3014	2
82	5	532.4478	1374.42	0
83	1	496.3176	-234.5341	0
83	2	196.847	76.85669	0
83	3	420.3367	776.1364	2
83	4	426.7816	888.0222	2
83	5	529.5927	1369.761	0
84	1	493.4328	-234.2089	0
84	2	200.9165	79.23376	0
84	3	420.1446	770.4735	2
84	4	426.5865	885.4811	2
84	5	526.3743	1364.506	0
85	1	490.548	-233.8839	0
85	2	205.5239	81.89038	0
85	3	419.9607	764.8135	2
85	4	426.3076	881.7024	2
85	5	522.8417	1358.736	0
86	1	487.6632	-233.5589	0
86	2	210.5952	84.77435	0
86	3	419.781	759.1569	2
86	4	425.9568	876.8514	2
86	5	521.5937	1356.693	0
87	1	484.7784	-233.2337	0
87	2	216.0659	87.83911	0
87	3	419.6024	753.5046	2
87	4	425.5446	871.0718	2
87	5	519.7693	1353.706	0
88	1	481.8936	-232.9087	0
88	2	221.8801	91.04211	0
88	3	419.422	747.8571	2
88	4	425.0801	864.4884	2
88	5	517.446	1349.901	0
89	1	479.0087	-232.5837	0
89	2	227.9889	94.34528	0
89	3	419.2377	742.2154	2
89	4	424.5714	857.2093	2
89	5	514.6904	1345.385	0
89	6	742.2772	-89.17493	0
90	1	476.1239	-232.2585	0
90	2	229.9067	95.31165	0
90	3	419.0478	736.58	2
90	4	424.3987	854.6716	2
90	5	511.5607	1340.253	0
90	6	742.1809	-88.4588	0
90	7	-142.3797	-296.9482	3
91	1	473.2391	-231.9335	0
91	2	232.6345	96.64899	0
91	3	418.8511	730.9516	2
91	4	424.1442	850.9005	2
91	5	508.1073	1334.588	0
91	6	742.0457	-87.45465	0
91	7	-139.2331	-296.5839	3
91	8	-149.4546	-297.7677	3
92	1	470.3543	-231.6085	0
92	2	236.0626	98.29919	0
92	3	418.6789	725.3239	2
92	4	423.8193	846.0609	2
92	5	504.374	1328.459	0
92	6	741.877	-86.20068	0
92	7	-135.5792	-296.1606	3
92	8	-151.0485	-297.9524	3
93	1	467.4695	-231.2833	0
93	2	240.0959	100.2097	0
93	3	418.5237	719.6974	2
93	4	423.4658	840.2892	2
93	5	503.1307	1326.414	0
93	6	741.6792	-84.73022	0
93	7	-131.8928	-295.7339	3
93	8	-151.9795	-298.0601	3
94	1	464.5846	-230.9583	0
94	2	244.6515	102.3331	0
94	3	418.3794	714.0726	2
94	4	423.0879	833.7108	2
94	5	501.3136	1323.422	0
94	6	741.4561	-83.07227	0
94	7	-128.5311	-295.3445	3
94	8	-152.3229	-298.0999	3
95	1	461.6998	-230.6332	0
95	2	249.6576	104.627	0
95	3	418.2407	708.4503	2
95	4	422.6887	826.434	2
95	5	498.9994	1319.611	0
95	6	741.2111	-81.25177	0
95	7	-125.4788	-294.991	3
95	8	-152.1509	-298.0801	3
96	1	458.815	-230.308	0
96	2	255.0522	107.053	0
96	3	418.1036	702.8315	2
96	4	422.5637	823.8936	2
96	5	496.2549	1315.088	0
96	6	740.9472	-79.29034	0
96	7	-122.7122	-294.6707	3
96	8	-151.5207	-298.0071	3
97	1	455.9302	-229.983	0
97	2	260.7675	109.6071	0
97	3	417.9648	697.2169	2
97	4	422.3833	820.1182	2
97	5	493.1378	1309.949	0
97	6	740.6669	-77.20697	0
97	7	-120.2029	-294.3801	3
97	8	-150.4682	-297.8853	3
98	1	453.0453	-229.658	0
98	2	266.7588	112.1622	0
98	3	417.8219	691.6072	2
98	4	422.1545	815.2732	2
98	5	489.6984	1304.275	0
98	6	740.3723	-75.01758	0
98	7	-117.9185	-294.1156	3
98	8	-149.0333	-297.719	3
99	1	450.1605	-229.3328	0
99	2	272.9908	114.4451	0
99	3	417.6752	686.0029	2
99	4	421.8831	809.5018	2
99	5	485.9802	1298.138	0
99	6	740.0654	-72.73657	0
99	7	-115.8257	-293.8733	3
99	8	-147.2582	-297.5137	3
100	1	447.2757	-229.0078	0
100	2	279.4146	116.1959	0
100	3	417.5266	680.405	2
100	4	421.574	802.929	2
100	5	484.7421	1296.089	0
100	6	739.7478	-70.37604	0
100	7	-113.8903	-293.6492	3
100	8	-145.1134	-297.2654	3
101	1	444.3909	-228.6828	0
101	2	286.0066	117.1995	0
101	3	417.4111	674.8073	2
101	4	421.2314	795.6624	2
101	5	482.9325	1293.093	0
101	6	739.4209	-67.94666	0
101	7	-112.0779	-293.4393	3
101	8	-142.7255	-296.9888	3
102	1	441.506	-228.3576	0
102	2	292.7339	117.4138	0
102	3	417.3234	669.21	2
102	4	421.1102	793.1271	2
102	5	480.628	1289.276	0
102	6	739.086	-65.45752	0
102	7	-110.3564	-293.24	3
102	8	-140.1356	-296.689	3
103	1	438.6212	-228.0326	0
103	2	294.6796	116.8129	0
103	3	417.2584	663.6135	2
103	4	420.9293	789.3616	2
103	5	477.8949	1284.746	0
103	6	738.7441	-62.91669	0
103	7	-108.6959	-293.0476	3
103	8	-137.3831	-296.3701	3
104	1	435.7364	-227.7074	0
104	2	297.3464	115.7788	0
104	3	417.2108	658.0183	2
104	4	420.7285	784.5242	2
104	5	474.7908	1279.599	0
104	6	738.3962	-60.33105	0
104	7	-107.0698	-292.8594	3
104	8	-134.5046	-296.0369	3
105	1	432.8516	-227.3824	0
105	2	300.6191	114.5873	0
105	3	417.175	652.425	2
105	4	420.5095	778.7584	2
105	5	471.3658	1273.917	0
105	6	738.0431	-57.70642	0
105	7	-105.4543	-292.6725	3
105	8	-131.5339	-295.6929	3
106	1	429.9667	-227.0574	0
106	2	304.3748	113.5164	0
106	3	417.1462	646.8347	2
106	4	420.2734	772.1893	2
106	5	467.6633	1267.77	0
106	6	737.6854	-55.04828	0
106	7	-103.8295	-292.4843	3
106	8	-128.5012	-295.3416	3
107	1	427.0819	-226.7322	0
107	2	308.5305	112.7529	0
107	3	417.1201	641.248	2
107	4	420.0208	764.9251	2
107	5	466.4304	1265.718	0
107	6	737.3238	-52.36084	0
107	7	-102.1782	-292.2931	3
107	8	-125.433	-294.9863	3
108	1	424.1971	-226.4072	0
108	2	312.9856	112.4197	0
108	3	417.093	635.6661	2
108	4	419.9371	762.3884	2
108	5	464.6285	1262.718	0
108	6	736.9587	-49.64807	0
108	7	-100.487	-292.0974	3
108	8	-122.3527	-294.6296	3
109	1	421.3123	-226.0822	0
109	2	317.6793	112.5425	0
109	3	417.0623	630.0897	2
109	4	419.8139	758.6209	2
109	5	462.3339	1258.894	0
109	6	736.5908	-46.91333	0
109	7	-98.7453	-291.8956	3
109	8	-119.2795	-294.2739	3
110	1	418.4274	-225.757	0
110	2	322.5333	113.1038	0
110	3	417.0582	624.5133	2
110	4	419.6553	753.7874	2
110	5	459.6125	1254.358	0
110	6	736.2203	-44.15973	0
110	7	-96.94543	-291.6874	3
110	8	-116.2296	-293.9207	3
111	1	415.5426	-225.4319	0
111	2	327.504	114.0055	0
111	3	417.0709	618.9376	2
111	4	419.4647	748.031	2
111	5	456.5218	1249.203	0
111	6	735.8477	-41.38965	0
111	7	-95.0824	-291.4716	3
111	8	-113.2157	-293.5718	3
112	1	412.6578	-225.1068	0
112	2	332.5305	115.1378	0
112	3	417.0911	613.3636	2
112	4	419.2447	741.476	2
112	5	453.1117	1243.511	0
112	6	735.473	-38.60522	0
112	7	-93.15338	-291.2483	3
112	8	-110.2474	-293.228	3
113	1	409.7729	-224.7817	0
113	2	337.5735	116.4009	0
113	3	417.1111	607.7926	2
113	4	418.997	734.23	2
113	5	449.4273	1237.356	0
113	6	735.0967	-35.80847	0
113	7	-91.15784	-291.0172	3
113	8	-107.3315	-292.8904	3
114	1	406.8881	-224.4567	0
114	2	342.581	117.7298	0
114	3	417.1243	602.2259	2
114	4	418.937	731.6932	2
114	5	448.2064	1235.306	0
114	6	734.7189	-33.00098	0
114	7	-88.84808	-290.7498	3
114	8	-104.4693	-292.5591	3
115	1	404.0033	-224.1315	0
115	2	347.2254	118.14	0
115	3	417.1264	596.6647	2
115	4	418.8571	727.9254	2
115	5	446.4263	1232.31	0
115	6	734.3399	-30.1842	0
115	7	-86.2478	-290.4486	3
115	8	-101.657	-292.2334	3
116	1	401.1185	-223.8065	0
116	2	351.5791	117.829	0
116	3	417.1145	591.1102	2
116	4	418.7582	723.0914	2
116	5	444.1655	1228.498	0
116	6	733.9598	-27.35944	0
116	7	-83.39996	-290.1188	3
116	8	-98.88757	-291.9127	3
117	1	398.2336	-223.4814	0
117	2	355.6761	117.1152	0
117	3	417.0873	585.5634	2
117	4	418.6406	717.3346	2
117	5	441.4935	1223.98	0
117	6	733.5788	-24.52753	0
117	7	-80.35962	-289.7666	3
117	8	-96.15161	-291.5959	3
118	1	395.3488	-223.1563	0
118	2	359.5227	116.2289	0
118	3	417.0447	580.0251	2
118	4	418.5039	710.7791	2
118	5	438.8022	1218.714	0
118	6	733.197	-21.68976	0
118	7	-77.18695	-289.3993	3
118	8	-93.43884	-291.282	3
119	1	392.464	-222.8313	0
119	2	363.1172	115.3597	0
119	3	417.02	574.49	2
119	4	418.3475	703.533	2
119	5	436.1044	1212.805	0
119	6	732.8144	-18.84668	0
119	7	-73.94104	-289.0234	3
119	8	-90.73907	-290.9692	3
120	1	389.5792	-222.5062	0
120	2	366.4615	114.6239	0
120	3	417.006	568.9584	2
120	4	418.2853	701.0023	2
120	5	433.4132	1206.347	0
120	6	732.4313	-15.99902	0
120	7	-70.88806	-288.6698	3
120	8	-88.04584	-290.6575	3
121	1	386.6943	-222.1811	0
121	2	369.5639	114.0895	0
121	3	416.9966	563.4308	2
121	4	418.1888	697.2464	2
121	5	432.7034	1204.124	0
121	6	732.0475	-13.14752	0
121	7	-67.99414	-288.3347	3
121	8	-85.35559	-290.3461	3
122	1	383.8095	-221.856	0
122	2	372.4347	113.8003	0
122	3	416.9864	557.9081	2
122	4	418.0612	692.4295	2
122	5	431.7557	1200.871	0
122	6	731.6635	-10.29254	0
122	7	-65.23016	-288.0146	3
122	8	-82.66699	-290.0347	3
123	1	380.9247	-221.531	0
123	2	375.0932	113.7572	0
123	3	416.971	552.3912	2
123	4	417.9043	686.6942	2
123	5	430.6096	1196.728	0
123	6	731.2789	-7.43457	0
123	7	-62.57123	-287.7067	3
123	8	-79.98022	-289.7236	3
124	1	378.0399	-221.2059	0
124	2	377.5613	113.9431	0
124	3	416.9472	546.8812	2
124	4	417.7206	680.1642	2
124	5	429.3019	1191.819	0
124	6	730.894	-4.574097	0
124	7	-59.99597	-287.4084	3
124	8	-77.29651	-289.4128	3
125	1	375.155	-220.8807	0
125	2	379.8585	114.3446	0
125	3	416.9131	541.379	2
125	4	417.5473	672.9408	2
125	5	427.8669	1186.252	0
125	6	730.5088	-1.711304	0
125	7	-57.48608	-287.1178	3
125	8	-74.61774	-289.1027	3
126	1	372.2702	-220.5557	0
126	2	382.0065	114.9359	0
126	3	416.8677	535.8849	2
126	4	417.5124	670.4108	2
126	5	426.3698	1180.111	0
126	6	730.1234	1.15332	0
126	7	-55.02637	-286.833	3
126	8	-71.94617	-288.7935	3
127	1	369.3854	-220.2307	0
127	2	384.0237	115.6983	0
127	3	416.8433	530.3923	2
127	4	417.4702	666.6563	2
127	5	424.8369	1173.481	0
127	6	729.7377	4.019592	0
127	7	-52.60382	-286.5525	3
127	8	-69.28412	-288.4852	3
128	1	366.5005	-219.9055	0
128	2	385.9281	116.6102	0
128	3	416.8322	524.9034	2
128	4	417.4208	661.8413	2
128	5	424.4063	1171.234	0
128	6	729.3518	6.887329	0
128	7	-50.20795	-286.275	3
128	8	-66.63403	-288.1783	3
129	1	363.6157	-219.5804	0
129	2	387.734	117.657	0
129	3	416.8273	519.4187	2
129	4	417.3643	656.1085	2
129	5	423.8225	1167.984	0
129	6	728.9658	9.756348	0
129	7	-47.59601	-285.9725	3
129	8	-63.99463	-287.8728	3
130	1	360.7309	-219.2554	0
130	2	389.4557	118.8207	0
130	3	416.8222	513.939	2
130	4	417.3004	649.5815	2
130	5	423.124	1163.865	0
130	6	728.5796	12.62646	0
130	7	-44.80914	-285.6499	3
130	8	-61.36267	-287.568	3
131	1	357.8461	-218.9304	0
131	2	391.1047	120.0903	0
131	3	416.8119	508.4652	2
131	4	417.2287	642.368	2
131	5	422.3444	1158.995	0
131	6	728.1933	15.4975	0
131	7	-41.89343	-285.3123	3
131	8	-58.73328	-287.2635	3
132	1	354.9612	-218.6053	0
132	2	392.6927	121.4507	0
132	3	416.7928	502.9983	2
132	4	417.2013	639.8453	2
132	5	421.5134	1153.474	0
132	6	727.8069	18.36932	0
132	7	-39.1051	-284.9893	3
132	8	-56.10406	-286.959	3
133	1	352.0764	-218.2802	0
133	2	394.2283	122.8942	0
133	3	416.7627	497.539	2
133	4	417.1593	636.1047	2
133	5	420.6568	1147.388	0
133	6	727.4203	21.24194	0
133	7	-36.42084	-284.6782	3
133	8	-53.47418	-286.6545	3
134	1	349.1916	-217.9552	0
134	2	395.7212	124.4082	0
134	3	416.7206	492.0871	2
134	4	417.104	631.3094	2
134	5	419.8044	1140.808	0
134	6	727.0338	24.11511	0
134	7	-33.8205	-284.3772	3
134	8	-50.84418	-286.3501	3
135	1	346.3068	-217.6301	0
135	2	397.1799	125.9816	0
135	3	416.6989	486.6364	2
135	4	417.0373	625.6014	2
135	5	418.981	1133.794	0
135	6	726.6471	26.98883	0
135	7	-31.28699	-284.084	3
135	8	-48.21533	-286.0457	3
136	1	343.4219	-217.305	0
136	2	398.61	127.6105	0
136	3	416.6896	481.1893	2
136	4	416.9926	619.0977	2
136	5	418.8326	1131.51	0
136	6	726.2604	29.86292	0
136	7	-28.80554	-283.7964	3
136	8	-45.58954	-285.7417	3
137	1	340.5371	-216.98	0
137	2	400.0189	129.2855	0
137	3	416.6855	475.7471	2
137	4	416.9648	611.9059	2
137	5	418.675	1128.206	0
137	6	725.8735	32.73755	0
137	7	-26.36383	-283.5137	3
137	8	-42.96869	-285.4382	3
138	1	337.6523	-216.6549	0
138	2	401.4126	130.9984	0
138	3	416.6803	470.3108	2
138	4	416.968	609.3849	2
138	5	418.5159	1124.014	0
138	6	725.4868	35.61243	0
138	7	-23.72797	-283.2084	3
138	8	-40.35205	-285.1353	3
139	1	334.7675	-216.3298	0
139	2	402.7946	132.748	0
139	3	416.6689	464.8811	2
139	4	416.9752	605.6475	2
139	5	418.3666	1119.045	0
139	6	725.0999	38.48767	0
139	7	-20.93799	-282.8853	3
139	8	-37.73669	-284.8325	3
140	1	331.8826	-216.0046	0
140	2	404.1703	134.5276	0
140	3	416.6478	459.459	2
140	4	416.9824	600.8568	2
140	5	418.2305	1113.401	0
140	6	724.713	41.36316	0
140	7	-18.24969	-282.574	3
140	8	-35.12146	-284.5297	3
141	1	328.9978	-215.6797	0
141	2	405.5441	136.3314	0
141	3	416.6151	454.0448	2
141	4	416.9848	595.1547	2
141	5	418.1146	1107.163	0
141	6	724.326	44.23883	0
141	7	-15.64374	-282.2721	3
141	8	-32.50653	-284.2269	3
142	1	326.113	-215.3546	0
142	2	406.9178	138.1602	0
142	3	416.5699	448.6384	2
142	4	416.9781	588.6642	2
142	5	418.023	1100.405	0
142	6	723.9391	47.11469	0
142	7	-13.10345	-281.9778	3
142	8	-29.89276	-283.9243	3
143	1	323.2281	-215.0294	0
143	2	408.295	140.0092	0
143	3	416.5125	443.2401	2
143	4	416.9583	581.4925	2
143	5	418.0204	1098.082	0
143	6	723.5521	49.99078	0
143	7	-10.61487	-281.6897	3
143	8	-27.2818	-283.6219	3
144	1	320.3433	-214.7043	0
144	2	409.6765	141.88	0
144	3	416.4443	437.8498	2
144	4	416.9687	578.974	2
144	5	418.0311	1094.71	0
144	6	723.1651	52.867	0
144	7	-8.165894	-281.4061	3
144	8	-24.67529	-283.3202	3
145	1	317.4585	-214.3793	0
145	2	411.0653	143.7687	0
145	3	416.3352	432.4756	2
145	4	416.9878	575.2411	2
145	5	418.0546	1090.426	0
145	6	722.7781	55.74329	0
145	7	-5.517395	-281.0994	3
145	8	-22.07214	-283.0188	3
146	1	314.5737	-214.0542	0
146	2	412.4641	145.6719	0
146	3	416.1966	427.1149	2
146	4	417.0096	570.4571	2
146	5	418.0871	1085.352	0
146	6	722.3911	58.61981	0
146	7	-2.712402	-280.7744	3
146	8	-19.46924	-282.7175	3
147	1	311.6888	-213.7291	0
147	2	413.8724	147.5923	0
147	3	416.041	421.7666	2
147	4	417.0277	564.7632	2
147	5	418.1274	1079.592	0
147	6	722.004	61.49634	0
147	7	-0.01153564	-280.4615	3
147	8	-16.86517	-282.416	3
148	1	308.804	-213.4041	0
148	2	415.2926	149.5272	0
148	3	415.8802	416.4301	2
148	4	417.0361	558.2826	2
148	5	418.1737	1073.234	0
148	6	721.6169	64.37292	0
148	7	2.604675	-280.1584	3
148	8	-14.26001	-282.1145	3
149	1	305.9192	-213.0789	0
149	2	416.7256	151.4749	0
149	3	415.6924	411.1147	2
149	4	417.0293	551.1221	2
149	5	418.2234	1066.357	0
149	6	721.2299	67.24963	0
149	7	5.153107	-279.8635	3
149	8	-11.6546	-281.8127	3
150	1	303.0344	-212.7539	0
150	2	418.1707	153.4384	0
150	3	415.496	405.8181	2
150	4	417.0079	548.6127	2
150	5	418.2376	1064.021	0
150	6	720.8428	70.12634	0
150	7	7.648071	-279.5745	3
150	8	-9.050476	-281.5112	3
151	1	300.1495	-212.4289	0
151	2	419.6287	155.416	0
151	3	415.3066	400.5391	2
151	4	416.9679	544.8969	2
151	5	418.2567	1060.63	0
151	6	720.4557	73.00317	0
151	7	10.10165	-279.2903	3
151	8	-6.449463	-281.2101	3
152	1	297.2647	-212.1037	0
152	2	421.0984	157.4105	0
152	3	415.1362	395.2772	2
152	4	416.9108	540.1367	2
152	5	418.2781	1056.322	0
152	6	720.0686	75.88	0
152	7	12.75092	-278.9834	3
152	8	-3.850525	-280.9092	3
153	1	294.3799	-211.7787	0
153	2	422.5802	159.4208	0
153	3	414.9631	390.0436	2
153	4	416.8383	534.473	2
153	5	418.2997	1051.221	0
153	6	719.6816	78.7569	0
153	7	15.55313	-278.6588	3
153	8	-1.25061	-280.6082	3
154	1	291.4951	-211.4536	0
154	2	424.0749	161.4459	0
154	3	414.8013	384.8358	2
154	4	416.7839	528.0217	2
154	5	418.319	1045.434	0
154	6	719.2944	81.63385	0
154	7	18.25116	-278.3462	3
154	8	1.351349	-280.307	3
155	1	288.6102	-211.1285	0
155	2	425.5801	163.4888	0
155	3	414.6305	379.6646	2
155	4	416.7429	520.89	2
155	5	418.3333	1039.052	0
155	6	718.9073	84.5108	0
155	7	20.86462	-278.0435	3
155	8	3.955353	-280.0056	3
155	9	698.2668	1281.154	0
156	1	285.7254	-210.8035	0
156	2	427.0964	165.5487	0
156	3	414.467	374.5269	2
156	4	416.7396	518.3839	2
156	5	418.3726	1032.15	0
156	6	718.5203	87.38782	0
156	7	23.41019	-277.7487	3
156	8	6.560242	-279.7041	3
156	9	697.8907	1280.537	0
157	1	282.8406	-210.4784	0
157	2	428.6212	167.6282	0
157	3	414.2943	369.434	2
157	4	416.7366	514.6744	2
157	5	418.4013	1029.811	0
157	6	718.1331	90.26489	0
157	7	25.90225	-277.4601	3
157	8	9.16449	-279.4025	3
157	9	697.3633	1279.672	0
158	1	279.9557	-210.1533	0
158	2	430.1551	169.7264	0
158	3	414.1306	364.382	2
158	4	416.7304	509.9232	2
158	5	418.448	1026.414	0
158	6	717.746	93.14185	0
158	7	28.35303	-277.176	3
158	8	11.76602	-279.1014	3
158	9	696.7048	1278.592	0
159	1	277.0709	-209.8281	0
159	2	431.6953	171.846	0
159	3	413.9603	359.3834	2
159	4	416.717	504.2709	2
159	5	418.5083	1022.1	0
159	6	717.3589	96.01886	0
159	7	30.99753	-276.8698	3
159	8	14.36591	-278.8004	3
159	9	695.9325	1277.325	0
160	1	274.1861	-209.5031	0
160	2	433.2426	173.9859	0
160	3	413.7734	354.4491	2
160	4	416.6926	497.8394	2
160	5	418.5778	1016.991	0
160	6	716.9718	98.89594	0
160	7	33.79376	-276.5459	3
160	8	16.96689	-278.4993	3
160	9	695.0618	1275.897	0
161	1	271.3013	-209.1779	0
161	2	434.7916	176.1486	0
161	3	413.5945	349.5724	2
161	4	416.654	490.7349	2
161	5	418.6522	1011.195	0
161	6	716.5847	101.7731	0
161	7	36.48676	-276.2339	3
161	8	19.5701	-278.1978	3
161	9	694.1056	1274.328	0
162	1	268.4164	-208.8527	0
162	2	436.3449	178.333	0
162	3	413.414	344.7659	2
162	4	416.659	488.233	2
162	5	418.7273	1004.804	0
162	6	716.1976	104.6501	0
162	7	39.09583	-275.9315	3
162	8	22.17529	-277.8964	3
162	9	693.0754	1272.638	0
163	1	265.5316	-208.5276	0
163	2	437.9044	180.5385	0
163	3	413.2256	340.0401	2
163	4	416.6705	484.5314	2
163	5	418.7993	997.8974	0
163	6	715.8104	107.5272	0
163	7	41.63776	-275.6371	3
163	8	24.7814	-277.5947	3
163	9	691.9812	1270.843	0
164	1	262.6468	-208.2025	0
164	2	439.4689	182.7676	0
164	3	413.0265	335.4042	2
164	4	416.6827	479.7912	2
164	5	418.8122	995.5634	0
164	6	715.4233	110.4043	0
164	7	44.12686	-275.3486	3
164	8	27.38663	-277.293	3
164	9	690.8314	1268.957	0
165	1	259.762	-207.8773	0
165	2	441.0334	185.019	0
165	3	412.8187	330.8667	2
165	4	416.6895	474.1527	2
165	5	418.825	992.1748	0
165	6	715.0363	113.2814	0
165	7	46.57526	-275.0651	3
165	8	29.98917	-276.9917	3
165	9	689.6334	1266.992	0
166	1	256.8771	-207.5521	0
166	2	442.5974	187.295	0
166	3	412.606	326.4353	2
166	4	416.6847	467.7377	2
166	5	418.8359	987.8724	0
166	6	714.6491	116.1586	0
166	7	49.2178	-274.7589	3
166	8	32.58978	-276.6907	3
166	9	688.3937	1264.958	0
167	1	253.9923	-207.2269	0
167	2	444.1618	189.595	0
167	3	412.1866	322.3694	2
167	4	416.663	460.6522	2
167	5	418.843	982.7789	0
167	6	714.262	119.0356	0
167	7	52.01273	-274.4351	3
167	8	35.19141	-276.3894	3
167	9	687.1177	1262.865	0
168	1	251.1075	-206.9019	0
168	2	445.725	191.9208	0
168	3	412.5735	319.1266	2
168	4	416.6372	458.1612	2
168	5	418.8442	977.0002	0
168	6	713.8749	121.9128	0
168	7	54.70471	-274.123	3
168	8	37.79501	-276.0881	3
168	9	685.8104	1260.721	0
169	1	248.2227	-206.5767	0
169	2	447.2831	194.2692	0
169	3	413.5765	316.5652	2
169	4	416.593	454.4801	2
169	5	418.8375	970.6287	0
169	6	713.4878	124.7899	0
169	7	57.31314	-273.8207	3
169	8	40.40051	-275.7865	3
169	9	684.476	1258.532	0
170	1	245.3378	-206.2516	0
170	2	448.8353	196.6387	0
170	3	414.9688	314.5503	2
170	4	416.5348	449.7688	2
170	5	418.8207	963.7441	0
170	6	713.1006	127.6671	0
170	7	59.85471	-273.5262	3
170	8	43.00671	-275.4847	3
170	9	683.118	1256.304	0
171	1	242.453	-205.9265	0
171	2	450.3765	199.0276	0
171	3	416.5319	312.9736	2
171	4	416.4665	444.1665	2
171	5	418.8041	961.415	0
171	6	712.7136	130.5441	0
171	7	62.34366	-273.2378	3
171	8	45.612	-275.1832	3
171	9	681.7396	1254.043	0
172	1	239.5682	-205.6014	0
172	2	451.9089	201.433	0
172	3	418.0915	311.7437	2
172	4	416.3916	437.7943	2
172	5	418.7746	958.0352	0
172	6	712.3265	133.4213	0
172	7	64.82062	-272.9423	3
172	8	48.25339	-274.863	3
172	9	680.3434	1251.752	0
172	10	-22.28741	-308.6472	0
173	1	236.6833	-205.2764	0
173	2	453.4317	203.8549	0
173	3	419.6077	310.7563	2
173	4	416.281	430.7653	2
173	5	418.7324	953.7455	0
173	6	711.9393	136.2984	0
173	7	67.51511	-272.6151	3
173	8	50.92538	-274.5276	3
173	9	678.932	1249.437	0
173	10	-21.69025	-308.5889	0
174	1	233.7986	-204.9513	0
174	2	454.9423	206.2903	0
174	3	421.0591	309.9703	2
174	4	416.2253	428.2943	2
174	5	418.6774	948.6677	0
174	6	711.5522	139.1755	0
174	7	70.38116	-272.2639	3
174	8	53.6254	-274.1799	3
174	9	677.5073	1247.1	0
174	10	-20.84875	-308.5049	0
175	1	230.9137	-204.6262	0
175	2	456.4378	208.7396	0
175	3	422.426	309.3518	2
175	4	416.1416	424.6508	2
175	5	418.6414	942.9012	0
175	6	711.1651	142.0527	0
175	7	73.15652	-271.9202	3
175	8	56.34952	-273.822	3
175	9	676.071	1244.744	0
175	10	-19.79309	-308.397	0
176	1	228.0289	-204.3012	0
176	2	457.9145	211.2021	0
176	3	423.6939	308.8733	2
176	4	416.04	419.9928	2
176	5	418.6192	936.5388	0
176	6	710.778	144.9299	0
176	7	75.85794	-271.5833	3
176	8	59.0932	-273.4561	3
176	9	674.6248	1242.372	0
176	10	-18.54974	-308.2672	0
177	1	225.1441	-203.976	0
177	2	459.3721	213.6782	0
177	3	424.8523	308.5097	2
177	4	415.9299	414.4579	2
177	5	418.606	929.6606	0
177	6	710.3909	147.807	0
177	7	78.50003	-271.2521	3
177	8	61.85153	-273.0839	3
177	9	673.1699	1239.985	0
177	10	-17.14178	-308.1172	0
178	1	222.2592	-203.6509	0
178	2	460.8076	216.1669	0
178	3	425.8927	308.2419	2
178	4	415.7879	408.1753	2
178	5	418.6065	927.33	0
178	6	710.0037	150.6842	0
178	7	81.09561	-270.9261	3
178	8	64.61957	-272.7069	3
178	9	671.7076	1237.586	0
178	10	-15.58966	-307.9492	0
179	1	219.3744	-203.3258	0
179	2	462.2208	218.6685	0
179	3	426.8155	308.0575	2
179	4	415.6285	401.2481	2
179	5	418.6082	923.9475	0
179	6	709.6166	153.5613	0
179	7	83.88809	-270.5791	3
179	8	67.39542	-272.3265	3
179	9	670.2388	1235.177	0
179	10	-13.91083	-307.7643	0
179	11	506.4654	-156.3004	0
180	1	216.4896	-203.0006	0
180	2	463.6118	221.1805	0
180	3	427.6206	307.9428	2
180	4	415.582	398.8026	2
180	5	418.6091	919.6539	0
180	6	709.2294	156.4385	0
180	7	86.8367	-270.2166	3
180	8	70.17966	-271.9431	3
180	9	668.7643	1232.758	0
180	10	-12.12079	-307.5641	0
180	11	506.4951	-155.5784	0
181	1	213.6047	-202.6755	0
181	2	464.978	223.7033	0
181	3	428.3137	307.8901	2
181	4	415.4909	395.2172	2
181	5	418.6069	914.5714	0
181	6	708.8423	159.3157	0
181	7	89.89847	-269.8438	3
181	8	72.97415	-271.557	3
181	9	667.2849	1230.331	0
181	10	-10.23273	-307.3501	0
181	11	506.5366	-154.566	0
182	1	210.7199	-202.3503	0
182	2	466.3177	226.2361	0
182	3	428.9	307.8921	2
182	4	415.3691	390.6465	2
182	5	418.5995	908.8058	0
182	6	708.4552	162.1928	0
182	7	92.82431	-269.4868	3
182	8	75.77866	-271.1687	3
182	9	665.8013	1227.897	0
182	10	-8.258545	-307.123	0
182	11	506.5885	-153.3018	0
183	1	207.8351	-202.0254	0
183	2	467.6309	228.7791	0
183	3	429.3841	307.9423	2
183	4	415.2312	385.2251	2
183	5	418.5843	902.4493	0
183	6	708.0681	165.0701	0
183	7	95.63916	-269.1431	3
183	8	78.5914	-270.7788	3
183	9	664.314	1225.458	0
183	10	-6.208496	-306.8844	0
183	11	506.6494	-151.8195	0
184	1	204.9523	-201.6989	0
184	2	468.9167	231.3317	0
184	3	429.7705	308.0346	2
184	4	415.0619	379.0828	2
184	5	418.5591	895.5815	0
184	6	707.6809	167.9471	0
184	7	98.36188	-268.8124	3
184	8	81.40945	-270.3879	3
184	9	662.8236	1223.013	0
184	10	-4.091797	-306.635	0
184	11	506.7181	-150.1479	0
185	1	202.0743	-201.3697	0
185	2	470.1726	233.8933	0
185	3	430.0603	308.16	2
185	4	414.8825	372.3218	2
185	5	418.5401	893.2561	0
185	6	707.2938	170.8243	0
185	7	101.0091	-268.4944	3
185	8	84.22937	-269.9966	3
185	9	661.3304	1220.563	0
185	10	-1.916565	-306.3761	0
185	11	506.7934	-148.3125	0
186	1	199.2032	-201.0357	0
186	2	471.4009	236.4626	0
186	3	430.2566	308.3136	2
186	4	414.8136	369.9376	2
186	5	418.507	889.8835	0
186	6	706.9066	173.7014	0
186	7	103.5955	-268.1885	3
186	8	87.04715	-269.6052	3
186	9	659.8348	1218.11	0
186	10	0.3101501	-306.1085	0
186	11	506.8746	-146.3351	0
187	1	196.3423	-200.6946	0
187	2	472.6016	239.0397	0
187	3	430.3659	308.4912	2
187	4	414.7186	366.4578	2
187	5	418.4601	885.6038	0
187	6	706.5194	176.5786	0
187	7	106.3644	-267.8752	3
187	8	89.8591	-269.2161	3
187	9	658.3372	1215.653	0
187	10	2.582214	-305.8328	0
187	11	506.9609	-144.2346	0
188	1	193.4956	-200.3432	0
188	2	473.7724	241.6238	0
188	3	430.3934	308.689	2
188	4	414.5829	362.0475	2
188	5	418.3994	880.5387	0
188	6	706.1323	179.4558	0
188	7	109.2804	-267.5596	3
188	8	92.66397	-268.8307	3
188	9	656.8377	1213.193	0
188	10	4.894318	-305.5499	0
188	11	507.0516	-142.0274	0
189	1	190.6664	-199.9781	0
189	2	474.9143	244.2152	0
189	3	430.3431	308.9027	2
189	4	414.4288	356.8386	2
189	5	418.3244	874.7938	0
189	6	705.7451	182.333	0
189	7	112.3042	-267.2466	3
189	8	95.4624	-268.4506	3
189	9	655.3367	1210.731	0
189	10	7.241974	-305.2605	0
189	11	507.146	-139.7277	0
190	1	187.8572	-199.5965	0
190	2	476.0306	246.8102	0
190	3	430.217	309.1281	2
190	4	414.2492	350.9664	2
190	5	418.2346	868.4606	0
190	6	705.358	185.2101	0
190	7	115.1819	-266.9568	3
190	8	98.25345	-268.077	3
190	9	653.8344	1208.266	0
190	10	9.621002	-304.9646	0
190	11	507.2437	-137.3479	0
191	1	185.0692	-199.1955	0
191	2	477.1227	249.4048	0
191	3	430.3685	308.9316	2
191	4	414.0438	344.5514	2
191	5	418.1614	861.6122	0
191	6	704.9708	188.0873	0
191	7	117.9398	-266.6887	3
191	8	101.0349	-267.7119	3
191	9	652.3309	1205.8	0
191	10	12.02774	-304.6631	0
191	11	507.3443	-134.8987	0
192	1	182.3033	-198.7725	0
192	2	478.1952	251.995	0
192	3	431.3056	307.8455	2
192	4	413.8207	337.7032	2
192	5	418.1523	859.286	0
192	6	704.5837	190.9645	0
192	7	120.6011	-266.4415	3
192	8	103.8042	-267.3564	3
192	9	650.8264	1203.332	0
192	10	14.45889	-304.3566	0
192	11	507.4474	-132.3892	0
193	1	179.5592	-198.3254	0
193	2	479.2512	254.5774	0
193	3	433.2855	305.9313	2
193	4	413.7602	335.4914	2
193	5	418.1445	855.912	0
193	6	704.1965	193.8416	0
193	7	123.186	-266.2141	3
193	8	106.5582	-267.0121	3
193	9	649.321	1200.863	0
193	10	16.91147	-304.0454	0
193	11	507.5526	-129.8276	0
194	1	176.8362	-197.8517	0
194	2	480.2902	257.1502	0
194	3	436.0875	303.4648	2
194	4	413.6682	332.3615	2
194	5	418.1359	851.6302	0
194	6	703.8094	196.7188	0
194	7	125.9405	-265.9948	3
194	8	109.2974	-266.6801	3
194	9	647.8148	1198.392	0
194	10	19.38293	-303.73	0
194	11	507.6596	-127.2208	0
195	1	174.1327	-197.3498	0
195	2	481.3131	259.7115	0
195	3	439.5244	300.6641	2
195	4	413.5448	328.4724	2
195	5	418.1242	846.5625	0
195	6	703.4223	199.5959	0
195	7	128.8305	-265.7871	3
195	8	112.0243	-266.3608	3
195	9	646.308	1195.92	0
195	10	21.87115	-303.4108	0
195	11	507.7683	-124.5749	0
196	1	171.4465	-196.8175	0
196	2	482.3242	262.2593	0
196	3	443.2277	297.8266	2
196	4	413.1882	324.2185	2
196	5	418.1069	840.8146	0
196	6	703.0352	202.4731	0
196	7	131.5988	-265.6016	3
196	8	114.7403	-266.0555	3
196	9	644.8007	1193.447	0
196	10	24.37418	-303.0879	0
196	11	507.8784	-121.895	0
197	1	168.7748	-196.2537	0
197	2	483.3263	264.7935	0
197	3	447.0804	295.0432	2
197	4	413.5883	320.1948	2
197	5	418.0815	834.4781	0
197	6	702.648	205.3502	0
197	7	134.2704	-265.4374	3
197	8	117.4457	-265.7649	3
197	9	643.2928	1190.974	0
197	10	26.89023	-302.7617	0
197	11	507.9896	-119.1857	0
198	1	166.1143	-195.6572	0
198	2	484.3224	267.3145	0
198	3	450.9662	292.3935	2
198	4	414.6133	316.401	2
198	5	418.0455	827.6326	0
198	6	702.2609	208.2274	0
198	7	136.8669	-265.293	3
198	8	120.1405	-265.4897	3
198	9	641.7845	1188.5	0
198	10	29.41766	-302.4326	0
198	11	508.1019	-116.4509	0
199	1	163.4608	-195.0277	0
199	2	485.3137	269.8237	0
199	3	454.6212	289.9635	2
199	4	416.0876	312.8461	2
199	5	418.0227	825.3123	0
199	6	701.8737	211.1046	0
199	7	139.6314	-265.1644	3
199	8	122.8277	-265.2305	3
199	9	640.2758	1186.025	0
199	10	31.95511	-302.1008	0
199	11	508.2151	-113.6938	0
200	1	160.8102	-194.3652	0
200	2	486.2973	272.324	0
200	3	458.1995	287.7018	2
200	4	417.8315	309.527	2
200	5	417.984	821.9492	0
200	6	701.4866	213.9817	0
200	7	142.3074	-265.054	3
200	8	125.509	-264.9873	3
200	9	638.7668	1183.549	0
200	10	34.50131	-301.7664	0
200	11	508.3292	-110.9178	0
201	1	158.1577	-193.6701	0
201	2	487.2996	274.8119	0
201	3	461.6453	285.6086	2
201	4	419.7202	306.4333	2
201	5	417.9299	817.6829	0
201	6	701.0994	216.8589	0
201	7	144.916	-264.9592	3
201	8	128.1859	-264.7603	3
201	9	637.2576	1181.073	0
201	10	37.05511	-301.4297	0
201	11	508.4438	-108.1251	0
202	1	155.4987	-192.9437	0
202	2	488.377	277.2772	0
202	3	464.7462	283.6976	2
202	4	421.7279	303.5408	2
202	5	417.8608	812.6346	0
202	6	700.7123	219.736	0
202	7	147.699	-264.8816	3
202	8	130.8624	-264.5491	3
202	9	635.748	1178.597	0
202	10	39.61563	-301.0909	0
202	11	508.5591	-105.3179	0
203	1	152.828	-192.1884	0
203	2	489.5717	279.7316	0
203	3	467.4949	281.9383	2
203	4	423.8256	300.8226	2
203	5	417.7775	806.9096	0
203	6	700.3251	222.6132	0
203	7	150.3994	-264.8156	3
203	8	133.5414	-264.353	3
203	9	634.2383	1176.121	0
203	10	42.18207	-300.75	0
203	11	508.6749	-102.4984	0
204	1	150.1412	-191.4069	0
204	2	490.907	282.2076	0
204	3	469.9103	280.2896	2
204	4	425.9693	298.2426	2
204	5	417.6811	800.5991	0
204	6	699.938	225.4904	0
204	7	153.0372	-264.7589	3
204	8	136.2247	-264.1714	3
204	9	632.7284	1173.644	0
204	10	44.75351	-300.4075	0
204	11	508.7912	-99.66797	0
205	1	147.4341	-190.6024	0
205	2	492.3808	284.7494	0
205	3	472.0345	278.7101	2
205	4	428.1203	295.7721	2
205	5	417.6052	793.7761	0
205	6	699.5508	228.3676	0
205	7	155.6288	-264.7094	3
205	8	138.9138	-264.0026	3
205	9	631.2183	1171.167	0
205	10	47.32928	-300.0629	0
205	11	508.9078	-96.82819	0
206	1	144.703	-189.7793	0
206	2	493.9654	287.3975	0
206	3	473.9838	277.1407	2
206	4	430.2386	293.3816	2
206	5	417.6013	791.4557	0
206	6	699.1637	231.2448	0
206	7	158.4124	-264.6741	3
206	8	141.6124	-263.845	3
206	9	629.7081	1168.689	0
206	10	49.90887	-299.7168	0
206	11	509.0247	-93.98035	0
207	1	141.9449	-188.9423	0
207	2	495.6159	290.1748	0
207	3	474.8545	275.1747	2
207	4	432.2827	291.0425	2
207	5	417.6033	788.0925	0
207	6	698.7766	234.1218	0
207	7	161.1271	-264.639	3
207	8	144.3227	-263.6968	3
207	9	628.1978	1166.212	0
207	10	52.49182	-299.3691	0
207	11	509.142	-91.12555	0
208	1	139.1577	-188.0961	0
208	2	497.2719	293.0723	0
208	3	474.9871	272.7914	2
208	4	434.2258	288.7349	2
208	5	417.6083	783.826	0
208	6	698.3894	236.999	0
208	7	163.7896	-264.6027	3
208	8	147.0457	-263.5557	3
208	9	626.6874	1163.734	0
208	10	55.07767	-299.0201	0
208	11	509.2595	-88.2644	0
209	1	136.34	-187.2462	0
209	2	498.8748	296.0535	0
209	3	474.5627	270.1141	2
209	4	436.0569	286.4413	2
209	5	417.6129	778.7777	0
209	6	698.0023	239.8762	0
209	7	166.4132	-264.5629	3
209	8	149.7814	-263.4189	3
209	9	625.1769	1161.256	0
209	10	57.66599	-298.6696	0
209	11	509.3772	-85.39819	0
210	1	133.4915	-186.3979	0
210	2	500.392	299.0845	0
210	3	473.9223	267.1544	2
210	4	437.7733	284.147	2
210	5	417.6136	773.0526	0
210	6	697.6151	242.7534	0
210	7	169.2365	-264.5336	3
210	8	152.5319	-263.2842	3
210	9	623.6663	1158.778	0
210	10	60.25656	-298.3175	0
210	11	509.4951	-82.52728	0
211	1	130.6129	-185.5563	0
211	2	501.8269	302.1623	0
211	3	473.4341	263.5359	2
211	4	439.3727	281.8366	2
211	5	417.6072	766.7421	0
211	6	697.228	245.6305	0
211	7	171.9927	-264.4945	3
211	8	155.2975	-263.1489	3
211	9	622.1556	1156.3	0
211	10	62.84872	-297.9648	0
211	11	509.6131	-79.65253	0
212	1	127.7062	-184.7247	0
212	2	503.1819	305.283	0
212	3	473.0919	259.3401	2
212	4	440.8525	279.4958	2
212	5	417.5908	759.9256	0
212	6	696.8408	248.5077	0
212	7	174.6965	-264.4448	3
212	8	158.0773	-263.0104	3
212	9	620.6449	1153.822	0
212	10	65.44141	-297.6128	0
212	11	509.7314	-76.77417	0
213	1	124.7744	-183.9067	0
213	2	504.4589	308.4416	0
213	3	472.9058	254.5743	2
213	4	442.2103	277.1115	2
213	5	417.5737	757.6119	0
213	6	696.4537	251.3848	0
213	7	177.5864	-264.4033	3
213	8	160.8722	-262.8665	3
213	9	619.1342	1151.344	0
213	10	68.03415	-297.2627	0
213	11	509.8497	-73.89294	0
214	1	121.8202	-183.1057	0
214	2	505.6596	311.6326	0
214	3	472.6354	249.5566	2
214	4	443.4435	274.6735	2
214	5	417.5435	754.2611	0
214	6	696.0665	254.262	0
214	7	180.3978	-264.3461	3
214	8	163.6813	-262.7144	3
214	9	617.6234	1148.865	0
214	10	70.6265	-296.9158	0
214	11	509.9681	-71.00903	0
215	1	118.847	-182.3242	0
215	2	506.7859	314.8494	0
215	3	473.0133	244.729	2
215	4	444.5543	272.1778	2
215	5	417.5011	750.0122	0
215	6	695.6794	257.1391	0
215	7	183.1462	-264.2733	3
215	8	166.5024	-262.5525	3
215	9	616.1125	1146.387	0
215	10	73.21835	-296.5726	0
215	11	510.0866	-68.12305	0
216	1	115.8585	-181.5652	0
216	2	507.8396	318.0856	0
216	3	473.4801	240.403	2
216	4	445.5497	269.6259	2
216	5	417.4471	744.9858	0
216	6	695.2922	260.0163	0
216	7	186.0681	-264.2084	3
216	8	169.3351	-262.3789	3
216	9	614.6016	1143.909	0
216	10	75.80984	-296.2336	0
216	11	510.2052	-65.23499	0
217	1	112.8582	-180.8308	0
217	2	508.8232	321.335	0
217	3	473.6239	236.671	2
217	4	446.4357	267.0195	2
217	5	417.3824	739.2867	0
217	6	694.9052	262.8934	0
217	7	188.9035	-264.1241	3
217	8	172.1776	-262.1921	3
217	9	613.0908	1141.43	0
217	10	78.40137	-295.8995	0
217	11	510.3239	-62.34521	0
218	1	109.8498	-180.1236	0
218	2	509.7394	324.5913	0
218	3	473.3232	233.5137	2
218	4	447.2185	264.3611	2
218	5	417.3402	732.9995	0
218	6	694.518	265.7706	0
218	7	191.669	-264.0217	3
218	8	175.0267	-261.9905	3
218	9	611.5798	1138.952	0
218	10	80.9931	-295.5703	0
218	11	510.4426	-59.4541	0
219	1	106.837	-179.4448	0
219	2	510.5914	327.8488	0
219	3	472.6498	230.7233	2
219	4	447.9041	261.6536	2
219	5	417.3157	726.2039	0
219	6	694.1309	268.6478	0
219	7	194.3785	-263.9023	3
219	8	177.8784	-261.7729	3
219	9	609.3693	1135.7	0
219	10	83.58566	-295.2458	0
219	11	510.5614	-56.56165	0
220	1	103.8234	-178.7961	0
220	2	511.3821	331.102	0
220	3	471.6619	228.2582	2
220	4	447.5416	258.4926	2
220	5	417.3208	723.891	0
220	6	693.7438	271.525	0
220	7	197.2717	-263.7968	3
220	8	180.7316	-261.5386	3
220	9	606.5526	1131.78	0
220	10	86.17953	-294.926	0
220	11	510.6803	-53.66803	0
221	1	100.8125	-178.1788	0
221	2	512.1143	334.3449	0
221	3	470.4065	226.0787	2
221	4	446.2732	254.9424	2
221	5	417.3319	720.5416	0
221	6	693.3567	274.4021	0
221	7	200.3062	-263.7014	3
221	8	183.5868	-261.287	3
221	9	603.2108	1127.279	0
221	10	88.77545	-294.6105	0
221	11	510.7991	-50.7735	0
222	1	97.80801	-177.594	0
222	2	512.7903	337.572	0
222	3	469.1154	224.0562	2
222	4	444.2211	251.0929	2
222	5	417.3453	716.2948	0
222	6	692.9696	277.2793	0
222	7	203.225	-263.5813	3
222	8	186.4426	-261.0179	3
222	9	599.439	1122.253	0
222	10	91.37399	-294.2988	0
222	11	510.9181	-47.87823	0
223	1	94.81204	-177.0414	0
223	2	513.4122	340.7775	0
223	3	468.4325	221.8779	2
223	4	441.507	247.027	2
223	5	417.3568	711.2712	0
223	6	692.5825	280.1564	0
223	7	206.0512	-263.4412	3
223	8	189.2964	-260.731	3
223	9	595.2949	1116.771	0
223	10	93.97574	-293.9902	0
223	11	511.037	-44.98224	0
224	1	91.8251	-176.5199	0
224	2	513.9818	343.9561	0
224	3	468.9284	219.3352	2
224	4	438.5388	242.3564	2
224	5	417.3623	705.5753	0
224	6	692.1953	283.0335	0
224	7	208.8044	-263.2854	3
224	8	192.1449	-260.4257	3
224	9	593.8367	1114.873	0
224	10	96.58096	-293.684	0
224	11	511.1559	-42.08569	0
225	1	88.8479	-176.0282	0
225	2	514.5007	347.1028	0
225	3	470.2066	216.753	2
225	4	435.363	237.2035	2
225	5	417.3583	699.2982	0
225	6	691.8082	285.9107	0
225	7	211.5012	-263.1177	3
225	8	194.9843	-260.1019	3
225	9	591.6984	1112.103	0
225	10	99.19003	-293.3794	0
225	11	511.2749	-39.18848	0
226	1	85.88037	-175.5647	0
226	2	514.9716	350.2165	0
226	3	472.0507	214.2765	2
226	4	432.0445	231.6525	2
226	5	417.3417	692.5188	0
226	6	691.4211	288.7879	0
226	7	214.1555	-262.9407	3
226	8	197.8133	-259.7614	3
226	9	588.971	1108.575	0
226	10	101.803	-293.0754	0
226	11	511.3939	-36.29089	0
227	1	82.92068	-175.1267	0
227	2	515.4011	353.3015	0
227	3	474.0243	212.0444	2
227	4	428.8467	225.8056	2
227	5	417.3222	690.2135	0
227	6	691.034	291.665	0
227	7	217.0036	-262.8013	3
227	8	200.6339	-259.4059	3
227	9	585.7335	1104.391	0
227	10	104.4201	-292.7712	0
227	11	511.5129	-33.39282	0
228	1	79.96744	-174.7119	0
228	2	515.7943	356.3616	0
228	3	475.972	210.0786	2
228	4	425.9313	219.9935	2
228	5	417.2875	686.8784	0
228	6	690.6469	294.5422	0
228	7	220.0027	-262.6947	3
228	8	203.4498	-259.0376	3
228	9	582.0544	1099.638	0
228	10	107.0414	-292.4656	0
228	11	511.632	-30.49451	0
229	1	77.01944	-174.3188	0
229	2	516.1562	359.4003	0
229	3	477.8105	208.3571	2
229	4	424.4855	214.5587	2
229	5	417.2391	682.6517	0
229	6	690.2598	297.4194	0
229	7	222.9001	-262.5692	3
229	8	206.2633	-258.6582	3
229	9	577.993	1094.391	0
229	10	109.6668	-292.1575	0
229	11	511.751	-27.59583	0
230	1	74.07587	-173.9456	0
230	2	516.4907	362.4203	0
230	3	479.4723	206.7991	2
230	4	424.3238	209.3988	2
230	5	417.2107	677.647	0
230	6	689.8726	300.2965	0
230	7	225.7156	-262.4286	3
230	8	209.0753	-258.2692	3
230	9	573.6009	1088.716	0
230	10	112.2961	-291.8459	0
230	11	511.8701	-24.6969	0
231	1	71.13611	-173.5913	0
231	2	516.8015	365.4242	0
231	3	480.9681	205.3305	2
231	4	425.1763	204.4747	2
231	5	417.1974	671.9692	0
231	6	689.4855	303.1737	0
231	7	228.4658	-262.2761	3
231	8	211.8857	-257.8711	3
231	9	572.137	1086.823	0
231	10	114.9288	-291.5298	0
231	11	511.9891	-21.79761	0
232	1	68.19986	-173.2552	0
232	2	517.0916	368.414	0
232	3	482.1115	203.8425	2
232	4	426.6517	199.7839	2
232	5	417.1937	665.7094	0
232	6	689.0983	306.0508	0
232	7	231.1651	-262.1149	3
232	8	214.6938	-257.465	3
232	9	569.9969	1084.053	0
232	10	117.5643	-291.2084	0
232	11	512.1082	-18.89832	0
233	1	65.267	-172.9365	0
233	2	517.3638	371.3918	0
233	3	482.9434	202.2874	2
233	4	428.4303	195.3492	2
233	5	417.1936	658.9465	0
233	6	688.7112	308.928	0
233	7	233.8253	-261.947	3
233	8	217.4989	-257.051	3
233	9	567.2712	1080.524	0
233	10	120.2019	-290.8802	0
233	11	512.2273	-15.99884	0
234	1	62.33752	-172.6348	0
234	2	517.6204	374.359	0
234	3	483.6497	200.6675	2
234	4	430.2658	191.1996	2
234	5	417.1915	656.6429	0
234	6	688.324	311.8052	0
234	7	236.4566	-261.7754	3
234	8	220.2997	-256.6296	3
234	9	564.0382	1076.337	0
234	10	122.8407	-290.5449	0
234	11	512.3464	-13.09912	0
235	1	59.41177	-172.3495	0
235	2	517.8633	377.3171	0
235	3	484.2455	198.9992	2
235	4	432.0182	187.3438	2
235	5	417.186	653.311	0
235	6	687.9369	314.6823	0
235	7	239.0672	-261.6013	3
235	8	223.0955	-256.2009	3
235	9	560.3661	1071.578	0
235	10	125.48	-290.2018	0
235	11	512.4655	-10.19934	0
236	1	56.48972	-172.0797	0
236	2	518.0945	380.2673	0
236	3	484.9048	197.3028	2
236	4	433.634	183.7686	2
236	5	417.1752	649.0889	0
236	6	687.5497	317.5594	0
236	7	241.6638	-261.4268	3
236	8	225.8852	-255.7652	3
236	9	556.3139	1066.324	0
236	10	128.1196	-289.8516	0
236	11	512.5845	-7.299316	0
236	12	426.1653	1368.844	0
237	1	53.57083	-171.8234	0
237	2	518.3155	383.2108	0
237	3	485.3553	195.5934	2
237	4	435.1096	180.4534	2
237	5	417.1571	644.0964	0
237	6	687.1627	320.4366	0
237	7	244.252	-261.2534	3
237	8	228.6682	-255.3221	3
237	9	551.933	1060.641	0
237	10	130.7597	-289.4951	0
237	11	512.7036	-4.399292	0
237	12	426.2659	1368.129	0
238	1	50.65466	-171.5791	0
238	2	518.5275	386.1483	0
238	3	485.1903	193.8656	2
238	4	436.4453	177.3765	2
238	5	417.1299	638.4373	0
238	6	686.7755	323.3138	0
238	7	247.0487	-261.1631	3
238	8	231.447	-254.8726	3
238	9	550.4739	1058.744	0
238	10	133.4001	-289.1333	0
238	11	512.8228	-1.499268	0
238	12	426.407	1367.125	0
239	1	47.74088	-171.3452	0
239	2	518.7318	389.0806	0
239	3	484.4938	192.1153	2
239	4	437.6336	174.5212	2
239	5	417.0919	632.202	0
239	6	686.3884	326.1909	0
239	7	249.7991	-261.0605	3
239	8	234.2232	-254.4175	3
239	9	548.3411	1055.969	0
239	10	136.0412	-288.7666	0
239	11	512.9418	1.40094	0
239	12	426.5832	1365.872	0
