2	1	7.427925	1.201933	-37.72061	7.413381	2.530356	-37.69825	0
3	1	7.428885	1.201933	-37.69906	7.417018	2.530347	-37.67775	0
4	1	7.430233	1.201933	-37.66884	7.420444	2.530457	-37.64859	0
5	1	7.431915	1.201933	-37.6311	7.423265	2.530563	-37.61162	0
6	1	7.434841	1.201933	-37.58802	7.423455	2.523387	-37.55824	0
6	2	6.174183	1.201933	-36.0967	6.127231	2.713615	-36.09793	0
7	1	7.43887	1.201933	-37.54029	7.427537	2.524541	-37.50941	0
7	2	6.159895	1.201933	-36.0769	6.112791	2.713551	-36.07801	0
8	1	7.443879	1.201933	-37.48853	7.431559	2.524876	-37.45673	0
8	2	6.139817	1.201933	-36.04914	6.0931	2.713519	-36.05007	0
9	1	7.449758	1.201933	-37.43325	7.435244	2.524254	-37.40076	0
9	2	6.114697	1.201933	-36.0145	6.09189	2.689628	-35.99138	0
10	1	7.456407	1.201933	-37.37491	7.438489	2.522526	-37.34227	0
10	2	6.085187	1.201933	-35.97394	6.067323	2.687328	-35.94543	0
11	1	7.463739	1.201933	-37.31388	7.441875	2.519503	-37.28085	0
11	2	6.051856	1.201933	-35.92826	6.037986	2.687865	-35.89354	0
12	1	7.471675	1.201933	-37.2505	7.445642	2.515674	-37.21794	0
12	2	6.0152	1.201933	-35.87819	6.003613	2.690597	-35.83817	0
13	1	7.480141	1.201933	-37.18504	7.450429	2.511096	-37.15201	0
13	2	5.975654	1.201933	-35.82433	5.963385	2.693345	-35.78251	0
13	3	0.6211641	1.201933	-39.74878	0.6120667	2.896859	-39.72368	0
14	1	7.489072	1.201933	-37.11774	7.456393	2.505895	-37.08305	0
14	2	5.933597	1.201933	-35.76725	5.911234	2.694646	-35.73446	0
14	3	0.6239436	1.201933	-39.72739	0.6148716	2.896788	-39.70057	0
15	1	7.498407	1.201933	-37.04881	7.462584	2.501965	-37.01055	0
15	2	5.889363	1.201933	-35.70739	5.852635	2.697455	-35.68668	0
15	3	0.6278415	1.201933	-39.69739	0.6183049	2.896702	-39.66879	0
16	1	7.50809	1.201933	-36.97843	7.472511	2.499117	-36.9383	0
16	2	5.843244	1.201933	-35.64518	5.807071	2.70092	-35.62592	0
16	3	0.6327086	1.201933	-39.65993	0.6222063	2.896637	-39.62963	0
17	1	7.518069	1.201933	-36.90676	7.482172	2.498064	-36.86504	0
17	2	5.795496	1.201933	-35.58097	5.7573	2.700209	-35.56466	0
17	3	0.6384158	1.201933	-39.61601	0.6223113	2.89101	-39.57594	0
17	4	6.252976	1.201933	-30.78458	6.210814	2.6784	-30.78652	0
18	1	7.528296	1.201933	-36.83392	7.494049	2.500183	-36.78955	0
18	2	5.746347	1.201933	-35.51506	5.703786	2.695636	-35.50348	0
18	3	0.644851	1.201933	-39.56649	0.624804	2.889167	-39.52547	0
18	4	6.239858	1.201933	-30.76746	6.197258	2.678432	-30.77092	0
19	1	7.538726	1.201933	-36.76004	7.509665	2.506786	-36.71226	0
19	2	5.695994	1.201933	-35.44772	5.648659	2.688166	-35.44228	0
19	3	0.6519172	1.201933	-39.5121	0.6271302	2.885925	-39.47021	0
19	4	6.221462	1.201933	-30.74344	6.178548	2.678483	-30.74837	0
20	1	7.549318	1.201933	-36.68521	7.527431	2.515334	-36.63873	0
20	2	5.644613	1.201933	-35.37918	5.592168	2.678662	-35.37701	0
20	3	0.6595302	1.201933	-39.45351	0.6295335	2.88149	-39.41188	0
20	4	6.198492	1.201933	-30.71346	6.155392	2.678538	-30.71961	0
21	1	7.560034	1.201933	-36.60952	7.54389	2.522217	-36.56591	0
21	2	5.592358	1.201933	-35.30964	5.531768	2.67038	-35.30695	0
21	3	0.6676172	1.201933	-39.39128	0.6324483	2.875984	-39.34972	0
21	4	6.171557	1.201933	-30.6783	6.118374	2.658534	-30.67824	0
22	1	7.570838	1.201933	-36.53304	7.56	2.521399	-36.49358	0
22	2	5.539366	1.201933	-35.23927	5.476823	2.665594	-35.23349	0
22	3	0.6761149	1.201933	-39.32588	0.6365927	2.869254	-39.28331	0
22	4	6.141186	1.201933	-30.63865	6.086342	2.656254	-30.63694	0
23	1	7.581697	1.201933	-36.45586	7.574881	2.517595	-36.419	0
23	2	5.485758	1.201933	-35.16822	5.421406	2.666489	-35.15924	0
23	3	0.6849686	1.201933	-39.25774	0.6408701	2.862801	-39.21148	0
23	4	6.107838	1.201933	-30.59512	6.052031	2.656384	-30.59	0
24	1	7.59258	1.201933	-36.37801	7.589107	2.510426	-36.3442	0
24	2	5.431639	1.201933	-35.09661	5.368615	2.677542	-35.0783	0
24	3	0.6941308	1.201933	-39.18723	0.6483536	2.857767	-39.13731	0
24	4	6.071908	1.201933	-30.54822	6.016464	2.659528	-30.53775	0
25	1	7.617361	1.201933	-36.31925	7.619623	2.5105	-36.2879	0
25	2	5.374588	1.201933	-35.02334	5.322547	2.693021	-34.99984	0
25	3	0.7035604	1.201933	-39.11466	0.657311	2.85449	-39.06277	0
25	4	6.033742	1.201933	-30.4984	5.982024	2.66447	-30.48392	0
25	5	7.314549	1.201933	-35.98669	7.291965	2.485414	-35.97626	2
26	1	7.65914	1.201933	-36.27789	7.671546	2.509806	-36.25115	0
26	2	5.315187	1.201933	-34.94868	5.274265	2.697607	-34.92306	0
26	3	0.7132216	1.201933	-39.04031	0.6674428	2.854656	-38.98544	0
26	4	5.993638	1.201933	-30.44604	5.946959	2.669455	-30.42943	0
26	5	7.261702	1.201933	-35.92206	7.226616	2.473642	-35.91031	2
26	6	7.354766	1.201933	-36.04082	7.404853	2.910861	-36.0381	2
27	1	7.716389	1.201933	-36.24705	7.736435	2.506517	-36.22896	0
27	2	5.253922	1.201933	-34.87289	5.222781	2.687737	-34.84627	0
27	3	0.7230837	1.201933	-38.96441	0.6820241	2.860805	-38.90517	0
27	4	5.951853	1.201933	-30.3915	5.909839	2.67063	-30.37305	0
27	5	7.186362	1.201933	-35.83027	7.141098	2.457445	-35.81782	2
27	6	7.362986	1.201933	-36.06098	7.413145	2.910925	-36.06704	2
28	1	7.786605	1.201933	-36.22074	7.812913	2.498805	-36.21216	0
28	2	5.191195	1.201933	-34.79618	5.169738	2.671121	-34.7694	0
28	3	0.7331199	1.201933	-38.88717	0.7014816	2.872405	-38.82507	0
28	4	5.908613	1.201933	-30.33505	5.871735	2.66721	-30.31546	0
28	5	7.100877	1.201933	-35.72578	7.044888	2.44518	-35.70888	2
28	6	7.361121	1.201933	-36.07538	7.402502	2.910998	-36.10468	2
29	1	7.863875	1.201933	-36.1933	7.897426	2.487971	-36.19799	0
29	2	5.127346	1.201933	-34.71874	5.115763	2.664083	-34.69057	0
29	3	0.7433069	1.201933	-38.80877	0.7206102	2.883047	-38.7521	0
29	4	5.86411	1.201933	-30.27696	5.831428	2.661777	-30.25646	0
29	5	7.015614	1.201933	-35.62053	6.952436	2.437584	-35.6001	2
29	6	7.346009	1.201933	-36.07758	7.329507	2.911044	-36.12559	2
30	1	7.941985	1.201933	-36.16137	7.981438	2.485241	-36.17156	0
30	2	5.062654	1.201933	-34.64074	5.06413	2.650087	-34.59532	0
30	3	0.7536246	1.201933	-38.72937	0.7382711	2.88547	-38.67706	0
30	4	5.818514	1.201933	-30.21744	5.789836	2.653824	-30.19595	0
30	5	6.938969	1.201933	-35.52511	6.875805	2.43966	-35.50584	2
30	6	7.319354	1.201933	-36.06936	7.284027	2.911029	-36.10578	2
31	1	8.01946	1.201933	-36.12457	8.063868	2.492751	-36.13325	0
31	2	4.997365	1.201933	-34.56232	5.001887	2.654034	-34.5069	0
31	3	0.7640557	1.201933	-38.64909	0.7548801	2.880538	-38.60098	0
31	4	5.771971	1.201933	-30.15668	5.74793	2.647003	-30.13531	0
31	5	6.870078	1.201933	-35.43872	6.815808	2.457889	-35.41361	2
31	6	7.28325	1.201933	-36.05172	7.242763	2.911	-36.08207	2
32	1	8.09479	1.201933	-36.0829	8.142678	2.503062	-36.08613	0
32	2	4.931685	1.201933	-34.4836	4.929246	2.673596	-34.42373	0
32	3	0.7745849	1.201933	-38.56806	0.7702248	2.871079	-38.52433	0
32	4	5.724606	1.201933	-30.09486	5.705189	2.644697	-30.07352	0
32	5	6.808018	1.201933	-35.36044	6.769492	2.472954	-35.33674	2
32	6	7.239901	1.201933	-36.02546	7.178669	2.890117	-36.04221	2
33	1	8.166553	1.201933	-36.03658	8.205297	2.508975	-36.02394	0
33	2	4.865798	1.201933	-34.40468	4.833814	2.683716	-34.37205	0
33	3	0.7841389	1.201933	-38.48623	0.7836581	2.860493	-38.44635	0
33	4	5.676528	1.201933	-30.0321	5.660472	2.640032	-30.00629	0
33	5	6.75185	1.201933	-35.28933	6.721581	2.470602	-35.26652	2
33	6	7.191469	1.201933	-35.99135	7.127398	2.892563	-35.99627	2
33	7	4.025039	1.201933	-38.99178	3.995896	2.543124	-38.96501	3
34	1	8.23348	1.201933	-35.98595	8.253547	2.51416	-35.95116	0
34	2	4.799857	1.201933	-34.32564	4.760293	2.693739	-34.30613	0
34	3	0.7928565	1.201933	-38.40368	0.7958705	2.856208	-38.36929	0
34	4	5.627834	1.201933	-29.96853	5.619944	2.63202	-29.93323	0
34	5	6.700666	1.201933	-35.22442	6.674977	2.465345	-35.20329	2
34	6	7.139455	1.201933	-35.95015	7.080171	2.89704	-35.94621	2
34	7	4.033294	1.201933	-38.93024	3.997803	2.516143	-38.8915	3
34	8	4.012436	1.201933	-39.08566	4.021475	2.636321	-39.11533	3
35	1	8.295681	1.201933	-35.9314	8.311028	2.519192	-35.89665	0
35	2	4.733993	1.201933	-34.24654	4.691388	2.6908	-34.23436	0
35	3	0.8008631	1.201933	-38.32049	0.8095349	2.851151	-38.28615	0
35	4	5.578606	1.201933	-29.90427	5.575523	2.630063	-29.86224	0
35	5	6.65361	1.201933	-35.16476	6.630531	2.461054	-35.14506	2
35	6	7.084353	1.201933	-35.90263	7.029208	2.90114	-35.89096	2
35	7	4.045851	1.201933	-38.83661	4.008903	2.497994	-38.78862	3
35	8	4.004973	1.201933	-39.14111	4.009901	2.632272	-39.17145	3
36	1	8.353555	1.201933	-35.87333	8.362842	2.519022	-35.83638	0
36	2	4.668318	1.201933	-34.16745	4.618258	2.678792	-34.16522	0
36	3	0.8082727	1.201933	-38.23672	0.8315304	2.841557	-38.20079	0
36	4	5.528913	1.201933	-29.8394	5.525832	2.637149	-29.79332	0
36	5	6.60989	1.201933	-35.10946	6.588909	2.460475	-35.09187	2
36	6	7.026679	1.201933	-35.84961	6.979706	2.896558	-35.83252	2
36	7	4.060424	1.201933	-38.72788	4.036836	2.510207	-38.6675	3
36	8	3.998527	1.201933	-39.18877	4.004002	2.634133	-39.21971	3
37	1	8.407498	1.201933	-35.81211	8.409168	2.515308	-35.7718	0
37	2	4.602869	1.201933	-34.08838	4.542779	2.663857	-34.08856	0
37	3	0.8151879	1.201933	-38.15244	0.8496473	2.838354	-38.11366	0
37	4	5.478819	1.201933	-29.77401	5.473686	2.647192	-29.72461	0
37	5	6.568787	1.201933	-35.05762	6.548843	2.46126	-35.0409	2
37	6	6.966953	1.201933	-35.79191	6.926788	2.888133	-35.77052	2
37	7	4.075117	1.201933	-38.61821	4.064198	2.525629	-38.56489	3
37	8	3.994677	1.201933	-39.21674	4.0277	2.656385	-39.24885	3
38	1	8.457901	1.201933	-35.7481	8.451356	2.509624	-35.70551	0
38	2	4.537655	1.201933	-34.00932	4.472073	2.656253	-34.00459	0
38	3	0.821699	1.201933	-38.06771	0.8586732	2.848025	-38.02464	0
38	4	5.428377	1.201933	-29.70817	5.415435	2.653756	-29.66434	0
38	5	6.529658	1.201933	-35.00845	6.51021	2.460499	-34.9901	2
38	6	6.905676	1.201933	-35.73032	6.872788	2.874323	-35.70582	2
38	7	4.088499	1.201933	-38.51821	4.086104	2.523783	-38.47803	3
38	8	3.993108	1.201933	-39.22726	4.025445	2.656347	-39.25972	3
39	1	8.505104	1.201933	-35.6816	8.492688	2.502702	-35.63652	0
39	2	4.472684	1.201933	-33.93029	4.405129	2.661888	-33.91845	0
39	3	0.8278847	1.201933	-37.98259	0.8645067	2.861048	-37.93427	0
39	4	5.377634	1.201933	-29.64193	5.342446	2.657721	-29.61839	0
39	5	6.491945	1.201933	-34.96121	6.474926	2.45834	-34.93956	2
39	6	6.843341	1.201933	-35.6656	6.819869	2.865067	-35.64021	2
39	7	4.100613	1.201933	-38.42744	4.101294	2.515723	-38.39299	3
39	8	3.993524	1.201933	-39.22248	3.960078	2.656332	-39.19229	3
40	1	8.549406	1.201933	-35.61291	8.532866	2.496648	-35.56266	0
40	2	4.408236	1.201933	-33.85141	4.349875	2.684394	-33.8273	0
40	3	0.8338122	1.201933	-37.89713	0.8537033	2.8687	-37.84784	0
40	4	5.326629	1.201933	-29.57534	5.29054	2.663965	-29.55604	0
40	5	6.455166	1.201933	-34.91521	6.441307	2.455978	-34.88874	2
40	6	6.780413	1.201933	-35.59844	6.763728	2.858109	-35.56708	2
40	7	4.11152	1.201933	-38.34524	4.112972	2.51202	-38.31518	3
40	8	3.995673	1.201933	-39.2041	3.964486	2.656301	-39.17348	3
40	9	1.175318	1.201933	-32.49993	1.217584	2.786507	-32.50448	0
41	1	8.591069	1.201933	-35.54226	8.573813	2.492954	-35.4898	0
41	2	4.344419	1.201933	-33.77273	4.301257	2.696518	-33.74592	0
41	3	0.8395387	1.201933	-37.81137	0.8225657	2.874533	-37.76247	0
41	4	5.275397	1.201933	-29.50847	5.238063	2.664563	-29.4923	0
41	5	6.418922	1.201933	-34.86987	6.405613	2.457861	-34.84251	2
41	6	6.717297	1.201933	-35.52948	6.714358	2.843874	-35.47955	2
41	7	4.121311	1.201933	-38.27077	4.122217	2.514233	-38.24389	3
41	8	3.999407	1.201933	-39.17319	3.970157	2.656262	-39.14309	3
41	9	1.180961	1.201933	-32.5068	1.224352	2.786605	-32.50986	0
42	1	8.630323	1.201933	-35.46986	8.611785	2.49219	-35.41605	0
42	2	4.281296	1.201933	-33.69427	4.250341	2.686765	-33.66679	0
42	3	0.8451117	1.201933	-37.72535	0.8274015	2.881356	-37.67989	0
42	4	5.223969	1.201933	-29.44133	5.182605	2.660612	-29.43014	0
42	5	6.382892	1.201933	-34.82467	6.370169	2.461229	-34.7952	2
42	6	6.654339	1.201933	-35.45932	6.654642	2.847511	-35.40145	2
42	7	4.130102	1.201933	-38.2031	4.131073	2.514929	-38.17546	3
42	8	4.004564	1.201933	-39.13093	4.008171	2.637621	-39.09803	3
42	9	1.189425	1.201933	-32.5171	1.233848	2.786656	-32.51862	0
43	1	8.66737	1.201933	-35.39592	8.650946	2.496674	-35.34038	0
43	2	4.218898	1.201933	-33.61604	4.198119	2.670455	-33.58881	0
43	3	0.8505708	1.201933	-37.63911	0.8275517	2.88044	-37.59599	0
43	4	5.172371	1.201933	-29.37398	5.126405	2.653734	-29.36887	0
43	5	6.346825	1.201933	-34.77916	6.334604	2.465434	-34.7471	2
43	6	6.591821	1.201933	-35.38847	6.588007	2.865116	-35.3253	2
43	7	4.138021	1.201933	-38.14123	4.141408	2.514605	-38.11304	3
43	8	4.010976	1.201933	-39.07856	4.023842	2.636565	-39.04363	3
43	9	1.20071	1.201933	-32.53084	1.245985	2.786672	-32.53088	0
44	1	8.702385	1.201933	-35.32059	8.692915	2.507268	-35.26444	0
44	2	4.157321	1.201933	-33.53808	4.145857	2.664888	-33.51007	0
44	3	0.8559483	1.201933	-37.55267	0.8240147	2.874023	-37.51122	0
44	4	5.120625	1.201933	-29.30643	5.069898	2.645233	-29.30457	0
44	5	6.310536	1.201933	-34.73298	6.298456	2.469295	-34.69901	2
44	6	6.529966	1.201933	-35.31741	6.511873	2.877313	-35.2658	2
44	7	4.145202	1.201933	-38.08414	4.152613	2.513423	-38.05474	3
44	8	4.018764	1.201933	-39.01522	4.039233	2.636655	-38.97745	3
44	9	1.214815	1.201933	-32.54801	1.260786	2.786704	-32.54657	0
45	1	8.735524	1.201933	-35.24403	8.731043	2.517679	-35.19518	0
45	2	4.096607	1.201933	-33.4604	4.097071	2.653064	-33.41824	0
45	3	0.8612702	1.201933	-37.46605	0.8206746	2.864692	-37.4263	0
45	4	5.068751	1.201933	-29.23872	5.010581	2.637885	-29.23661	0
45	5	6.273908	1.201933	-34.68582	6.259855	2.471757	-34.65352	2
45	6	6.46894	1.201933	-35.24652	6.423066	2.88625	-35.22441	2
45	7	4.151784	1.201933	-38.03083	4.159334	2.515836	-38.00104	3
45	8	4.027426	1.201933	-38.94466	4.042287	2.637479	-38.90564	3
45	9	1.231741	1.201933	-32.56861	1.278206	2.786731	-32.5656	0
46	1	8.766924	1.201933	-35.16637	8.766403	2.521006	-35.12284	0
46	2	4.035885	1.201933	-33.38462	4.040622	2.654046	-33.33288	0
46	3	0.8665577	1.201933	-37.37929	0.8198061	2.853786	-37.3372	0
46	4	5.016034	1.201933	-29.16792	4.955276	2.631662	-29.16192	0
46	5	6.236991	1.201933	-34.63799	6.215559	2.473244	-34.61329	2
46	6	6.408857	1.201933	-35.17614	6.365041	2.892608	-35.15768	2
46	7	4.157896	1.201933	-37.98032	4.165059	2.519734	-37.95012	3
46	8	4.036802	1.201933	-38.8681	4.027844	2.638722	-38.82696	3
46	9	1.251487	1.201933	-32.59266	1.298257	2.786779	-32.58801	0
46	10	5.53769	1.201933	-31.1302	5.488764	2.952431	-31.12439	4
47	1	8.796703	1.201933	-35.08772	8.799342	2.51688	-35.04916	0
47	2	3.975238	1.201933	-33.31056	3.974913	2.671054	-33.25417	0
47	3	0.8718281	1.201933	-37.2924	0.8206468	2.846601	-37.24356	0
47	4	4.962566	1.201933	-29.09461	4.899714	2.630964	-29.08477	0
47	5	6.199753	1.201933	-34.5893	6.169318	2.47516	-34.5727	2
47	6	6.349788	1.201933	-35.10653	6.302554	2.889474	-35.09468	2
47	7	4.163654	1.201933	-37.93176	4.171698	2.523889	-37.90063	3
47	8	4.046742	1.201933	-38.78671	4.034434	2.643299	-38.74683	3
47	9	1.274051	1.201933	-32.62013	1.321028	2.786845	-32.61403	0
47	10	5.503526	1.201933	-31.07981	5.438868	2.921946	-31.07434	4
47	11	5.591767	1.201933	-31.20958	5.623515	2.756286	-31.22811	4
48	1	8.824968	1.201933	-35.00819	8.829865	2.508782	-34.97412	0
48	2	3.914862	1.201933	-33.23806	3.901767	2.683407	-33.18995	0
48	3	0.8770955	1.201933	-37.20538	0.8260871	2.843585	-37.15334	0
48	4	4.908449	1.201933	-29.01923	4.847043	2.641971	-28.99882	0
48	5	6.162189	1.201933	-34.53959	6.131971	2.477793	-34.52354	2
48	6	6.291769	1.201933	-35.03793	6.238629	2.881217	-35.03431	2
48	7	4.169167	1.201933	-37.88433	4.17834	2.527744	-37.85237	3
48	8	4.057104	1.201933	-38.70159	4.041232	2.643148	-38.66293	3
48	9	1.299432	1.201933	-32.65105	1.34642	2.78691	-32.64383	0
48	10	5.451436	1.201933	-31.00292	5.376703	2.893398	-30.99298	4
48	11	5.624372	1.201933	-31.2569	5.652706	2.751989	-31.27618	4
49	1	8.851812	1.201933	-34.92786	8.858867	2.500305	-34.89783	0
49	2	3.855042	1.201933	-33.16703	3.814235	2.69082	-33.14685	0
49	3	0.8823719	1.201933	-37.11826	0.8336008	2.847988	-37.06146	0
49	4	4.853837	1.201933	-28.94218	4.80472	2.658791	-28.91638	0
49	5	6.124323	1.201933	-34.48872	6.092938	2.47838	-34.47376	2
49	6	6.234812	1.201933	-34.97058	6.175917	2.871263	-34.97169	2
49	7	4.174533	1.201933	-37.83735	4.184625	2.530649	-37.80488	3
49	8	4.06776	1.201933	-38.61374	4.044374	2.637785	-38.57615	3
49	9	1.327627	1.201933	-32.68541	1.386461	2.765581	-32.68391	0
49	10	5.391002	1.201933	-30.91368	5.310576	2.890648	-30.89104	4
49	11	5.652882	1.201933	-31.29751	5.68241	2.755332	-31.31396	4
50	1	8.877318	1.201933	-34.84682	8.886193	2.497516	-34.82168	0
50	2	3.796007	1.201933	-33.09734	3.757507	2.697677	-33.08033	0
50	3	0.8876671	1.201933	-37.03105	0.8487437	2.862605	-36.96771	0
50	4	4.798907	1.201933	-28.86378	4.761449	2.662281	-28.83631	0
50	5	6.084633	1.201933	-34.42982	6.050982	2.476026	-34.41579	2
50	6	6.178868	1.201933	-34.90457	6.111391	2.863257	-34.90589	2
50	7	4.179841	1.201933	-37.79019	4.187672	2.532353	-37.75814	3
50	8	4.078594	1.201933	-38.52407	4.046502	2.628628	-38.48798	3
50	9	1.358633	1.201933	-32.72321	1.418956	2.764367	-32.72369	0
50	10	5.330173	1.201933	-30.82387	5.258982	2.914734	-30.78549	4
50	11	5.670453	1.201933	-31.3212	5.7186	2.776452	-31.32053	4
51	1	8.901557	1.201933	-34.76514	8.915829	2.492821	-34.74043	0
51	2	3.737979	1.201933	-33.02887	3.697173	2.696131	-33.01725	0
51	3	0.8929895	1.201933	-36.94376	0.8664295	2.878387	-36.88599	0
51	4	4.743845	1.201933	-28.78427	4.715721	2.65281	-28.75633	0
51	5	6.043638	1.201933	-34.36365	6.006238	2.470904	-34.3517	2
51	6	6.123848	1.201933	-34.83982	6.053884	2.859649	-34.83799	2
51	7	4.185167	1.201933	-37.74235	4.185863	2.533327	-37.7108	3
51	8	4.089504	1.201933	-38.43337	4.05133	2.617333	-38.39505	3
51	9	1.392448	1.201933	-32.76445	1.453515	2.765451	-32.76887	0
51	10	5.274962	1.201933	-30.74235	5.223647	2.935934	-30.7067	4
51	11	5.678339	1.201933	-31.32975	5.726892	2.776409	-31.32397	4
52	1	8.92459	1.201933	-34.6829	8.952229	2.484453	-34.6587	0
52	2	3.681152	1.201933	-32.96148	3.635316	2.689913	-32.95645	0
52	3	0.8983462	1.201933	-36.85639	0.8811036	2.883305	-36.80353	0
52	4	4.68883	1.201933	-28.70389	4.669623	2.637902	-28.67642	0
52	5	6.001899	1.201933	-34.29148	5.960352	2.463324	-34.28282	2
52	6	6.069644	1.201933	-34.77617	5.998068	2.860508	-34.77251	2
52	7	4.190576	1.201933	-37.6934	4.180477	2.534228	-37.66149	3
52	8	4.100401	1.201933	-38.34234	4.058609	2.609886	-38.29708	3
52	9	1.429065	1.201933	-32.80914	1.489384	2.769289	-32.81969	0
52	10	5.225063	1.201933	-30.66866	5.184998	2.933649	-30.63535	4
52	11	5.677744	1.201933	-31.32493	5.634512	2.776354	-31.30096	4
53	1	8.946472	1.201933	-34.60014	8.979409	2.485457	-34.57466	0
53	2	3.626599	1.201933	-32.89574	3.576152	2.682782	-32.89514	0
53	3	0.9037437	1.201933	-36.76896	0.8939054	2.877222	-36.72097	0
53	4	4.634221	1.201933	-28.62269	4.624157	2.632237	-28.59528	0
53	5	5.959939	1.201933	-34.2149	5.913524	2.453551	-34.20687	2
53	6	6.016148	1.201933	-34.71337	5.944371	2.868178	-34.70383	2
53	7	4.196119	1.201933	-37.64302	4.185409	2.536352	-37.61105	3
53	8	4.111212	1.201933	-38.25156	4.069818	2.607767	-38.20303	3
53	9	1.468443	1.201933	-32.85732	1.523647	2.774081	-32.87156	0
53	10	5.1804	1.201933	-30.60216	5.146006	2.928212	-30.57175	4
53	11	5.669715	1.201933	-31.30808	5.620801	2.77629	-31.29876	4
53	12	1.714752	1.201933	-30.89816	1.735253	2.598987	-30.86256	0
54	1	8.967251	1.201933	-34.51693	9.002447	2.494628	-34.48744	0
54	2	3.574811	1.201933	-32.83158	3.519158	2.67631	-32.83132	0
54	3	0.9091825	1.201933	-36.6815	0.9051224	2.865242	-36.63823	0
54	4	4.580156	1.201933	-28.54084	4.582033	2.620945	-28.50165	0
54	5	5.918926	1.201933	-34.14212	5.866939	2.450232	-34.13271	2
54	6	5.963275	1.201933	-34.65124	5.895278	2.882195	-34.63224	2
54	7	4.201836	1.201933	-37.59097	4.189908	2.5372	-37.55867	3
54	8	4.121875	1.201933	-38.16152	4.08423	2.614589	-38.10831	3
54	9	1.510548	1.201933	-32.909	1.561123	2.778881	-32.9268	0
54	10	5.140417	1.201933	-30.54204	5.108781	2.923191	-30.51377	4
54	11	5.65484	1.201933	-31.2801	5.605636	2.776236	-31.27273	4
54	12	1.72364	1.201933	-30.89819	1.743528	2.599043	-30.862	0
55	1	8.986972	1.201933	-34.43331	9.020754	2.504506	-34.39945	0
55	2	3.524436	1.201933	-32.76845	3.46387	2.672618	-32.76624	0
55	3	0.9146522	1.201933	-36.59412	0.9155976	2.854777	-36.55615	0
55	4	4.526769	1.201933	-28.4585	4.536922	2.619001	-28.40861	0
55	5	5.878726	1.201933	-34.0725	5.826224	2.449531	-34.06187	2
55	6	5.910975	1.201933	-34.58962	5.853707	2.894563	-34.56839	2
55	7	4.207751	1.201933	-37.5371	4.193469	2.536916	-37.50441	3
55	8	4.132338	1.201933	-38.07259	4.105349	2.630328	-38.01613	3
55	9	1.602781	1.201933	-33.02479	1.660169	2.74162	-33.07853	0
55	10	5.104513	1.201933	-30.48742	5.074866	2.921772	-30.46226	4
55	11	5.633788	1.201933	-31.24202	5.613329	2.750515	-31.21378	4
55	12	1.736974	1.201933	-30.89824	1.756332	2.599096	-30.86164	0
56	1	9.005678	1.201933	-34.34933	9.01923	2.509546	-34.31231	0
56	2	3.4756	1.201933	-32.70615	3.414182	2.67162	-32.70207	0
56	3	0.9201297	1.201933	-36.50694	0.9260632	2.851622	-36.47347	0
56	4	4.474183	1.201933	-28.37578	4.481297	2.635882	-28.32016	0
56	5	5.839231	1.201933	-34.00548	5.785933	2.45164	-33.99394	2
56	6	5.859215	1.201933	-34.52835	5.809788	2.898635	-34.50526	2
56	7	4.21388	1.201933	-37.48132	4.196129	2.535578	-37.44866	3
56	8	4.142548	1.201933	-37.9851	4.124956	2.643502	-37.93491	3
56	9	1.721356	1.201933	-33.17524	1.787467	2.712782	-33.24911	0
56	10	5.07207	1.201933	-30.43737	5.043441	2.924163	-30.41493	4
56	11	5.607273	1.201933	-31.19496	5.594426	2.74565	-31.16075	4
56	12	1.754751	1.201933	-30.8983	1.773799	2.599113	-30.86152	0
57	1	9.023408	1.201933	-34.26503	9.015701	2.515342	-34.22602	0
57	2	3.428387	1.201933	-32.64447	3.36614	2.674249	-32.63757	0
57	3	0.9255773	1.201933	-36.42009	0.9420468	2.844288	-36.38511	0
57	4	4.422514	1.201933	-28.2928	4.413713	2.648139	-28.24615	0
57	5	5.800349	1.201933	-33.94059	5.74786	2.457499	-33.92568	2
57	6	5.807967	1.201933	-34.46733	5.765824	2.894378	-34.44326	2
57	7	4.220229	1.201933	-37.42363	4.198596	2.533032	-37.39062	3
57	8	4.152464	1.201933	-37.8993	4.142031	2.643634	-37.8552	3
57	9	1.845406	1.201933	-33.33442	1.891527	2.786988	-33.33252	0
57	10	5.042471	1.201933	-30.39099	5.013345	2.92498	-30.36835	4
57	11	5.576033	1.201933	-31.14006	5.569572	2.74481	-31.09831	4
57	12	1.776973	1.201933	-30.89836	1.795932	2.59909	-30.8616	0
58	1	9.040197	1.201933	-34.18043	9.030248	2.518742	-34.14356	0
58	2	3.382807	1.201933	-32.58318	3.321569	2.681767	-32.57015	0
58	3	0.9309445	1.201933	-36.33365	0.9652838	2.834982	-36.29484	0
58	4	4.37187	1.201933	-28.20965	4.336014	2.657483	-28.18459	0
58	5	5.762006	1.201933	-33.87743	5.712818	2.466398	-33.85734	2
58	6	5.75721	1.201933	-34.40646	5.720957	2.88654	-34.38216	2
58	7	4.227895	1.201933	-37.35632	4.201264	2.52715	-37.32355	3
58	8	4.162075	1.201933	-37.81523	4.156194	2.638558	-37.77505	3
58	9	1.871234	1.201933	-33.36926	1.904425	2.76905	-33.38307	0
58	10	5.015121	1.201933	-30.34737	4.986802	2.924695	-30.32297	4
58	11	5.540811	1.201933	-31.07848	5.537882	2.748075	-31.02981	4
58	12	1.80364	1.201933	-30.89844	1.822635	2.599065	-30.86185	0
59	1	9.056079	1.201933	-34.09557	9.040462	2.516772	-34.06008	0
59	2	3.339957	1.201933	-32.52075	3.283835	2.692395	-32.4992	0
59	3	0.9358208	1.201933	-36.2483	0.9714154	2.842836	-36.20657	0
59	4	4.322349	1.201933	-28.12639	4.286924	2.661335	-28.10526	0
59	5	5.724727	1.201933	-33.81567	5.682851	2.474247	-33.79507	2
59	6	5.707406	1.201933	-34.34576	5.676092	2.877456	-34.3208	2
59	7	4.23679	1.201933	-37.2802	4.205149	2.5187	-37.24675	3
59	8	4.171387	1.201933	-37.7328	4.16907	2.629797	-37.69615	3
59	9	1.894775	1.201933	-33.40512	1.926384	2.768833	-33.4207	0
59	10	4.989457	1.201933	-30.30567	4.96367	2.922894	-30.2781	4
59	11	5.502335	1.201933	-31.01134	5.496921	2.751899	-30.96096	4
59	12	1.834751	1.201933	-30.89851	1.853743	2.599034	-30.86209	0
59	13	2.470189	1.201933	-33.79354	2.427184	2.635721	-33.78855	0
60	1	9.071086	1.201933	-34.01048	9.047788	2.511032	-33.97573	0
60	2	3.300068	1.201933	-32.45764	3.252923	2.701321	-32.43379	0
60	3	0.9402071	1.201933	-36.16402	0.9759895	2.85649	-36.11697	0
60	4	4.27404	1.201933	-28.04309	4.23279	2.655373	-28.02806	0
60	5	5.688458	1.201933	-33.75502	5.651182	2.479307	-33.73338	2
60	6	5.658569	1.201933	-34.28516	5.632666	2.872603	-34.26095	2
60	7	4.246745	1.201933	-37.19668	4.21004	2.508397	-37.1593	3
60	8	4.180428	1.201933	-37.65179	4.180805	2.623256	-37.61929	3
60	9	1.913736	1.201933	-33.43914	1.961969	2.786928	-33.44478	0
60	10	4.964959	1.201933	-30.26511	4.942853	2.920973	-30.23328	4
60	11	5.461304	1.201933	-30.93971	5.434359	2.754157	-30.9035	4
60	12	1.870306	1.201933	-30.89857	1.889304	2.599008	-30.86244	0
60	13	2.46548	1.201933	-33.78489	2.424498	2.635682	-33.77751	0
61	1	9.085247	1.201933	-33.92519	9.055335	2.503402	-33.89053	0
61	2	3.263594	1.201933	-32.39446	3.223101	2.704769	-32.36874	0
61	3	0.9441031	1.201933	-36.08077	0.9732113	2.867356	-36.03061	0
61	4	4.227022	1.201933	-27.9598	4.178686	2.644711	-27.95068	0
61	5	5.653153	1.201933	-33.69522	5.62135	2.477906	-33.674	2
61	6	5.610721	1.201933	-34.22462	5.588643	2.870818	-34.1993	2
61	7	4.257535	1.201933	-37.1075	4.219532	2.500249	-37.0649	3
61	8	4.189232	1.201933	-37.57195	4.192212	2.621949	-37.54304	3
61	9	1.926504	1.201933	-33.46939	1.974532	2.786882	-33.48051	0
61	10	4.941309	1.201933	-30.22498	4.920644	2.922647	-30.19206	4
61	11	5.418375	1.201933	-30.86458	5.381382	2.760092	-30.83708	4
61	12	1.910305	1.201933	-30.89859	1.929233	2.598996	-30.86283	0
61	13	2.459682	1.201933	-33.77277	2.421325	2.635653	-33.76266	0
62	1	9.098592	1.201933	-33.83971	9.063754	2.495403	-33.80174	0
62	2	3.231259	1.201933	-32.33198	3.19728	2.702447	-32.30587	0
62	3	0.9475081	1.201933	-35.99852	0.9471148	2.872751	-35.95007	0
62	4	4.181363	1.201933	-27.87657	4.124761	2.633339	-27.86659	0
62	5	5.618769	1.201933	-33.63605	5.590391	2.47541	-33.6146	2
62	6	5.563869	1.201933	-34.16407	5.546416	2.866063	-34.13281	2
62	7	4.268909	1.201933	-37.01458	4.230992	2.497753	-36.96788	3
62	8	4.197844	1.201933	-37.49296	4.206058	2.618052	-37.46316	3
62	9	1.932083	1.201933	-33.49478	1.977698	2.786825	-33.51481	0
62	10	4.918066	1.201933	-30.18465	4.899274	2.925431	-30.14969	4
62	11	5.37416	1.201933	-30.78687	5.335474	2.761105	-30.763	4
62	12	1.954749	1.201933	-30.89858	1.988577	2.591965	-30.86794	0
62	13	2.453433	1.201933	-33.75751	2.418113	2.635682	-33.74458	0
63	1	9.111147	1.201933	-33.75406	9.074877	2.49066	-33.71175	0
63	2	3.203624	1.201933	-32.27085	3.17419	2.699317	-32.24439	0
63	3	0.9504248	1.201933	-35.91727	0.9324747	2.879873	-35.87132	0
63	4	4.137125	1.201933	-27.79342	4.077101	2.627684	-27.77809	0
63	5	5.585268	1.201933	-33.57732	5.560158	2.470879	-33.55627	2
63	6	5.518009	1.201933	-34.10346	5.509235	2.858422	-34.06142	2
63	7	4.28062	1.201933	-36.91977	4.250458	2.50843	-36.86661	3
63	8	4.206304	1.201933	-37.41452	4.226245	2.61097	-37.38325	3
63	9	1.930058	1.201933	-33.515	1.967299	2.786759	-33.54857	0
63	10	4.894885	1.201933	-30.14359	4.878479	2.928978	-30.10538	4
63	11	5.329209	1.201933	-30.70737	5.284566	2.755224	-30.68968	4
63	12	2.003637	1.201933	-30.89852	2.037926	2.594112	-30.87108	0
63	13	2.447193	1.201933	-33.73927	2.415516	2.635665	-33.72366	0
64	1	9.122938	1.201933	-33.66827	9.086255	2.489426	-33.62386	0
64	2	3.181167	1.201933	-32.21165	3.155555	2.695135	-32.18511	0
64	3	0.9528649	1.201933	-35.83708	0.9327751	2.883353	-35.7935	0
64	4	4.094357	1.201933	-27.7104	4.033315	2.629068	-27.69067	0
64	5	5.552613	1.201933	-33.51888	5.530142	2.465932	-33.49759	2
64	6	5.47313	1.201933	-34.04275	5.467034	2.860117	-33.99697	2
64	7	4.291455	1.201933	-36.8313	4.27182	2.525606	-36.78311	3
64	8	4.214641	1.201933	-37.33645	4.240536	2.610778	-37.30366	3
64	9	1.920479	1.201933	-33.53036	1.938796	2.78671	-33.5769	0
64	10	4.871445	1.201933	-30.10134	4.857259	2.932702	-30.06	4
64	11	5.284015	1.201933	-30.6268	5.232414	2.744779	-30.61615	4
64	12	2.05697	1.201933	-30.89842	2.091374	2.594426	-30.87431	0
64	13	2.468209	1.201933	-33.78311	2.477282	2.620857	-33.81843	0
65	1	9.133991	1.201933	-33.58236	9.100009	2.494514	-33.53442	0
65	2	3.164149	1.201933	-32.15486	3.141735	2.69203	-32.12813	0
65	3	0.9548138	1.201933	-35.758	0.9291961	2.881995	-35.71667	0
65	4	4.053102	1.201933	-27.62753	3.99573	2.641947	-27.59769	0
65	5	5.520783	1.201933	-33.46058	5.500978	2.462589	-33.44012	2
65	6	5.429235	1.201933	-33.98189	5.42352	2.868026	-33.93225	2
65	7	4.301604	1.201933	-36.74817	4.288018	2.533955	-36.70434	3
65	8	4.222883	1.201933	-37.25868	4.250753	2.617882	-37.22312	3
65	9	1.904707	1.201933	-33.54133	1.902836	2.786692	-33.59061	0
65	10	4.847523	1.201933	-30.05754	4.834948	2.935638	-30.01394	4
65	11	5.239005	1.201933	-30.54574	5.180222	2.732316	-30.53635	4
65	12	2.114745	1.201933	-30.89821	2.148143	2.591823	-30.8779	0
65	13	2.509198	1.201933	-33.8686	2.519683	2.609356	-33.91198	0
66	1	9.14433	1.201933	-33.49634	9.118727	2.506766	-33.44503	0
66	2	3.154986	1.201933	-32.10231	3.135504	2.692077	-32.0754	0
66	3	0.9561756	1.201933	-35.67994	0.9230317	2.877215	-35.64012	0
66	4	4.013392	1.201933	-27.54482	3.968595	2.658632	-27.51183	0
66	5	5.489764	1.201933	-33.40231	5.472489	2.462041	-33.38271	2
66	6	5.386331	1.201933	-33.92084	5.379639	2.877892	-33.8681	2
66	7	4.311649	1.201933	-36.66901	4.302776	2.531753	-36.63028	3
66	8	4.231756	1.201933	-37.18053	4.260921	2.626975	-37.14166	3
66	9	1.884725	1.201933	-33.54856	1.87014	2.786663	-33.59425	0
66	10	4.823095	1.201933	-30.0119	4.807722	2.937201	-29.97078	4
66	11	5.194545	1.201933	-30.46468	5.129066	2.724864	-30.45064	4
66	12	2.176963	1.201933	-30.89787	2.210103	2.588351	-30.88094	0
66	13	2.565061	1.201933	-33.9851	2.600871	2.605067	-34.03064	0
66	14	2.439768	1.201933	-39.21807	2.401111	2.783313	-39.19077	0
67	1	9.153976	1.201933	-33.41022	9.136694	2.518159	-33.36443	0
67	2	3.154007	1.201933	-32.05455	3.137489	2.694386	-32.02668	0
67	3	0.9569389	1.201933	-35.60303	0.9167354	2.871103	-35.5654	0
67	4	3.975254	1.201933	-27.4623	3.940583	2.664868	-27.4291	0
67	5	5.459545	1.201933	-33.34393	5.443999	2.46007	-33.32247	2
67	6	5.344424	1.201933	-33.85955	5.333663	2.885033	-33.80865	2
67	7	4.321675	1.201933	-36.59328	4.315506	2.527649	-36.55782	3
67	8	4.241192	1.201933	-37.10226	4.264751	2.633558	-37.06171	3
67	9	1.862729	1.201933	-33.55312	1.841814	2.78662	-33.59427	0
67	10	4.79781	1.201933	-29.96424	4.77217	2.93831	-29.93002	4
67	11	5.150936	1.201933	-30.38401	5.083761	2.72362	-30.36649	4
67	12	2.243623	1.201933	-30.89736	2.275654	2.582238	-30.88395	0
67	13	2.621035	1.201933	-34.10242	2.65958	2.606614	-34.14237	0
67	14	2.440365	1.201933	-39.19898	2.401252	2.783283	-39.17108	0
68	1	9.162953	1.201933	-33.32402	9.152246	2.519456	-33.28314	0
68	2	3.161399	1.201933	-32.01192	3.149431	2.695577	-31.98105	0
68	3	0.9570978	1.201933	-35.52734	0.9115542	2.864322	-35.48973	0
68	4	3.938701	1.201933	-27.37998	3.912424	2.659353	-27.34768	0
68	5	5.430106	1.201933	-33.28535	5.418861	2.456864	-33.26053	2
68	6	5.303502	1.201933	-33.79796	5.277337	2.888739	-33.76101	2
68	7	4.331768	1.201933	-36.52048	4.327775	2.521927	-36.48738	3
68	8	4.251133	1.201933	-37.02411	4.25124	2.637193	-36.98311	3
68	9	1.840764	1.201933	-33.55656	1.817906	2.786585	-33.59415	0
68	10	4.771592	1.201933	-29.91444	4.735592	2.94026	-29.88631	4
68	11	5.108416	1.201933	-30.304	5.042488	2.732498	-30.27892	4
68	12	2.314721	1.201933	-30.89664	2.345881	2.57469	-30.88701	0
68	13	2.674263	1.201933	-34.217	2.721539	2.601575	-34.24693	0
68	14	2.441267	1.201933	-39.17207	2.40174	2.783231	-39.14359	0
69	1	9.171283	1.201933	-33.23776	9.165394	2.51443	-33.20055	0
69	2	3.176902	1.201933	-31.9746	3.151432	2.713716	-31.93619	0
69	3	0.9566557	1.201933	-35.45292	0.9056436	2.858965	-35.41218	0
69	4	3.903747	1.201933	-27.29788	3.884129	2.648675	-27.26692	0
69	5	5.401463	1.201933	-33.22653	5.396492	2.452458	-33.19619	2
69	6	5.263535	1.201933	-33.73601	5.224008	2.893695	-33.71033	2
69	7	4.34201	1.201933	-36.45015	4.339528	2.517768	-36.41989	3
69	8	4.261526	1.201933	-36.94636	4.249978	2.64266	-36.90612	3
69	9	1.819782	1.201933	-33.55979	1.796774	2.786616	-33.59462	0
69	10	4.744398	1.201933	-29.86244	4.707907	2.942812	-29.83475	4
69	11	5.067165	1.201933	-30.22485	5.010178	2.74988	-30.19084	4
69	12	2.390256	1.201933	-30.89565	2.418952	2.568806	-30.89008	0
69	13	2.726851	1.201933	-34.33237	2.783949	2.589552	-34.36185	0
69	14	2.442468	1.201933	-39.13832	2.402718	2.783172	-39.10933	0
70	1	9.178985	1.201933	-33.15144	9.177078	2.505017	-33.11774	0
70	2	3.200342	1.201933	-31.94261	3.184609	2.713661	-31.89871	0
70	3	0.9556262	1.201933	-35.37978	0.9030156	2.856104	-35.33635	0
70	4	3.870391	1.201933	-27.21601	3.85719	2.640282	-27.18737	0
70	5	5.373643	1.201933	-33.16745	5.370882	2.453477	-33.13531	2
70	6	5.224481	1.201933	-33.67366	5.185706	2.897645	-33.64936	2
70	7	4.352486	1.201933	-36.38188	4.351106	2.517339	-36.35443	3
70	8	4.272332	1.201933	-36.86925	4.259257	2.645261	-36.83039	3
70	9	1.799956	1.201933	-33.56319	1.777379	2.786601	-33.59526	0
70	10	4.711399	1.201933	-29.80256	4.670973	2.941492	-29.77637	4
70	11	5.027241	1.201933	-30.14658	4.982097	2.76326	-30.11182	4
70	12	2.47022	1.201933	-30.89429	2.49779	2.564659	-30.8936	0
70	13	2.774839	1.201933	-34.44039	2.836325	2.581991	-34.47068	0
70	14	2.443969	1.201933	-39.09861	2.404202	2.783103	-39.06924	0
71	1	9.186132	1.201933	-33.06488	9.187726	2.497518	-33.03555	0
71	2	3.231112	1.201933	-31.91584	3.225595	2.713601	-31.86913	0
71	3	0.9540394	1.201933	-35.30791	0.9006047	2.855427	-35.26381	0
71	4	3.838632	1.201933	-27.13437	3.830924	2.637953	-27.1064	0
71	5	5.34666	1.201933	-33.10814	5.345211	2.457511	-33.07377	2
71	6	5.18632	1.201933	-33.6109	5.145449	2.897613	-33.58886	2
71	7	4.364314	1.201933	-36.30836	4.368218	2.512259	-36.28112	3
71	8	4.283486	1.201933	-36.79289	4.266188	2.644184	-36.75506	3
71	9	1.781465	1.201933	-33.56718	1.760085	2.786543	-33.59678	0
71	10	4.672645	1.201933	-29.7354	4.62697	2.936866	-29.71374	4
71	11	4.988599	1.201933	-30.06911	4.953999	2.761918	-30.0353	4
71	12	2.625108	1.201933	-30.88387	2.691232	2.537054	-30.90417	0
71	13	2.817553	1.201933	-34.53984	2.8785	2.586489	-34.572	0
71	14	2.445764	1.201933	-39.05368	2.442384	2.756118	-39.01981	0
71	15	8.19605	1.201933	-36.73629	8.170978	2.710051	-36.72315	0
72	1	9.19275	1.201933	-32.97816	9.198127	2.494929	-32.95181	0
72	2	3.269372	1.201933	-31.89602	3.293896	2.689512	-31.87463	0
72	3	0.9519368	1.201933	-35.23729	0.8984593	2.857751	-35.19162	0
72	4	3.808464	1.201933	-27.05296	3.809337	2.631651	-27.01959	0
72	5	5.320544	1.201933	-33.04861	5.320003	2.46298	-33.01173	2
72	6	5.149033	1.201933	-33.54779	5.104068	2.894622	-33.52915	2
72	7	4.377374	1.201933	-36.2306	4.39196	2.504523	-36.20348	3
72	8	4.294983	1.201933	-36.7173	4.271895	2.640343	-36.67956	3
72	9	1.764303	1.201933	-33.57187	1.744309	2.786447	-33.59904	0
72	10	4.628906	1.201933	-29.66193	4.576022	2.927093	-29.64725	4
72	11	4.951153	1.201933	-29.99221	4.923457	2.755382	-29.95899	4
72	12	2.808882	1.201933	-30.86527	2.8991	2.532915	-30.88434	0
72	13	2.852625	1.201933	-34.62616	2.903363	2.608229	-34.66303	0
72	14	2.447846	1.201933	-39.0042	2.449879	2.754148	-38.96983	0
72	15	8.18363	1.201933	-36.71906	8.156708	2.709984	-36.70563	0
73	1	9.19887	1.201933	-32.89137	9.213295	2.488628	-32.86385	0
73	2	3.313987	1.201933	-31.885	3.344881	2.687397	-31.87458	0
73	3	0.9493785	1.201933	-35.1679	0.8988115	2.864198	-35.11921	0
73	4	3.779875	1.201933	-26.97174	3.793161	2.624865	-26.92993	0
73	5	5.295324	1.201933	-32.98894	5.294704	2.467868	-32.95063	2
73	6	5.112588	1.201933	-33.48439	5.062985	2.889637	-33.46981	2
73	7	4.391511	1.201933	-36.14974	4.419642	2.497446	-36.12164	3
73	8	4.306828	1.201933	-36.64243	4.278047	2.635242	-36.60542	3
73	9	1.748443	1.201933	-33.57732	1.729996	2.786364	-33.60215	0
73	10	4.581704	1.201933	-29.58325	4.520928	2.912159	-29.57476	4
73	11	4.918149	1.201933	-29.91518	4.897387	2.745537	-29.88191	4
73	12	2.984554	1.201933	-30.83929	3.075408	2.540537	-30.84867	0
73	13	2.880376	1.201933	-34.70005	2.919948	2.623946	-34.73338	0
73	14	2.450205	1.201933	-38.95074	2.4576	2.754678	-38.915	0
73	15	8.166273	1.201933	-36.69484	8.137337	2.709922	-36.6814	0
74	1	9.20452	1.201933	-32.80454	9.232354	2.481973	-32.77397	0
74	2	3.36279	1.201933	-31.88356	3.395985	2.687623	-31.88354	0
74	3	0.9464368	1.201933	-35.0997	0.9020036	2.873931	-35.04762	0
74	4	3.752847	1.201933	-26.89069	3.767125	2.631889	-26.84638	0
74	5	5.271007	1.201933	-32.92917	5.265481	2.470751	-32.89396	2
74	6	5.076936	1.201933	-33.42078	5.0228	2.883729	-33.40915	2
74	7	4.406556	1.201933	-36.06693	4.438093	2.50224	-36.03702	3
74	8	4.319035	1.201933	-36.56817	4.286071	2.629356	-36.5302	3
74	9	1.733868	1.201933	-33.58366	1.717256	2.786407	-33.60656	0
74	10	4.532885	1.201933	-29.5005	4.460133	2.895989	-29.49019	4
74	11	4.889582	1.201933	-29.83788	4.875376	2.739265	-29.8066	4
74	12	3.136516	1.201933	-30.80677	3.204408	2.553284	-30.78388	0
74	13	2.901182	1.201933	-34.7623	2.935197	2.629706	-34.79288	0
74	14	2.452829	1.201933	-38.8938	2.46539	2.757473	-38.85582	0
74	15	8.144683	1.201933	-36.66453	8.113702	2.709888	-36.65137	0
75	1	9.209729	1.201933	-32.71774	9.238989	2.488659	-32.68441	0
75	2	3.405293	1.201933	-31.88025	3.438409	2.69393	-31.87656	0
75	3	0.9431909	1.201933	-35.0327	0.9061246	2.882679	-34.98409	0
75	4	3.727357	1.201933	-26.8098	3.741281	2.643566	-26.76153	0
75	5	5.24757	1.201933	-32.86934	5.229757	2.472823	-32.84082	2
75	6	5.042003	1.201933	-33.35699	4.983587	2.877092	-33.34608	2
75	7	4.421279	1.201933	-35.98932	4.451184	2.513971	-35.95621	3
75	8	4.331623	1.201933	-36.4945	4.295083	2.624081	-36.45292	3
75	9	1.720438	1.201933	-33.5907	1.70549	2.786549	-33.6123	0
75	10	4.482275	1.201933	-29.41592	4.406002	2.887635	-29.40035	4
75	11	4.865452	1.201933	-29.76033	4.856999	2.737669	-29.72988	4
75	12	3.266807	1.201933	-30.76855	3.316135	2.567499	-30.7405	0
75	13	2.915474	1.201933	-34.81378	2.945457	2.630017	-34.84132	0
75	14	2.455703	1.201933	-38.83382	2.471698	2.761259	-38.79367	0
75	15	8.119467	1.201933	-36.62895	8.079949	2.703419	-36.61613	0
76	1	9.214533	1.201933	-32.63096	9.243796	2.499761	-32.59314	0
76	2	3.437998	1.201933	-31.87017	3.453542	2.713405	-31.83643	0
76	3	0.9397736	1.201933	-34.96681	0.9078954	2.889149	-34.91988	0
76	4	3.703371	1.201933	-26.72905	3.71093	2.652336	-26.6815	0
76	5	5.224964	1.201933	-32.80948	5.200443	2.475849	-32.78469	2
76	6	5.007694	1.201933	-33.29306	4.942962	2.872356	-33.28048	2
76	7	4.435832	1.201933	-35.91593	4.461765	2.522233	-35.88101	3
76	8	4.344597	1.201933	-36.42143	4.307167	2.62094	-36.37627	3
76	9	1.708007	1.201933	-33.59826	1.694521	2.786653	-33.6195	0
76	10	4.435701	1.201933	-29.33492	4.360177	2.898407	-29.31144	4
76	11	4.84576	1.201933	-29.68255	4.84545	2.732827	-29.64824	4
76	12	3.377607	1.201933	-30.72532	3.406911	2.568822	-30.68558	0
76	13	2.922244	1.201933	-34.85279	2.959904	2.635938	-34.86876	0
76	14	2.459272	1.201933	-38.77124	2.473968	2.764132	-38.73046	0
76	15	8.091158	1.201933	-36.58881	8.048416	2.700276	-36.57821	0
76	16	-0.8940908	1.201933	-38.41521	-0.9302726	2.860132	-38.40663	0
77	1	9.218965	1.201933	-32.5442	9.238659	2.507379	-32.50472	0
77	2	3.461891	1.201933	-31.85415	3.468465	2.713348	-31.82026	0
77	3	0.9362387	1.201933	-34.90208	0.9094625	2.888655	-34.85855	0
77	4	3.680857	1.201933	-26.64845	3.663298	2.656863	-26.6112	0
77	5	5.203123	1.201933	-32.74961	5.178431	2.478037	-32.72558	2
77	6	4.973908	1.201933	-33.22903	4.908172	2.869432	-33.21383	2
77	7	4.45033	1.201933	-35.84592	4.461992	2.526295	-35.81068	3
77	8	4.357953	1.201933	-36.34897	4.320718	2.619671	-36.30226	3
77	9	1.696448	1.201933	-33.6062	1.684664	2.786702	-33.62811	0
77	10	4.392598	1.201933	-29.25681	4.324888	2.918909	-29.22121	4
77	11	4.830508	1.201933	-29.60457	4.844615	2.725086	-29.56415	4
77	12	3.470982	1.201933	-30.6777	3.483253	2.557949	-30.62829	0
77	13	2.92231	1.201933	-34.88087	2.956561	2.635986	-34.90319	0
77	14	2.463448	1.201933	-38.70645	2.465038	2.765667	-38.66661	0
77	15	8.060225	1.201933	-36.54473	8.014552	2.696377	-36.53707	0
77	16	-0.9058016	1.201933	-38.39654	-0.9384912	2.860023	-38.38658	0
78	1	9.223068	1.201933	-32.45745	9.211411	2.511672	-32.41888	0
78	2	3.477888	1.201933	-31.83288	3.475221	2.713257	-31.80118	0
78	3	0.9326348	1.201933	-34.83858	0.9094992	2.886122	-34.79716	0
78	4	3.659781	1.201933	-26.56796	3.634024	2.663281	-26.53575	0
78	5	5.181231	1.201933	-32.6878	5.154575	2.477887	-32.66461	2
78	6	4.940553	1.201933	-33.16489	4.873867	2.868703	-33.14836	2
78	7	4.464863	1.201933	-35.77857	4.457294	2.529561	-35.74135	3
78	8	4.371677	1.201933	-36.27716	4.335308	2.62121	-36.22831	3
78	9	1.685658	1.201933	-33.61441	1.673917	2.786646	-33.63789	0
78	10	4.3525	1.201933	-29.18106	4.299254	2.935696	-29.14463	4
78	11	4.819693	1.201933	-29.52633	4.838991	2.727897	-29.48456	4
78	12	3.548858	1.201933	-30.62629	3.555872	2.553744	-30.56914	0
78	13	2.916443	1.201933	-34.89938	2.942023	2.636023	-34.93127	0
78	14	2.46814	1.201933	-38.63978	2.453367	2.768207	-38.59999	0
78	15	8.027076	1.201933	-36.49726	7.978209	2.691679	-36.49181	0
78	16	-0.922193	1.201933	-38.37032	-0.95127	2.859932	-38.3592	0
79	1	9.226887	1.201933	-32.37072	9.212538	2.517958	-32.33497	0
79	2	3.486838	1.201933	-31.807	3.477464	2.713161	-31.77952	0
79	3	0.9290065	1.201933	-34.77636	0.9086458	2.881936	-34.73716	0
79	4	3.640101	1.201933	-26.48759	3.613358	2.665219	-26.45719	0
79	5	5.159311	1.201933	-32.62436	5.129455	2.476109	-32.60301	2
79	6	4.907549	1.201933	-33.10064	4.84071	2.871397	-33.08086	2
79	7	4.479493	1.201933	-35.71323	4.471901	2.533889	-35.67754	3
79	8	4.385746	1.201933	-36.20601	4.353346	2.626845	-36.15433	3
79	9	1.675504	1.201933	-33.6227	1.663704	2.786567	-33.64804	0
79	10	4.31504	1.201933	-29.10723	4.27209	2.939783	-29.07067	4
79	11	4.813314	1.201933	-29.44781	4.836564	2.736702	-29.40327	4
79	12	3.613008	1.201933	-30.57162	3.615123	2.556861	-30.5142	0
79	13	2.905369	1.201933	-34.9096	2.911457	2.636043	-34.95012	0
79	14	2.473268	1.201933	-38.57153	2.458246	2.771656	-38.53273	0
79	15	7.992071	1.201933	-36.44685	7.939912	2.686083	-36.44251	0
79	16	-0.9426273	1.201933	-38.33756	-0.9683068	2.859981	-38.32574	0
80	1	9.230459	1.201933	-32.284	9.212416	2.518038	-32.25017	0
80	2	3.489718	1.201933	-31.77702	3.47711	2.713161	-31.75387	0
80	3	0.9254023	1.201933	-34.71547	0.9073067	2.876627	-34.67776	0
80	4	3.621774	1.201933	-26.40732	3.590826	2.662747	-26.37936	0
80	5	5.137356	1.201933	-32.55962	5.103543	2.472801	-32.54013	2
80	6	4.874825	1.201933	-33.03626	4.81024	2.878935	-33.01034	2
80	7	4.494262	1.201933	-35.64937	4.485064	2.535172	-35.61401	3
80	8	4.400134	1.201933	-36.13553	4.374893	2.635895	-36.0817	3
80	9	1.665861	1.201933	-33.6309	1.654098	2.786506	-33.65821	0
80	10	4.279951	1.201933	-29.03499	4.24477	2.935688	-28.9989	4
80	11	4.81137	1.201933	-29.36902	4.836701	2.746573	-29.3222	4
80	12	3.665046	1.201933	-30.51416	3.660995	2.562524	-30.45667	0
80	13	2.889766	1.201933	-34.91269	2.873369	2.636051	-34.95047	0
80	14	2.478752	1.201933	-38.50193	2.461258	2.772058	-38.46344	0
80	15	7.955524	1.201933	-36.3939	7.898122	2.681406	-36.38945	0
80	16	-0.9665479	1.201933	-38.29915	-0.990114	2.848832	-38.2711	0
81	1	9.233817	1.201933	-32.19729	9.208979	2.51353	-32.165	0
81	2	3.487218	1.201933	-31.74343	3.473325	2.713293	-31.72367	0
81	3	0.9218678	1.201933	-34.65592	0.9055715	2.872163	-34.61999	0
81	4	3.604751	1.201933	-26.32715	3.567856	2.657265	-26.30169	0
81	5	5.115341	1.201933	-32.49383	5.07782	2.468683	-32.4767	2
81	6	4.842323	1.201933	-32.9717	4.783962	2.889375	-32.9404	2
81	7	4.510511	1.201933	-35.57973	4.497451	2.533053	-35.54395	3
81	8	4.414824	1.201933	-36.06565	4.396121	2.644011	-36.01662	3
81	9	1.65662	1.201933	-33.63884	1.644949	2.786436	-33.66822	0
81	10	4.24705	1.201933	-28.96404	4.218002	2.927823	-28.92933	4
81	11	4.813855	1.201933	-29.28984	4.830637	2.752383	-29.24437	4
81	12	3.706434	1.201933	-30.45434	3.698685	2.57062	-30.39787	0
81	13	2.871611	1.201933	-34.91214	2.846795	2.636051	-34.94527	0
81	14	2.484525	1.201933	-38.43123	2.462362	2.770038	-38.39337	0
81	15	7.917712	1.201933	-36.33878	7.858507	2.677591	-36.33276	0
81	16	-0.993469	1.201933	-38.25584	-1.027526	2.848638	-38.23391	0
82	1	9.236989	1.201933	-32.11059	9.205142	2.506514	-32.08014	0
82	2	3.48016	1.201933	-31.7066	3.465499	2.713413	-31.68909	0
82	3	0.9184448	1.201933	-34.59773	0.9033599	2.870359	-34.56396	0
82	4	3.588983	1.201933	-26.24709	3.546714	2.650412	-26.22287	0
82	5	5.093228	1.201933	-32.42725	5.052278	2.463886	-32.41108	2
82	6	4.809993	1.201933	-32.90693	4.760018	2.898108	-32.87556	2
82	7	4.527992	1.201933	-35.50541	4.509501	2.528379	-35.46898	3
82	8	4.429813	1.201933	-35.9962	4.415952	2.649215	-35.94957	3
82	9	1.647681	1.201933	-33.64639	1.635999	2.78637	-33.6778	0
82	10	4.216239	1.201933	-28.89417	4.192114	2.919516	-28.86011	4
82	11	4.896775	1.201933	-29.20338	4.925045	2.745241	-29.15121	4
82	12	3.738473	1.201933	-30.39243	3.729483	2.579937	-30.33808	0
82	13	2.851356	1.201933	-34.90868	2.821826	2.636025	-34.93803	0
82	14	2.490527	1.201933	-38.35959	2.462538	2.765772	-38.32185	0
82	15	7.878875	1.201933	-36.2818	7.818171	2.675261	-36.27498	0
82	16	-1.022967	1.201933	-38.20829	-1.057675	2.850576	-38.18601	0
83	1	9.24	1.201933	-32.0239	9.203139	2.498067	-31.99238	0
83	2	3.469091	1.201933	-31.66686	3.453218	2.713468	-31.65101	0
83	3	0.9151677	1.201933	-34.54092	0.9011604	2.870414	-34.50861	0
83	4	3.574416	1.201933	-26.16714	3.527547	2.643071	-26.14113	0
83	5	5.070957	1.201933	-32.36007	5.026039	2.45929	-32.34311	2
83	6	4.777802	1.201933	-32.84187	4.734328	2.900841	-32.8102	2
83	7	4.545124	1.201933	-35.43418	4.521611	2.524713	-35.39811	3
83	8	4.445086	1.201933	-35.92707	4.435692	2.647162	-35.88492	3
83	9	1.638965	1.201933	-33.6534	1.627068	2.786335	-33.6867	0
83	10	4.18821	1.201933	-28.82536	4.168721	2.91603	-28.79347	4
83	11	5.005087	1.201933	-29.11199	5.046353	2.73906	-29.0578	4
83	12	3.76242	1.201933	-30.32863	3.751194	2.587182	-30.2811	0
83	13	2.829431	1.201933	-34.903	2.797116	2.636016	-34.92997	0
83	14	2.496701	1.201933	-38.28719	2.462876	2.760329	-38.25027	0
83	15	7.839224	1.201933	-36.22321	7.777286	2.675673	-36.21397	0
83	16	-1.054672	1.201933	-38.15707	-1.091206	2.850963	-38.13535	0
84	1	9.24287	1.201933	-31.93721	9.201458	2.492057	-31.90056	0
84	2	3.45512	1.201933	-31.6246	3.430649	2.706256	-31.59926	0
84	3	0.9121596	1.201933	-34.48598	0.8992722	2.869438	-34.45249	0
84	4	3.560993	1.201933	-26.08735	3.510475	2.638546	-26.05686	0
84	5	5.048463	1.201933	-32.29248	5.000699	2.456221	-32.2737	2
84	6	4.745717	1.201933	-32.77649	4.708639	2.897237	-32.74533	2
84	7	4.56198	1.201933	-35.36541	4.534935	2.520731	-35.32846	3
84	8	4.460619	1.201933	-35.85819	4.454447	2.643775	-35.81853	3
84	9	1.630904	1.201933	-33.66069	1.621873	2.786249	-33.6965	0
84	10	4.163095	1.201933	-28.75541	4.148798	2.913948	-28.72328	4
84	11	5.090705	1.201933	-29.02007	5.103397	2.740815	-28.96129	4
84	12	3.77961	1.201933	-30.26309	3.767148	2.591895	-30.21923	0
84	13	2.806245	1.201933	-34.8957	2.772149	2.636006	-34.92131	0
84	14	2.502995	1.201933	-38.21416	2.464534	2.753953	-38.17648	0
84	15	7.798943	1.201933	-36.16325	7.7376	2.680633	-36.14863	0
84	16	-1.088261	1.201933	-38.10267	-1.127875	2.849657	-38.08287	0
84	17	0.3130631	1.201933	-31.25506	0.2712263	2.968488	-31.22415	0
85	1	9.24562	1.201933	-31.85053	9.204513	2.489202	-31.81128	0
85	2	3.438842	1.201933	-31.58004	3.41242	2.707045	-31.55519	0
85	3	0.9094412	1.201933	-34.43286	0.9000164	2.867669	-34.39819	0
85	4	3.548658	1.201933	-26.00773	3.498407	2.636528	-25.97465	0
85	5	5.025687	1.201933	-32.22461	4.977321	2.45449	-32.20487	2
85	6	4.713737	1.201933	-32.71073	4.681562	2.891365	-32.68002	2
85	7	4.578618	1.201933	-35.29854	4.549018	2.516988	-35.25928	3
85	8	4.476382	1.201933	-35.78952	4.472808	2.637785	-35.75277	3
85	9	1.623391	1.201933	-33.66811	1.616963	2.786194	-33.7061	0
85	10	4.141898	1.201933	-28.68467	4.134924	2.909482	-28.64842	4
85	11	5.153379	1.201933	-28.92693	5.141038	2.728781	-28.86598	4
85	12	3.790983	1.201933	-30.19597	3.77848	2.590254	-30.15715	0
85	13	2.780262	1.201933	-34.88411	2.742977	2.635989	-34.90588	0
85	14	2.509363	1.201933	-38.14063	2.466443	2.748138	-38.09946	0
85	15	7.758193	1.201933	-36.10212	7.700753	2.689636	-36.08045	0
85	16	-1.123455	1.201933	-38.04552	-1.167362	2.846297	-38.02876	0
85	17	0.3135726	1.201933	-31.2312	0.270339	2.968546	-31.20144	0
86	1	9.248263	1.201933	-31.76385	9.208048	2.491446	-31.72134	0
86	2	3.420795	1.201933	-31.53341	3.391711	2.706888	-31.50931	0
86	3	0.9070255	1.201933	-34.38152	0.9029527	2.864785	-34.34476	0
86	4	3.537356	1.201933	-25.92828	3.487698	2.638415	-25.89193	0
86	5	5.002577	1.201933	-32.15659	4.953481	2.454884	-32.13559	2
86	6	4.681852	1.201933	-32.64457	4.654061	2.883069	-32.61395	2
86	7	4.595078	1.201933	-35.23311	4.563601	2.514872	-35.1907	3
86	8	4.492336	1.201933	-35.72101	4.491197	2.631557	-35.6865	3
86	9	1.616296	1.201933	-33.67554	1.612332	2.786206	-33.71513	0
86	10	4.126824	1.201933	-28.61373	4.133295	2.902845	-28.57175	4
86	11	5.196037	1.201933	-28.83313	5.168947	2.718136	-28.76919	4
86	12	3.797319	1.201933	-30.12747	3.785058	2.587253	-30.09142	0
86	13	2.753369	1.201933	-34.87167	2.715275	2.635973	-34.89314	0
86	14	2.515765	1.201933	-38.06671	2.471577	2.744349	-38.02214	0
86	15	7.717116	1.201933	-36.04	7.668215	2.698026	-36.0168	0
86	16	-1.160008	1.201933	-37.98598	-1.208434	2.841104	-37.9733	0
86	17	0.3143003	1.201933	-31.19773	0.2699187	2.968616	-31.16901	0
87	1	9.250815	1.201933	-31.67718	9.216924	2.501456	-31.62946	0
87	2	3.401266	1.201933	-31.48494	3.368818	2.705838	-31.46243	0
87	3	0.9049217	1.201933	-34.33188	0.9042136	2.864811	-34.29393	0
87	4	3.527027	1.201933	-25.849	3.481526	2.646162	-25.80719	0
87	5	4.979092	1.201933	-32.08851	4.930963	2.458628	-32.0644	2
87	6	4.650082	1.201933	-32.57799	4.626905	2.876221	-32.54869	2
87	7	4.61278	1.201933	-35.16212	4.581209	2.509838	-35.11742	3
87	8	4.508461	1.201933	-35.65257	4.50902	2.628027	-35.6212	3
87	9	1.609802	1.201933	-33.68262	1.608228	2.7863	-33.72336	0
87	10	4.117157	1.201933	-28.5424	4.132339	2.902656	-28.4982	4
87	11	5.22124	1.201933	-28.73908	5.184937	2.720429	-28.67756	4
87	12	3.799374	1.201933	-30.05771	3.787828	2.581672	-30.02462	0
87	13	2.726021	1.201933	-34.85905	2.687317	2.63594	-34.88083	0
87	14	2.522166	1.201933	-37.99249	2.477816	2.742537	-37.94645	0
87	15	7.675832	1.201933	-35.97705	7.633004	2.701875	-35.95199	0
87	16	-1.197706	1.201933	-37.92438	-1.250695	2.834609	-37.91519	0
87	17	0.3152274	1.201933	-31.15593	0.270099	2.968692	-31.1281	0
88	1	9.253288	1.201933	-31.59051	9.229287	2.514032	-31.54531	0
88	2	3.380712	1.201933	-31.43484	3.344461	2.703687	-31.41399	0
88	3	0.9027495	1.201933	-34.28423	0.9018517	2.86835	-34.24621	0
88	4	3.51761	1.201933	-25.76989	3.480457	2.65764	-25.72501	0
88	5	4.955199	1.201933	-32.02045	4.910615	2.465882	-31.99166	2
88	6	4.618419	1.201933	-32.51097	4.599682	2.874372	-32.4831	2
88	7	4.630056	1.201933	-35.09328	4.598639	2.511193	-35.04757	3
88	8	4.524727	1.201933	-35.58413	4.527282	2.626756	-35.55499	3
88	9	1.60413	1.201933	-33.68887	1.604475	2.786427	-33.73054	0
88	10	4.112241	1.201933	-28.47057	4.13235	2.908986	-28.42479	4
88	11	5.231226	1.201933	-28.64511	5.195226	2.736737	-28.58351	4
88	12	3.797751	1.201933	-29.98686	3.78746	2.575201	-29.95566	0
88	13	2.698612	1.201933	-34.8468	2.659663	2.635889	-34.86921	0
88	14	2.528537	1.201933	-37.91805	2.484848	2.743975	-37.86967	0
88	15	7.634449	1.201933	-35.91339	7.598386	2.698445	-35.88786	0
88	16	-1.236365	1.201933	-37.86099	-1.293879	2.826825	-37.85323	0
88	17	0.3163377	1.201933	-31.10694	0.2650711	2.942088	-31.06392	0
89	1	9.255692	1.201933	-31.50385	9.238995	2.520849	-31.46159	0
89	2	3.359538	1.201933	-31.38329	3.319726	2.700746	-31.36459	0
89	3	0.9001712	1.201933	-34.23893	0.8994994	2.873074	-34.2	0
89	4	3.509047	1.201933	-25.69093	3.479832	2.666848	-25.64849	0
89	5	4.95682	1.201933	-31.95274	4.930979	2.474051	-31.91336	2
89	6	4.586975	1.201933	-32.44339	4.571807	2.87045	-32.41239	2
89	7	4.646959	1.201933	-35.02609	4.61764	2.515073	-34.97878	3
89	8	4.541101	1.201933	-35.51564	4.548064	2.623458	-35.48619	3
89	9	1.599494	1.201933	-33.69398	1.601475	2.786525	-33.73664	0
89	10	4.111485	1.201933	-28.3982	4.136162	2.917906	-28.34991	4
89	11	5.227948	1.201933	-28.55141	5.198263	2.756155	-28.49862	4
89	12	3.793036	1.201933	-29.91504	3.784341	2.570641	-29.88661	0
89	13	2.671486	1.201933	-34.83537	2.63261	2.635835	-34.85864	0
89	14	2.53485	1.201933	-37.84347	2.495234	2.750385	-37.79145	0
89	15	7.593057	1.201933	-35.84915	7.561989	2.692733	-35.82332	0
89	16	-1.275822	1.201933	-37.79604	-1.340237	2.82058	-37.78712	0
89	17	0.3176169	1.201933	-31.05173	0.2669605	2.940318	-31.00482	0
90	1	9.258037	1.201933	-31.41718	9.24773	2.516893	-31.37918	0
90	2	3.33792	1.201933	-31.3305	3.294702	2.697336	-31.31396	0
90	3	0.8969253	1.201933	-34.19601	0.8962855	2.878004	-34.15619	0
90	4	3.501278	1.201933	-25.6121	3.478967	2.667217	-25.57275	0
90	5	4.977471	1.201933	-31.8883	4.967579	2.479198	-31.84591	2
90	6	4.558824	1.201933	-32.3764	4.551539	2.865821	-32.34015	2
90	7	4.663525	1.201933	-34.96014	4.638886	2.521762	-34.91108	3
90	8	4.557541	1.201933	-35.44709	4.573367	2.617907	-35.41777	3
90	9	1.596083	1.201933	-33.6978	1.600007	2.786619	-33.74129	0
90	10	4.114355	1.201933	-28.32526	4.1403	2.925558	-28.27557	4
90	11	5.213104	1.201933	-28.45814	5.189109	2.760865	-28.41285	4
90	12	3.785688	1.201933	-29.84243	3.779001	2.569018	-29.81583	0
90	13	2.646473	1.201933	-34.82838	2.610671	2.635778	-34.85625	0
90	14	2.541083	1.201933	-37.76881	2.509105	2.760764	-37.71426	0
90	15	7.551737	1.201933	-35.78442	7.525095	2.684494	-35.75809	0
90	16	-1.315938	1.201933	-37.72976	-1.381729	2.816306	-37.71815	0
90	17	0.3190528	1.201933	-30.99118	0.2718582	2.942624	-30.93935	0
91	1	9.260329	1.201933	-31.33052	9.254609	2.508793	-31.29619	0
91	2	3.316225	1.201933	-31.27666	3.269838	2.693502	-31.26109	0
91	3	0.8928233	1.201933	-34.15536	0.8640645	2.896684	-34.12913	0
91	4	3.494241	1.201933	-25.5334	3.477122	2.663241	-25.49607	0
91	5	4.990234	1.201933	-31.82718	4.978298	2.480054	-31.79005	2
91	6	4.530398	1.201933	-32.30828	4.533566	2.859244	-32.26394	2
91	7	4.681222	1.201933	-34.88847	4.663445	2.527829	-34.8397	3
91	8	4.574028	1.201933	-35.3784	4.597849	2.615124	-35.34864	3
91	9	1.594037	1.201933	-33.70029	1.601468	2.78666	-33.74428	0
91	10	4.120372	1.201933	-28.25175	4.131991	2.929424	-28.20376	4
91	11	5.188179	1.201933	-28.36541	5.169502	2.751271	-28.32548	4
91	12	3.776166	1.201933	-29.76914	3.773067	2.565189	-29.74071	0
91	13	2.621484	1.201933	-34.82187	2.586379	2.635755	-34.84986	0
91	14	2.547226	1.201933	-37.69415	2.522449	2.769815	-37.64437	0
91	15	7.510557	1.201933	-35.71931	7.48854	2.678142	-35.69392	0
91	16	-1.356589	1.201933	-37.6623	-1.423867	2.815093	-37.64877	0
91	17	0.3206342	1.201933	-30.92604	0.2803166	2.948929	-30.87033	0
92	1	9.262576	1.201933	-31.24387	9.260975	2.499692	-31.21283	0
92	2	3.293113	1.201933	-31.21934	3.242876	2.687916	-31.20376	0
92	3	0.8875132	1.201933	-34.117	0.8616052	2.89658	-34.09209	0
92	4	3.48788	1.201933	-25.4548	3.475068	2.655709	-25.42006	0
92	5	4.998407	1.201933	-31.76815	4.985984	2.478616	-31.73435	2
92	6	4.507155	1.201933	-32.24087	4.512437	2.86523	-32.19604	2
92	7	4.698552	1.201933	-34.81957	4.685421	2.5351	-34.775	3
92	8	4.590628	1.201933	-35.30995	4.616156	2.619462	-35.2792	3
92	9	1.592718	1.201933	-33.70206	1.603812	2.786676	-33.74609	0
92	10	4.129119	1.201933	-28.17755	4.114386	2.93311	-28.12873	4
92	11	5.154482	1.201933	-28.27324	5.142111	2.733957	-28.23766	4
92	12	3.764802	1.201933	-29.69403	3.771449	2.557832	-29.66182	0
92	13	2.59656	1.201933	-34.81696	2.5637	2.635736	-34.84603	0
92	14	2.553272	1.201933	-37.61955	2.533898	2.773521	-37.57273	0
92	15	7.469576	1.201933	-35.65387	7.452026	2.67642	-35.62934	0
92	16	-1.397669	1.201933	-37.59384	-1.464885	2.819565	-37.57501	0
92	17	0.3221299	1.201933	-30.85691	0.2896933	2.955791	-30.80387	0
92	18	3.842696	1.201933	-32.07019	3.876428	2.624926	-32.05438	0
93	1	9.264785	1.201933	-31.15721	9.266986	2.496683	-31.13062	0
93	2	3.269544	1.201933	-31.15973	3.214959	2.68388	-31.14244	0
93	3	0.8809665	1.201933	-34.08068	0.8578933	2.896495	-34.05717	0
93	4	3.482134	1.201933	-25.37628	3.473232	2.647947	-25.34377	0
93	5	5.002569	1.201933	-31.71058	4.989545	2.476312	-31.67932	2
93	6	4.489336	1.201933	-32.17375	4.498021	2.873899	-32.12649	2
93	7	4.715552	1.201933	-34.75286	4.705979	2.536317	-34.71214	3
93	8	4.607303	1.201933	-35.24173	4.635233	2.626417	-35.20866	3
93	9	1.592284	1.201933	-33.70317	1.616266	2.786706	-33.74255	0
93	10	4.140208	1.201933	-28.10277	4.126454	2.938769	-28.05562	4
93	11	5.11313	1.201933	-28.1817	5.109372	2.725616	-28.14924	4
93	12	3.751952	1.201933	-29.61744	3.765625	2.555049	-29.58161	0
93	13	2.569759	1.201933	-34.8095	2.535571	2.635699	-34.83453	0
93	14	2.559217	1.201933	-37.54507	2.544834	2.77017	-37.50229	0
93	15	7.428845	1.201933	-35.5882	7.414884	2.672317	-35.55979	0
93	16	-1.439087	1.201933	-37.5245	-1.502312	2.831045	-37.49651	0
93	17	0.3235866	1.201933	-30.78439	0.2977947	2.959451	-30.73246	0
93	18	3.867524	1.201933	-32.08166	3.900382	2.624907	-32.06971	0
94	1	9.266959	1.201933	-31.07055	9.275237	2.491821	-31.04299	0
94	2	3.245736	1.201933	-31.09827	3.190552	2.6809	-31.07908	0
94	3	0.8732148	1.201933	-34.04613	0.8526252	2.896547	-34.02412	0
94	4	3.476951	1.201933	-25.29782	3.471651	2.644901	-25.26859	0
94	5	5.003214	1.201933	-31.65391	4.989829	2.472845	-31.62481	2
94	6	4.477107	1.201933	-32.10632	4.489249	2.882313	-32.05737	2
94	7	4.732253	1.201933	-34.68788	4.725403	2.5342	-34.65033	3
94	8	4.624006	1.201933	-35.17375	4.65255	2.633296	-35.13845	3
94	9	1.592819	1.201933	-33.70368	1.638639	2.786739	-33.69492	0
94	10	4.150762	1.201933	-28.0273	4.133205	2.939437	-27.9812	4
94	11	5.067636	1.201933	-28.09122	5.079463	2.711146	-28.0452	4
94	12	3.737888	1.201933	-29.53969	3.753277	2.560335	-29.50069	0
94	13	2.541535	1.201933	-34.80005	2.507126	2.635662	-34.82145	0
94	14	2.565065	1.201933	-37.47079	2.554274	2.76474	-37.43094	0
94	15	7.388409	1.201933	-35.52233	7.382754	2.665256	-35.48601	0
94	16	-1.480766	1.201933	-37.4544	-1.533248	2.84292	-37.42487	0
94	17	0.3250538	1.201933	-30.709	0.3063841	2.955064	-30.66058	0
94	18	3.897919	1.201933	-32.09788	3.92955	2.624853	-32.09027	0
95	1	9.269104	1.201933	-30.9839	9.291575	2.483193	-30.95344	0
95	2	3.222078	1.201933	-31.03531	3.16612	2.679571	-31.01466	0
95	3	0.8643521	1.201933	-34.01337	0.8453403	2.8967	-33.99278	0
95	4	3.472277	1.201933	-25.21939	3.470699	2.642074	-25.18983	0
95	5	5.000802	1.201933	-31.59591	4.988005	2.468581	-31.56811	2
95	6	4.470406	1.201933	-32.03772	4.482222	2.88762	-31.98977	2
95	7	4.750152	1.201933	-34.61759	4.747194	2.528405	-34.58216	3
95	8	4.640708	1.201933	-35.10596	4.662277	2.637504	-35.06938	3
95	9	1.594334	1.201933	-33.70366	1.61949	2.786791	-33.66386	0
95	10	4.160064	1.201933	-27.95117	4.135412	2.936386	-27.90646	4
95	11	5.019269	1.201933	-28.00184	5.036325	2.713853	-27.94499	4
95	12	3.722886	1.201933	-29.46102	3.738486	2.56894	-29.41813	0
95	13	2.512009	1.201933	-34.78895	2.477994	2.635674	-34.80698	0
95	14	2.570867	1.201933	-37.39679	2.563322	2.757102	-37.35928	0
95	15	7.348302	1.201933	-35.45633	7.348166	2.663285	-35.41379	0
95	16	-1.52267	1.201933	-37.38365	-1.567124	2.848335	-37.35276	0
95	17	0.3265795	1.201933	-30.63121	0.3135782	2.947787	-30.58543	0
95	18	3.925548	1.201933	-32.11453	3.955359	2.624764	-32.11095	0
96	1	9.271223	1.201933	-30.89725	9.29823	2.48525	-30.86457	0
96	2	3.198908	1.201933	-30.97113	3.143094	2.680908	-30.94737	0
96	3	0.8545898	1.201933	-33.98327	0.8358266	2.896808	-33.96402	0
96	4	3.468067	1.201933	-25.141	3.475082	2.63648	-25.10926	0
96	5	4.995669	1.201933	-31.53653	4.983601	2.465296	-31.51056	2
96	6	4.468693	1.201933	-31.9669	4.465597	2.889974	-31.92252	2
96	7	4.767472	1.201933	-34.54972	4.766145	2.523165	-34.51659	3
96	8	4.657373	1.201933	-35.03833	4.660186	2.640229	-34.99923	3
96	9	1.596769	1.201933	-33.70315	1.612952	2.786854	-33.65858	0
96	10	4.167482	1.201933	-27.87443	4.134176	2.930492	-27.83145	4
96	11	4.969145	1.201933	-27.91357	4.979018	2.734737	-27.85032	4
96	12	3.707186	1.201933	-29.38166	3.717131	2.575544	-29.33837	0
96	13	2.481555	1.201933	-34.7767	2.448445	2.635679	-34.79157	0
96	14	2.576668	1.201933	-37.32315	2.571884	2.751053	-37.28895	0
96	15	7.308557	1.201933	-35.39025	7.308759	2.669676	-35.34466	0
96	16	-1.564769	1.201933	-37.31232	-1.601004	2.843634	-37.28152	0
96	17	0.3282048	1.201933	-30.55144	0.3206809	2.936642	-30.50814	0
96	18	3.949292	1.201933	-32.13226	3.976767	2.624697	-32.13362	0
97	1	9.27332	1.201933	-30.8106	9.30178	2.495207	-30.77363	0
97	2	3.176518	1.201933	-30.906	3.123132	2.686206	-30.87702	0
97	3	0.8442022	1.201933	-33.95751	0.8240182	2.89686	-33.94018	0
97	4	3.464278	1.201933	-25.0626	3.483109	2.630507	-25.02699	0
97	5	4.987844	1.201933	-31.4747	4.977253	2.463643	-31.45052	2
97	6	4.470258	1.201933	-31.89196	4.451818	2.893481	-31.84835	2
97	7	4.782428	1.201933	-34.48477	4.780834	2.519854	-34.45427	3
97	8	4.67261	1.201933	-34.97211	4.664957	2.644586	-34.93264	3
97	9	1.600013	1.201933	-33.70223	1.612034	2.786923	-33.65621	0
97	10	4.172478	1.201933	-27.79713	4.131075	2.923111	-27.75602	4
97	11	4.918219	1.201933	-27.82639	4.893483	2.746315	-27.78488	4
97	12	3.690984	1.201933	-29.30184	3.678064	2.579079	-29.26557	0
97	13	2.44786	1.201933	-34.75871	2.415129	2.635636	-34.76748	0
97	14	2.582511	1.201933	-37.24992	2.580197	2.74978	-37.21893	0
97	15	7.270259	1.201933	-35.32512	7.269241	2.679454	-35.27672	0
97	16	-1.607037	1.201933	-37.2405	-1.636805	2.834692	-37.21035	0
97	17	0.3299641	1.201933	-30.47005	0.3272817	2.927816	-30.43124	0
97	18	3.968122	1.201933	-32.15079	3.992515	2.624749	-32.15705	0
97	19	5.823199	1.201933	-33.98739	5.793713	2.951554	-33.94174	0
98	1	9.275398	1.201933	-30.72395	9.300897	2.505041	-30.68359	0
98	2	3.155158	1.201933	-30.84015	3.107319	2.694457	-30.80583	0
98	3	0.8335543	1.201933	-33.93702	0.8108872	2.896795	-33.92031	0
98	4	3.46087	1.201933	-24.98419	3.481452	2.634935	-24.94704	0
98	5	4.977748	1.201933	-31.41048	4.96936	2.460515	-31.38534	2
98	6	4.476034	1.201933	-31.81845	4.459285	2.897648	-31.77584	2
98	7	4.796844	1.201933	-34.4156	4.79745	2.516657	-34.38807	3
98	8	4.686531	1.201933	-34.90705	4.677096	2.647344	-34.86874	3
98	9	1.603911	1.201933	-33.70094	1.613203	2.786977	-33.65423	0
98	10	4.174615	1.201933	-27.71933	4.12667	2.91462	-27.67827	4
98	11	4.867291	1.201933	-27.74029	4.828815	2.757668	-27.71348	4
98	12	3.674471	1.201933	-29.22172	3.651742	2.584594	-29.18999	0
98	13	2.413568	1.201933	-34.74104	2.382899	2.63556	-34.74776	0
98	14	2.588441	1.201933	-37.17717	2.589631	2.746856	-37.14534	0
98	15	7.233325	1.201933	-35.26086	7.229148	2.687103	-35.21255	0
98	16	-1.649452	1.201933	-37.16825	-1.673318	2.823982	-37.13848	0
98	17	0.3318801	1.201933	-30.38735	0.3343558	2.924376	-30.35209	0
98	18	3.978905	1.201933	-32.16692	3.999444	2.624879	-32.17824	0
98	19	5.832612	1.201933	-33.96478	5.803756	2.951526	-33.91945	0
99	1	9.27746	1.201933	-30.6373	9.279631	2.509912	-30.59845	0
99	2	3.135033	1.201933	-30.77375	3.094977	2.701707	-30.73998	0
99	3	0.8230025	1.201933	-33.92234	0.796642	2.896709	-33.90806	0
99	4	3.45781	1.201933	-24.90576	3.48012	2.643672	-24.86504	0
99	5	4.965761	1.201933	-31.34394	4.962967	2.455833	-31.31673	2
99	6	4.486159	1.201933	-31.74586	4.468306	2.897608	-31.70298	2
99	7	4.809259	1.201933	-34.34954	4.810196	2.516299	-34.32215	3
99	8	4.699237	1.201933	-34.843	4.686364	2.647585	-34.80507	3
99	9	1.608281	1.201933	-33.69928	1.615255	2.786981	-33.65222	0
99	10	4.17357	1.201933	-27.64109	4.118347	2.908529	-27.59701	4
99	11	4.817012	1.201933	-27.65522	4.775031	2.756054	-27.6356	4
99	12	3.65781	1.201933	-29.14146	3.633823	2.586613	-29.11168	0
99	13	2.376759	1.201933	-34.7183	2.349626	2.624903	-34.69653	0
99	14	2.594498	1.201933	-37.10493	2.603777	2.741887	-37.07215	0
99	15	7.19767	1.201933	-35.19743	7.181149	2.690989	-35.15891	0
99	16	-1.691994	1.201933	-37.09563	-1.709387	2.819385	-37.06768	0
99	17	0.3339395	1.201933	-30.30363	0.3466255	2.916808	-30.26656	0
99	18	3.977621	1.201933	-32.17589	3.984618	2.624965	-32.19732	0
99	19	5.845814	1.201933	-33.93307	5.818068	2.951499	-33.8886	0
100	1	9.279507	1.201933	-30.55065	9.264806	2.516103	-30.5141	0
100	2	3.116312	1.201933	-30.70695	3.081796	2.705799	-30.67262	0
100	3	0.8128325	1.201933	-33.91363	0.781912	2.896644	-33.90583	0
100	4	3.455066	1.201933	-24.82728	3.47625	2.652099	-24.78394	0
100	5	5.034571	1.201933	-31.27768	5.078671	2.433769	-31.27773	2
100	6	4.500728	1.201933	-31.67326	4.479483	2.894217	-31.62927	2
100	7	4.820001	1.201933	-34.28588	4.823789	2.514629	-34.25806	3
100	8	4.710819	1.201933	-34.7798	4.69311	2.646084	-34.74236	3
100	9	1.612934	1.201933	-33.69723	1.617473	2.786956	-33.64998	0
100	10	4.169121	1.201933	-27.56251	4.112077	2.904823	-27.51799	4
100	11	4.767883	1.201933	-27.57116	4.7177	2.745843	-27.56016	4
100	12	3.641144	1.201933	-29.06124	3.612963	2.584549	-29.03403	0
100	13	2.337888	1.201933	-34.69119	2.310562	2.624907	-34.67085	0
100	14	2.60072	1.201933	-37.03325	2.620765	2.736811	-36.99835	0
100	15	7.163208	1.201933	-35.13477	7.128955	2.694708	-35.10845	0
100	16	-1.734646	1.201933	-37.02269	-1.747372	2.814797	-36.9914	0
100	17	0.3361311	1.201933	-30.21912	0.3676063	2.905958	-30.17776	0
100	18	3.966767	1.201933	-32.17819	3.949434	2.625005	-32.19236	0
100	19	5.862265	1.201933	-33.89351	5.872947	2.925567	-33.85748	0
101	1	9.281541	1.201933	-30.464	9.264877	2.518657	-30.42961	0
101	2	3.099016	1.201933	-30.63999	3.070584	2.70339	-30.60714	0
101	3	0.8032446	1.201933	-33.91059	0.769883	2.89657	-33.91658	0
101	4	3.452611	1.201933	-24.74876	3.459258	2.656513	-24.70766	0
101	5	5.086392	1.201933	-31.21346	5.12637	2.448983	-31.20184	2
101	6	4.548465	1.201933	-31.59543	4.533603	2.878656	-31.54316	2
101	7	4.829337	1.201933	-34.22405	4.8388	2.511326	-34.19527	3
101	8	4.721361	1.201933	-34.71734	4.698533	2.643281	-34.68008	3
101	9	1.617701	1.201933	-33.69474	1.61921	2.786927	-33.64748	0
101	10	4.161158	1.201933	-27.48367	4.101555	2.904761	-27.43903	4
101	11	4.720277	1.201933	-27.48806	4.662845	2.732799	-27.47993	4
101	12	3.624592	1.201933	-28.98119	3.590457	2.579537	-28.95654	0
101	13	2.297368	1.201933	-34.66026	2.265127	2.625356	-34.6471	0
101	14	2.607146	1.201933	-36.96215	2.628687	2.740508	-36.92644	0
101	15	7.129855	1.201933	-35.07285	7.096634	2.69946	-35.04791	0
101	16	-1.777394	1.201933	-36.94946	-1.779327	2.805662	-36.90863	0
101	17	0.3384451	1.201933	-30.13404	0.3736031	2.91122	-30.09006	0
101	18	3.948601	1.201933	-32.1737	3.925385	2.624946	-32.17871	0
101	19	5.881484	1.201933	-33.84715	5.901397	2.924374	-33.81202	0
102	1	9.283565	1.201933	-30.37735	9.261396	2.515995	-30.34496	0
102	2	3.083314	1.201933	-30.57299	3.059162	2.699948	-30.54052	0
102	3	0.7943296	1.201933	-33.91256	0.7676148	2.8965	-33.9366	0
102	4	3.450423	1.201933	-24.67017	3.432182	2.660485	-24.63197	0
102	5	5.124821	1.201933	-31.1504	5.159947	2.460829	-31.12967	2
102	6	4.602026	1.201933	-31.51525	4.582487	2.861188	-31.45578	2
102	7	4.837495	1.201933	-34.16358	4.850196	2.511182	-34.13392	3
102	8	4.730945	1.201933	-34.65552	4.703236	2.639998	-34.61917	3
102	9	1.622431	1.201933	-33.69176	1.620229	2.786893	-33.64475	0
102	10	4.149665	1.201933	-27.40463	4.091055	2.911127	-27.35716	4
102	11	4.674449	1.201933	-27.40588	4.608597	2.724547	-27.39319	4
102	12	3.608264	1.201933	-28.90144	3.56871	2.573205	-28.87873	0
102	13	2.25557	1.201933	-34.626	2.219984	2.626991	-34.61649	0
102	14	2.613809	1.201933	-36.89166	2.637563	2.747763	-36.8534	0
102	15	7.097527	1.201933	-35.01164	7.062963	2.700585	-34.98838	0
102	16	-1.820233	1.201933	-36.87601	-1.814538	2.802522	-36.82676	0
102	17	0.3408735	1.201933	-30.04857	0.3779308	2.924404	-29.99899	0
102	18	3.925101	1.201933	-32.16223	3.899816	2.624874	-32.16212	0
102	19	5.903046	1.201933	-33.7949	5.9309	2.92597	-33.75953	0
103	1	9.285579	1.201933	-30.29071	9.256176	2.509842	-30.26022	0
103	2	3.069349	1.201933	-30.50599	3.049149	2.694164	-30.47457	0
103	3	0.7857289	1.201933	-33.91851	0.770496	2.896463	-33.95321	0
103	4	3.44848	1.201933	-24.59152	3.430588	2.665576	-24.55549	0
103	5	5.15277	1.201933	-31.08769	5.181286	2.46784	-31.06054	2
103	6	4.650722	1.201933	-31.43471	4.628948	2.853749	-31.36689	2
103	7	4.844674	1.201933	-34.10407	4.857692	2.514635	-34.07361	3
103	8	4.739713	1.201933	-34.5942	4.708019	2.636381	-34.55785	3
103	9	1.626989	1.201933	-33.68731	1.615261	2.786868	-33.64208	0
103	10	4.134717	1.201933	-27.32548	4.082376	2.924212	-27.27356	4
103	11	4.630553	1.201933	-27.32458	4.563531	2.722836	-27.30754	4
103	12	3.592261	1.201933	-28.82208	3.548263	2.566253	-28.79861	0
103	13	2.213372	1.201933	-34.58673	2.177615	2.62831	-34.57561	0
103	14	2.625091	1.201933	-36.821	2.652829	2.755264	-36.78163	0
103	15	7.066139	1.201933	-34.95111	7.02866	2.69942	-34.9307	0
103	16	-1.864002	1.201933	-36.80233	-1.858658	2.811809	-36.74821	0
103	17	0.3434092	1.201933	-29.96288	0.3749145	2.936165	-29.90964	0
103	18	3.897732	1.201933	-32.14391	3.87106	2.62482	-32.14046	0
103	19	5.92658	1.201933	-33.7375	5.959374	2.928609	-33.70103	0
103	20	1.61208	1.201933	-37.06476	1.593316	2.719376	-37.04287	5
104	1	9.287584	1.201933	-30.20406	9.252276	2.501917	-30.17384	0
104	2	3.057214	1.201933	-30.43903	3.040619	2.688335	-30.40829	0
104	3	0.7774536	1.201933	-33.92727	0.7709063	2.896369	-33.9663	0
104	4	3.446764	1.201933	-24.51279	3.426178	2.665904	-24.47805	0
104	5	5.172532	1.201933	-31.02469	5.186599	2.470979	-30.99314	2
104	6	4.694299	1.201933	-31.35485	4.671668	2.854057	-31.28547	2
104	7	4.851042	1.201933	-34.04523	4.865377	2.519372	-34.01305	3
104	8	4.747681	1.201933	-34.53334	4.712808	2.632606	-34.49615	3
104	9	1.631252	1.201933	-33.68147	1.612571	2.786865	-33.63912	0
104	10	4.109557	1.201933	-27.24627	4.063428	2.936374	-27.20177	4
104	11	4.58856	1.201933	-27.2441	4.52228	2.730459	-27.21991	4
104	12	3.576681	1.201933	-28.74316	3.528193	2.561863	-28.71605	0
104	13	2.170894	1.201933	-34.54319	2.133878	2.628116	-34.53194	0
104	14	2.640326	1.201933	-36.74997	2.665529	2.760351	-36.71046	0
104	15	7.035608	1.201933	-34.89124	6.994081	2.696424	-34.87346	0
104	16	-1.908519	1.201933	-36.72846	-1.906438	2.824557	-36.67043	0
104	17	0.3460459	1.201933	-29.87712	0.3442742	2.941994	-29.82595	0
104	18	3.867111	1.201933	-32.11954	3.83903	2.624757	-32.11423	0
104	19	5.951762	1.201933	-33.67561	5.977661	2.930062	-33.63666	0
104	20	1.609087	1.201933	-37.0076	1.610855	2.704657	-36.97026	5
104	21	1.617455	1.201933	-37.16481	1.644771	2.528381	-37.1934	5
105	1	9.289583	1.201933	-30.11741	9.249001	2.494373	-30.08334	0
105	2	3.046963	1.201933	-30.3721	3.033701	2.685	-30.34305	0
105	3	0.7694885	1.201933	-33.93765	0.7683337	2.896313	-33.97891	0
105	4	3.445261	1.201933	-24.43398	3.419389	2.662841	-24.40053	0
105	5	5.185899	1.201933	-30.96089	5.180136	2.473273	-30.92625	2
105	6	4.731983	1.201933	-31.27546	4.710899	2.863359	-31.20475	2
105	7	4.85814	1.201933	-33.98023	4.877455	2.522038	-33.94561	3
105	8	4.754936	1.201933	-34.4728	4.716463	2.630135	-34.43322	3
105	9	1.635148	1.201933	-33.6744	1.611684	2.786864	-33.63506	0
105	10	4.074476	1.201933	-27.16707	4.034456	2.938309	-27.1273	4
105	11	4.548289	1.201933	-27.16435	4.489605	2.747417	-27.12971	4
105	12	3.561614	1.201933	-28.66474	3.513234	2.559835	-28.63545	0
105	13	2.128247	1.201933	-34.49599	2.08919	2.626436	-34.48643	0
105	14	2.658924	1.201933	-36.67848	2.665526	2.763105	-36.63715	0
105	15	7.005848	1.201933	-34.83203	6.960836	2.692719	-34.81758	0
105	16	-1.953627	1.201933	-36.65443	-1.966412	2.831885	-36.60627	0
105	17	0.3487698	1.201933	-29.79136	0.3296501	2.950141	-29.74323	0
105	18	3.833747	1.201933	-32.08984	3.797051	2.619738	-32.0834	0
105	19	5.978315	1.201933	-33.60978	5.982014	2.931648	-33.56319	0
105	20	1.60452	1.201933	-36.91999	1.584663	2.699392	-36.87999	5
105	21	1.621031	1.201933	-37.22808	1.652812	2.523479	-37.25552	5
106	1	9.291575	1.201933	-30.03077	9.250416	2.490094	-29.99276	0
106	2	3.038481	1.201933	-30.30531	3.028193	2.684233	-30.27728	0
106	3	0.7617992	1.201933	-33.94854	0.7638932	2.89633	-33.99108	0
106	4	3.44396	1.201933	-24.35508	3.411841	2.657486	-24.32334	0
106	5	5.194272	1.201933	-30.89592	5.184045	2.476728	-30.86267	2
106	6	4.764287	1.201933	-31.19687	4.750478	2.880174	-31.12658	2
106	7	4.864399	1.201933	-33.91686	4.880626	2.526705	-33.88139	3
106	8	4.761569	1.201933	-34.41243	4.722568	2.628421	-34.37194	3
106	9	1.63841	1.201933	-33.66586	1.61017	2.78686	-33.63022	0
106	10	4.0306	1.201933	-27.08792	3.996994	2.929628	-27.05098	4
106	11	4.509449	1.201933	-27.08524	4.463634	2.76187	-27.05	4
106	12	3.547145	1.201933	-28.58686	3.498738	2.561137	-28.5552	0
106	13	2.085763	1.201933	-34.44608	2.043602	2.623152	-34.43869	0
106	14	2.680362	1.201933	-36.60653	2.674632	2.767656	-36.56331	0
106	15	6.976775	1.201933	-34.77346	6.928364	2.688656	-34.76089	0
106	16	-1.999187	1.201933	-36.5803	-2.039118	2.838146	-36.55236	0
106	17	0.3515534	1.201933	-29.70558	0.3295094	2.952766	-29.66001	0
106	18	3.79809	1.201933	-32.05546	3.759018	2.61775	-32.05012	0
106	19	6.006001	1.201933	-33.54047	6.003697	2.93621	-33.49308	0
106	20	1.599262	1.201933	-36.81885	1.577332	2.700954	-36.78192	5
106	21	1.624527	1.201933	-37.28522	1.658991	2.522312	-37.31193	5
107	1	9.293563	1.201933	-29.94412	9.252146	2.489685	-29.90361	0
107	2	3.031784	1.201933	-30.23861	3.025234	2.681598	-30.20864	0
107	3	0.7543503	1.201933	-33.95892	0.7580221	2.896434	-34.00241	0
107	4	3.442856	1.201933	-24.27608	3.405343	2.650958	-24.24468	0
107	5	5.199009	1.201933	-30.8275	5.185171	2.477499	-30.79507	2
107	6	4.790305	1.201933	-31.11879	4.779206	2.894202	-31.05853	2
107	7	4.869968	1.201933	-33.85474	4.875162	2.529097	-33.82016	3
107	8	4.767663	1.201933	-34.35213	4.72769	2.627669	-34.31144	3
107	9	1.640751	1.201933	-33.65559	1.608157	2.786891	-33.62418	0
107	10	3.979676	1.201933	-27.00881	3.953459	2.912238	-26.97347	4
107	11	4.47167	1.201933	-27.00665	4.43644	2.762368	-26.97211	4
107	12	3.533349	1.201933	-28.50954	3.487724	2.56747	-28.47338	0
107	13	2.043833	1.201933	-34.39447	1.999069	2.619148	-34.39021	0
107	14	2.704188	1.201933	-36.53421	2.698168	2.770519	-36.49195	0
107	15	6.948305	1.201933	-34.71553	6.896771	2.684343	-34.70341	0
107	16	-2.045074	1.201933	-36.50607	-2.083728	2.8441	-36.48137	0
107	17	0.3543749	1.201933	-29.61979	0.3249283	2.948942	-29.57662	0
107	18	3.760698	1.201933	-32.01699	3.718994	2.614778	-32.01319	0
107	19	6.034648	1.201933	-33.46808	6.029809	2.937335	-33.42088	0
107	20	1.594049	1.201933	-36.71825	1.561952	2.69374	-36.68554	5
107	21	1.627321	1.201933	-37.32343	1.656859	2.538573	-37.34626	5
108	1	9.295546	1.201933	-29.85747	9.257725	2.49615	-29.8125	0
108	2	3.026856	1.201933	-30.17197	3.027921	2.677145	-30.13981	0
108	3	0.7471148	1.201933	-33.96799	0.750441	2.89657	-34.01249	0
108	4	3.441942	1.201933	-24.19699	3.40001	2.644019	-24.16339	0
108	5	5.200778	1.201933	-30.75591	5.182017	2.476159	-30.72476	2
108	6	4.810952	1.201933	-31.04155	4.801652	2.898663	-30.98792	2
108	7	4.874974	1.201933	-33.79358	4.864026	2.531246	-33.75925	3
108	8	4.773294	1.201933	-34.29179	4.733017	2.628384	-34.25018	3
108	9	1.642029	1.201933	-33.64347	1.606164	2.786889	-33.61588	0
108	10	3.923831	1.201933	-26.92973	3.908097	2.901545	-26.89744	4
108	11	4.434556	1.201933	-26.92847	4.406528	2.756211	-26.89451	4
108	12	3.520292	1.201933	-28.43279	3.481211	2.577829	-28.39213	0
108	13	2.00272	1.201933	-34.34205	1.95503	2.614804	-34.33978	0
108	14	2.730028	1.201933	-36.46164	2.720824	2.769557	-36.41911	0
108	15	6.920356	1.201933	-34.65824	6.864239	2.681622	-34.64523	0
108	16	-2.091182	1.201933	-36.4318	-2.133039	2.84256	-36.41209	0
108	17	0.3572169	1.201933	-29.53399	0.3183902	2.940834	-29.49327	0
108	18	3.721917	1.201933	-31.97497	3.677943	2.611103	-31.97356	0
108	19	6.064127	1.201933	-33.39291	6.053281	2.934145	-33.34526	0
108	20	1.589446	1.201933	-36.62861	1.549586	2.688645	-36.598	5
108	21	1.629539	1.201933	-37.34473	1.661102	2.538591	-37.366	5
109	1	9.297524	1.201933	-29.77083	9.268792	2.508928	-29.72286	0
109	2	3.02354	1.201933	-30.10545	3.033813	2.673114	-30.07043	0
109	3	0.7400814	1.201933	-33.97522	0.7406658	2.896672	-34.02094	0
109	4	3.441216	1.201933	-24.11779	3.396264	2.639588	-24.07995	0
109	5	5.206264	1.201933	-30.67692	5.183372	2.470957	-30.6452	2
109	6	4.82696	1.201933	-30.96522	4.819214	2.895022	-30.9174	2
109	7	4.879475	1.201933	-33.73301	4.867149	2.534671	-33.69969	3
109	8	4.778151	1.201933	-34.23085	4.739129	2.631111	-34.18756	3
109	9	1.642251	1.201933	-33.62951	1.60427	2.786867	-33.60494	0
109	10	3.871385	1.201933	-26.85064	3.864586	2.894373	-26.81148	4
109	11	4.397791	1.201933	-26.85063	4.375943	2.745243	-26.81756	4
109	12	3.508022	1.201933	-28.35661	3.476776	2.586705	-28.31847	0
109	13	1.962602	1.201933	-34.28959	1.911948	2.610384	-34.28793	0
109	14	2.757566	1.201933	-36.3889	2.742971	2.76535	-36.34488	0
109	15	6.892793	1.201933	-34.5993	6.835674	2.67865	-34.5839	0
109	16	-2.137418	1.201933	-36.35751	-2.185793	2.835775	-36.34405	0
109	17	0.3600658	1.201933	-29.44817	0.3136748	2.930525	-29.40761	0
109	18	3.682225	1.201933	-31.92987	3.635526	2.606786	-31.93007	0
109	19	6.094263	1.201933	-33.31502	6.074786	2.926585	-33.26588	0
109	20	1.585428	1.201933	-36.5493	1.541767	2.685919	-36.51759	5
109	21	1.631282	1.201933	-37.35111	1.666947	2.538615	-37.3661	5
109	22	6.979889	1.201933	-37.1104	6.936566	2.983853	-37.08282	6
110	1	9.2995	1.201933	-29.68418	9.279366	2.519543	-29.64035	0
110	2	3.021801	1.201933	-30.03899	3.034348	2.675885	-30.00346	0
110	3	0.733255	1.201933	-33.98029	0.7280723	2.896773	-34.02676	0
110	4	3.440675	1.201933	-24.03849	3.39588	2.637391	-23.99868	0
110	5	5.215209	1.201933	-30.59111	5.186509	2.462395	-30.55968	2
110	6	4.837083	1.201933	-30.88921	4.829245	2.888221	-30.84614	2
110	7	4.883615	1.201933	-33.67289	4.869734	2.536013	-33.64002	3
110	8	4.782387	1.201933	-34.16939	4.746962	2.636435	-34.12378	3
110	9	1.641614	1.201933	-33.61391	1.602466	2.786868	-33.59128	0
110	10	3.822366	1.201933	-26.77153	3.832385	2.882706	-26.71579	4
110	11	4.361143	1.201933	-26.77305	4.345359	2.737386	-26.74246	4
110	12	3.496572	1.201933	-28.281	3.47111	2.58996	-28.24437	0
110	13	1.923576	1.201933	-34.23769	1.868425	2.607853	-34.23573	0
110	14	2.786542	1.201933	-36.31609	2.765704	2.75919	-36.27105	0
110	15	6.865526	1.201933	-34.53911	6.807454	2.677098	-34.52246	0
110	16	-2.1837	1.201933	-36.28321	-2.238413	2.826367	-36.27523	0
110	17	0.3629118	1.201933	-29.36234	0.309691	2.920807	-29.31665	0
110	18	3.641889	1.201933	-31.88214	3.592232	2.601745	-31.88288	0
110	19	6.124991	1.201933	-33.23477	6.097237	2.91608	-33.18374	0
110	20	1.581967	1.201933	-36.47952	1.534676	2.687129	-36.44504	5
110	21	1.632634	1.201933	-37.34447	1.606255	2.538635	-37.31547	5
110	22	6.984609	1.201933	-37.0508	6.954031	2.973746	-37.00023	6
110	23	6.972103	1.201933	-37.20735	6.980578	2.48605	-37.23349	6
111	1	9.301472	1.201933	-29.59754	9.281336	2.519543	-29.5537	0
111	2	3.021477	1.201933	-29.97266	3.034776	2.675885	-29.9374	0
111	3	0.7265743	1.201933	-33.98372	0.7138168	2.896773	-34.02869	0
111	4	3.440313	1.201933	-23.95908	3.395608	2.637391	-23.91917	0
111	5	5.226711	1.201933	-30.49955	5.19868	2.462395	-30.46752	2
111	6	4.84288	1.201933	-30.8136	4.832649	2.888221	-30.77104	2
111	7	4.887475	1.201933	-33.613	4.87345	2.536013	-33.5802	3
111	8	4.786124	1.201933	-34.10744	4.750309	2.636435	-34.06213	3
111	9	1.640437	1.201933	-33.59703	1.600654	2.786868	-33.57553	0
111	10	3.776738	1.201933	-26.6924	3.788518	2.882706	-26.637	4
111	11	4.324445	1.201933	-26.69565	4.308617	2.737386	-26.66508	4
111	12	3.485964	1.201933	-28.20593	3.460865	2.58996	-28.16905	0
111	13	1.885661	1.201933	-34.18691	1.830517	2.607853	-34.18474	0
111	14	2.816742	1.201933	-36.24327	2.796552	2.75919	-36.19793	0
111	15	6.838475	1.201933	-34.478	6.780548	2.677098	-34.46085	0
111	16	-2.229956	1.201933	-36.20893	-2.284668	2.826367	-36.20095	0
111	17	0.3657475	1.201933	-29.27649	0.312521	2.920807	-29.23081	0
111	18	3.601326	1.201933	-31.83214	3.551664	2.601745	-31.83188	0
111	19	6.15624	1.201933	-33.15244	6.128335	2.91608	-33.10148	0
111	20	1.579036	1.201933	-36.41826	1.531805	2.687129	-36.38371	5
111	21	1.633749	1.201933	-37.32615	1.603574	2.538635	-37.30112	5
111	22	6.991827	1.201933	-36.95967	6.96125	2.973746	-36.9091	6
111	23	6.967251	1.201933	-37.26626	6.975684	2.48605	-37.29242	6
